INTERVALSTARTTIME_GMT,INTERVALENDTIME_GMT,OPR_DT,OPR_HR,NODE_ID_XML,NODE_ID,NODE,MARKET_RUN_ID,LMP_TYPE,XML_DATA_ITEM,PNODE_RESMRID,GRP_TYPE,POS,MW,OPR_INTERVAL,GROUP
2012-11-11T00:00:00-00:00,2012-11-11T00:15:00-00:00,2012-11-10,17,LAPLMG1_7_B2,LAPLMG1_7_B2,LAPLMG1_7_B2,HASP,LMP,LMP_PRC,LAPLMG1_7_B2,ALL,1,27.07217,1,1
2012-11-11T01:00:00-00:00,2012-11-11T01:15:00-00:00,2012-11-10,18,LAPLMG1_7_B2,LAPLMG1_7_B2,LAPLMG1_7_B2,HASP,LMP,LMP_PRC,LAPLMG1_7_B2,ALL,1,36.9193,1,1
2012-11-11T02:00:00-00:00,2012-11-11T02:15:00-00:00,2012-11-10,19,LAPLMG1_7_B2,LAPLMG1_7_B2,LAPLMG1_7_B2,HASP,LMP,LMP_PRC,LAPLMG1_7_B2,ALL,1,56.5353,1,1
2012-11-11T03:00:00-00:00,2012-11-11T03:15:00-00:00,2012-11-10,20,LAPLMG1_7_B2,LAPLMG1_7_B2,LAPLMG1_7_B2,HASP,LMP,LMP_PRC,LAPLMG1_7_B2,ALL,1,353.5757,1,1
2012-11-11T04:00:00-00:00,2012-11-11T04:15:00-00:00,2012-11-10,21,LAPLMG1_7_B2,LAPLMG1_7_B2,LAPLMG1_7_B2,HASP,LMP,LMP_PRC,LAPLMG1_7_B2,ALL,1,35.49227,1,1
2012-11-11T05:00:00-00:00,2012-11-11T05:15:00-00:00,2012-11-10,22,LAPLMG1_7_B2,LAPLMG1_7_B2,LAPLMG1_7_B2,HASP,LMP,LMP_PRC,LAPLMG1_7_B2,ALL,1,36.94772,1,1
2012-11-11T06:00:00-00:00,2012-11-11T06:15:00-00:00,2012-11-10,23,LAPLMG1_7_B2,LAPLMG1_7_B2,LAPLMG1_7_B2,HASP,LMP,LMP_PRC,LAPLMG1_7_B2,ALL,1,33.52108,1,1
2012-11-11T07:00:00-00:00,2012-11-11T07:15:00-00:00,2012-11-10,24,LAPLMG1_7_B2,LAPLMG1_7_B2,LAPLMG1_7_B2,HASP,LMP,LMP_PRC,LAPLMG1_7_B2,ALL,1,26.22459,1,1
2012-11-11T00:15:00-00:00,2012-11-11T00:30:00-00:00,2012-11-10,17,LAPLMG1_7_B2,LAPLMG1_7_B2,LAPLMG1_7_B2,HASP,LMP,LMP_PRC,LAPLMG1_7_B2,ALL,1,28.38479,2,1
2012-11-11T01:15:00-00:00,2012-11-11T01:30:00-00:00,2012-11-10,18,LAPLMG1_7_B2,LAPLMG1_7_B2,LAPLMG1_7_B2,HASP,LMP,LMP_PRC,LAPLMG1_7_B2,ALL,1,38.84514,2,1
2012-11-11T02:15:00-00:00,2012-11-11T02:30:00-00:00,2012-11-10,19,LAPLMG1_7_B2,LAPLMG1_7_B2,LAPLMG1_7_B2,HASP,LMP,LMP_PRC,LAPLMG1_7_B2,ALL,1,40.44605,2,1
2012-11-11T03:15:00-00:00,2012-11-11T03:30:00-00:00,2012-11-10,20,LAPLMG1_7_B2,LAPLMG1_7_B2,LAPLMG1_7_B2,HASP,LMP,LMP_PRC,LAPLMG1_7_B2,ALL,1,56.43636,2,1
2012-11-11T04:15:00-00:00,2012-11-11T04:30:00-00:00,2012-11-10,21,LAPLMG1_7_B2,LAPLMG1_7_B2,LAPLMG1_7_B2,HASP,LMP,LMP_PRC,LAPLMG1_7_B2,ALL,1,32.84701,2,1
2012-11-11T05:15:00-00:00,2012-11-11T05:30:00-00:00,2012-11-10,22,LAPLMG1_7_B2,LAPLMG1_7_B2,LAPLMG1_7_B2,HASP,LMP,LMP_PRC,LAPLMG1_7_B2,ALL,1,31.20082,2,1
2012-11-11T06:15:00-00:00,2012-11-11T06:30:00-00:00,2012-11-10,23,LAPLMG1_7_B2,LAPLMG1_7_B2,LAPLMG1_7_B2,HASP,LMP,LMP_PRC,LAPLMG1_7_B2,ALL,1,29.14575,2,1
2012-11-11T07:15:00-00:00,2012-11-11T07:30:00-00:00,2012-11-10,24,LAPLMG1_7_B2,LAPLMG1_7_B2,LAPLMG1_7_B2,HASP,LMP,LMP_PRC,LAPLMG1_7_B2,ALL,1,28.66389,2,1
2012-11-11T00:30:00-00:00,2012-11-11T00:45:00-00:00,2012-11-10,17,LAPLMG1_7_B2,LAPLMG1_7_B2,LAPLMG1_7_B2,HASP,LMP,LMP_PRC,LAPLMG1_7_B2,ALL,1,33.58519,3,1
2012-11-11T01:30:00-00:00,2012-11-11T01:45:00-00:00,2012-11-10,18,LAPLMG1_7_B2,LAPLMG1_7_B2,LAPLMG1_7_B2,HASP,LMP,LMP_PRC,LAPLMG1_7_B2,ALL,1,38.81895,3,1
2012-11-11T02:30:00-00:00,2012-11-11T02:45:00-00:00,2012-11-10,19,LAPLMG1_7_B2,LAPLMG1_7_B2,LAPLMG1_7_B2,HASP,LMP,LMP_PRC,LAPLMG1_7_B2,ALL,1,41.03373,3,1
2012-11-11T03:30:00-00:00,2012-11-11T03:45:00-00:00,2012-11-10,20,LAPLMG1_7_B2,LAPLMG1_7_B2,LAPLMG1_7_B2,HASP,LMP,LMP_PRC,LAPLMG1_7_B2,ALL,1,45.51351,3,1
2012-11-11T04:30:00-00:00,2012-11-11T04:45:00-00:00,2012-11-10,21,LAPLMG1_7_B2,LAPLMG1_7_B2,LAPLMG1_7_B2,HASP,LMP,LMP_PRC,LAPLMG1_7_B2,ALL,1,28.31711,3,1
2012-11-11T05:30:00-00:00,2012-11-11T05:45:00-00:00,2012-11-10,22,LAPLMG1_7_B2,LAPLMG1_7_B2,LAPLMG1_7_B2,HASP,LMP,LMP_PRC,LAPLMG1_7_B2,ALL,1,29.24831,3,1
2012-11-11T06:30:00-00:00,2012-11-11T06:45:00-00:00,2012-11-10,23,LAPLMG1_7_B2,LAPLMG1_7_B2,LAPLMG1_7_B2,HASP,LMP,LMP_PRC,LAPLMG1_7_B2,ALL,1,28.40883,3,1
2012-11-11T07:30:00-00:00,2012-11-11T07:45:00-00:00,2012-11-10,24,LAPLMG1_7_B2,LAPLMG1_7_B2,LAPLMG1_7_B2,HASP,LMP,LMP_PRC,LAPLMG1_7_B2,ALL,1,28.60755,3,1
2012-11-11T00:45:00-00:00,2012-11-11T01:00:00-00:00,2012-11-10,17,LAPLMG1_7_B2,LAPLMG1_7_B2,LAPLMG1_7_B2,HASP,LMP,LMP_PRC,LAPLMG1_7_B2,ALL,1,46.62539,4,1
2012-11-11T01:45:00-00:00,2012-11-11T02:00:00-00:00,2012-11-10,18,LAPLMG1_7_B2,LAPLMG1_7_B2,LAPLMG1_7_B2,HASP,LMP,LMP_PRC,LAPLMG1_7_B2,ALL,1,38.77065,4,1
2012-11-11T02:45:00-00:00,2012-11-11T03:00:00-00:00,2012-11-10,19,LAPLMG1_7_B2,LAPLMG1_7_B2,LAPLMG1_7_B2,HASP,LMP,LMP_PRC,LAPLMG1_7_B2,ALL,1,40.0656,4,1
2012-11-11T03:45:00-00:00,2012-11-11T04:00:00-00:00,2012-11-10,20,LAPLMG1_7_B2,LAPLMG1_7_B2,LAPLMG1_7_B2,HASP,LMP,LMP_PRC,LAPLMG1_7_B2,ALL,1,42.95941,4,1
2012-11-11T04:45:00-00:00,2012-11-11T05:00:00-00:00,2012-11-10,21,LAPLMG1_7_B2,LAPLMG1_7_B2,LAPLMG1_7_B2,HASP,LMP,LMP_PRC,LAPLMG1_7_B2,ALL,1,25.53152,4,1
2012-11-11T05:45:00-00:00,2012-11-11T06:00:00-00:00,2012-11-10,22,LAPLMG1_7_B2,LAPLMG1_7_B2,LAPLMG1_7_B2,HASP,LMP,LMP_PRC,LAPLMG1_7_B2,ALL,1,25.48942,4,1
2012-11-11T06:45:00-00:00,2012-11-11T07:00:00-00:00,2012-11-10,23,LAPLMG1_7_B2,LAPLMG1_7_B2,LAPLMG1_7_B2,HASP,LMP,LMP_PRC,LAPLMG1_7_B2,ALL,1,25.54264,4,1
2012-11-11T07:45:00-00:00,2012-11-11T08:00:00-00:00,2012-11-10,24,LAPLMG1_7_B2,LAPLMG1_7_B2,LAPLMG1_7_B2,HASP,LMP,LMP_PRC,LAPLMG1_7_B2,ALL,1,26.90814,4,1
2012-11-11T00:00:00-00:00,2012-11-11T00:15:00-00:00,2012-11-10,17,LAPLMG1_7_B2,LAPLMG1_7_B2,LAPLMG1_7_B2,HASP,MCC,LMP_CONG_PRC,LAPLMG1_7_B2,ALL,1,0,1,2
2012-11-11T01:00:00-00:00,2012-11-11T01:15:00-00:00,2012-11-10,18,LAPLMG1_7_B2,LAPLMG1_7_B2,LAPLMG1_7_B2,HASP,MCC,LMP_CONG_PRC,LAPLMG1_7_B2,ALL,1,0,1,2
2012-11-11T02:00:00-00:00,2012-11-11T02:15:00-00:00,2012-11-10,19,LAPLMG1_7_B2,LAPLMG1_7_B2,LAPLMG1_7_B2,HASP,MCC,LMP_CONG_PRC,LAPLMG1_7_B2,ALL,1,-0.74888,1,2
2012-11-11T03:00:00-00:00,2012-11-11T03:15:00-00:00,2012-11-10,20,LAPLMG1_7_B2,LAPLMG1_7_B2,LAPLMG1_7_B2,HASP,MCC,LMP_CONG_PRC,LAPLMG1_7_B2,ALL,1,19.5252,1,2
2012-11-11T04:00:00-00:00,2012-11-11T04:15:00-00:00,2012-11-10,21,LAPLMG1_7_B2,LAPLMG1_7_B2,LAPLMG1_7_B2,HASP,MCC,LMP_CONG_PRC,LAPLMG1_7_B2,ALL,1,-4.31056,1,2
2012-11-11T05:00:00-00:00,2012-11-11T05:15:00-00:00,2012-11-10,22,LAPLMG1_7_B2,LAPLMG1_7_B2,LAPLMG1_7_B2,HASP,MCC,LMP_CONG_PRC,LAPLMG1_7_B2,ALL,1,1.17291,1,2
2012-11-11T06:00:00-00:00,2012-11-11T06:15:00-00:00,2012-11-10,23,LAPLMG1_7_B2,LAPLMG1_7_B2,LAPLMG1_7_B2,HASP,MCC,LMP_CONG_PRC,LAPLMG1_7_B2,ALL,1,1.0932,1,2
2012-11-11T07:00:00-00:00,2012-11-11T07:15:00-00:00,2012-11-10,24,LAPLMG1_7_B2,LAPLMG1_7_B2,LAPLMG1_7_B2,HASP,MCC,LMP_CONG_PRC,LAPLMG1_7_B2,ALL,1,-0.25208,1,2
2012-11-11T00:15:00-00:00,2012-11-11T00:30:00-00:00,2012-11-10,17,LAPLMG1_7_B2,LAPLMG1_7_B2,LAPLMG1_7_B2,HASP,MCC,LMP_CONG_PRC,LAPLMG1_7_B2,ALL,1,0,2,2
2012-11-11T01:15:00-00:00,2012-11-11T01:30:00-00:00,2012-11-10,18,LAPLMG1_7_B2,LAPLMG1_7_B2,LAPLMG1_7_B2,HASP,MCC,LMP_CONG_PRC,LAPLMG1_7_B2,ALL,1,-0.08275,2,2
2012-11-11T02:15:00-00:00,2012-11-11T02:30:00-00:00,2012-11-10,19,LAPLMG1_7_B2,LAPLMG1_7_B2,LAPLMG1_7_B2,HASP,MCC,LMP_CONG_PRC,LAPLMG1_7_B2,ALL,1,-0.5693,2,2
2012-11-11T03:15:00-00:00,2012-11-11T03:30:00-00:00,2012-11-10,20,LAPLMG1_7_B2,LAPLMG1_7_B2,LAPLMG1_7_B2,HASP,MCC,LMP_CONG_PRC,LAPLMG1_7_B2,ALL,1,1.46868,2,2
2012-11-11T04:15:00-00:00,2012-11-11T04:30:00-00:00,2012-11-10,21,LAPLMG1_7_B2,LAPLMG1_7_B2,LAPLMG1_7_B2,HASP,MCC,LMP_CONG_PRC,LAPLMG1_7_B2,ALL,1,-1.52776,2,2
2012-11-11T05:15:00-00:00,2012-11-11T05:30:00-00:00,2012-11-10,22,LAPLMG1_7_B2,LAPLMG1_7_B2,LAPLMG1_7_B2,HASP,MCC,LMP_CONG_PRC,LAPLMG1_7_B2,ALL,1,1.04065,2,2
2012-11-11T06:15:00-00:00,2012-11-11T06:30:00-00:00,2012-11-10,23,LAPLMG1_7_B2,LAPLMG1_7_B2,LAPLMG1_7_B2,HASP,MCC,LMP_CONG_PRC,LAPLMG1_7_B2,ALL,1,0.99391,2,2
2012-11-11T07:15:00-00:00,2012-11-11T07:30:00-00:00,2012-11-10,24,LAPLMG1_7_B2,LAPLMG1_7_B2,LAPLMG1_7_B2,HASP,MCC,LMP_CONG_PRC,LAPLMG1_7_B2,ALL,1,0.42779,2,2
2012-11-11T00:30:00-00:00,2012-11-11T00:45:00-00:00,2012-11-10,17,LAPLMG1_7_B2,LAPLMG1_7_B2,LAPLMG1_7_B2,HASP,MCC,LMP_CONG_PRC,LAPLMG1_7_B2,ALL,1,0,3,2
2012-11-11T01:30:00-00:00,2012-11-11T01:45:00-00:00,2012-11-10,18,LAPLMG1_7_B2,LAPLMG1_7_B2,LAPLMG1_7_B2,HASP,MCC,LMP_CONG_PRC,LAPLMG1_7_B2,ALL,1,-0.51007,3,2
2012-11-11T02:30:00-00:00,2012-11-11T02:45:00-00:00,2012-11-10,19,LAPLMG1_7_B2,LAPLMG1_7_B2,LAPLMG1_7_B2,HASP,MCC,LMP_CONG_PRC,LAPLMG1_7_B2,ALL,1,-0.63266,3,2
2012-11-11T03:30:00-00:00,2012-11-11T03:45:00-00:00,2012-11-10,20,LAPLMG1_7_B2,LAPLMG1_7_B2,LAPLMG1_7_B2,HASP,MCC,LMP_CONG_PRC,LAPLMG1_7_B2,ALL,1,1.24319,3,2
2012-11-11T04:30:00-00:00,2012-11-11T04:45:00-00:00,2012-11-10,21,LAPLMG1_7_B2,LAPLMG1_7_B2,LAPLMG1_7_B2,HASP,MCC,LMP_CONG_PRC,LAPLMG1_7_B2,ALL,1,-4.28822,3,2
2012-11-11T05:30:00-00:00,2012-11-11T05:45:00-00:00,2012-11-10,22,LAPLMG1_7_B2,LAPLMG1_7_B2,LAPLMG1_7_B2,HASP,MCC,LMP_CONG_PRC,LAPLMG1_7_B2,ALL,1,0.99699,3,2
2012-11-11T06:30:00-00:00,2012-11-11T06:45:00-00:00,2012-11-10,23,LAPLMG1_7_B2,LAPLMG1_7_B2,LAPLMG1_7_B2,HASP,MCC,LMP_CONG_PRC,LAPLMG1_7_B2,ALL,1,0.97623,3,2
2012-11-11T07:30:00-00:00,2012-11-11T07:45:00-00:00,2012-11-10,24,LAPLMG1_7_B2,LAPLMG1_7_B2,LAPLMG1_7_B2,HASP,MCC,LMP_CONG_PRC,LAPLMG1_7_B2,ALL,1,0.40752,3,2
2012-11-11T00:45:00-00:00,2012-11-11T01:00:00-00:00,2012-11-10,17,LAPLMG1_7_B2,LAPLMG1_7_B2,LAPLMG1_7_B2,HASP,MCC,LMP_CONG_PRC,LAPLMG1_7_B2,ALL,1,0,4,2
2012-11-11T01:45:00-00:00,2012-11-11T02:00:00-00:00,2012-11-10,18,LAPLMG1_7_B2,LAPLMG1_7_B2,LAPLMG1_7_B2,HASP,MCC,LMP_CONG_PRC,LAPLMG1_7_B2,ALL,1,-1.00989,4,2
2012-11-11T02:45:00-00:00,2012-11-11T03:00:00-00:00,2012-11-10,19,LAPLMG1_7_B2,LAPLMG1_7_B2,LAPLMG1_7_B2,HASP,MCC,LMP_CONG_PRC,LAPLMG1_7_B2,ALL,1,-0.59031,4,2
2012-11-11T03:45:00-00:00,2012-11-11T04:00:00-00:00,2012-11-10,20,LAPLMG1_7_B2,LAPLMG1_7_B2,LAPLMG1_7_B2,HASP,MCC,LMP_CONG_PRC,LAPLMG1_7_B2,ALL,1,1.19034,4,2
2012-11-11T04:45:00-00:00,2012-11-11T05:00:00-00:00,2012-11-10,21,LAPLMG1_7_B2,LAPLMG1_7_B2,LAPLMG1_7_B2,HASP,MCC,LMP_CONG_PRC,LAPLMG1_7_B2,ALL,1,-1.38443,4,2
2012-11-11T05:45:00-00:00,2012-11-11T06:00:00-00:00,2012-11-10,22,LAPLMG1_7_B2,LAPLMG1_7_B2,LAPLMG1_7_B2,HASP,MCC,LMP_CONG_PRC,LAPLMG1_7_B2,ALL,1,0,4,2
2012-11-11T06:45:00-00:00,2012-11-11T07:00:00-00:00,2012-11-10,23,LAPLMG1_7_B2,LAPLMG1_7_B2,LAPLMG1_7_B2,HASP,MCC,LMP_CONG_PRC,LAPLMG1_7_B2,ALL,1,0.77922,4,2
2012-11-11T07:45:00-00:00,2012-11-11T08:00:00-00:00,2012-11-10,24,LAPLMG1_7_B2,LAPLMG1_7_B2,LAPLMG1_7_B2,HASP,MCC,LMP_CONG_PRC,LAPLMG1_7_B2,ALL,1,0.3702,4,2
2012-11-11T00:00:00-00:00,2012-11-11T00:15:00-00:00,2012-11-10,17,LAPLMG1_7_B2,LAPLMG1_7_B2,LAPLMG1_7_B2,HASP,MCE,LMP_ENE_PRC,LAPLMG1_7_B2,ALL,1,28.50302,1,3
2012-11-11T01:00:00-00:00,2012-11-11T01:15:00-00:00,2012-11-10,18,LAPLMG1_7_B2,LAPLMG1_7_B2,LAPLMG1_7_B2,HASP,MCE,LMP_ENE_PRC,LAPLMG1_7_B2,ALL,1,39.21328,1,3
2012-11-11T02:00:00-00:00,2012-11-11T02:15:00-00:00,2012-11-10,19,LAPLMG1_7_B2,LAPLMG1_7_B2,LAPLMG1_7_B2,HASP,MCE,LMP_ENE_PRC,LAPLMG1_7_B2,ALL,1,60.1851,1,3
2012-11-11T03:00:00-00:00,2012-11-11T03:15:00-00:00,2012-11-10,20,LAPLMG1_7_B2,LAPLMG1_7_B2,LAPLMG1_7_B2,HASP,MCE,LMP_ENE_PRC,LAPLMG1_7_B2,ALL,1,349.86437,1,3
2012-11-11T04:00:00-00:00,2012-11-11T04:15:00-00:00,2012-11-10,21,LAPLMG1_7_B2,LAPLMG1_7_B2,LAPLMG1_7_B2,HASP,MCE,LMP_ENE_PRC,LAPLMG1_7_B2,ALL,1,42.05264,1,3
2012-11-11T05:00:00-00:00,2012-11-11T05:15:00-00:00,2012-11-10,22,LAPLMG1_7_B2,LAPLMG1_7_B2,LAPLMG1_7_B2,HASP,MCE,LMP_ENE_PRC,LAPLMG1_7_B2,ALL,1,37.84893,1,3
2012-11-11T06:00:00-00:00,2012-11-11T06:15:00-00:00,2012-11-10,23,LAPLMG1_7_B2,LAPLMG1_7_B2,LAPLMG1_7_B2,HASP,MCE,LMP_ENE_PRC,LAPLMG1_7_B2,ALL,1,34.19942,1,3
2012-11-11T07:00:00-00:00,2012-11-11T07:15:00-00:00,2012-11-10,24,LAPLMG1_7_B2,LAPLMG1_7_B2,LAPLMG1_7_B2,HASP,MCE,LMP_ENE_PRC,LAPLMG1_7_B2,ALL,1,27.97324,1,3
2012-11-11T00:15:00-00:00,2012-11-11T00:30:00-00:00,2012-11-10,17,LAPLMG1_7_B2,LAPLMG1_7_B2,LAPLMG1_7_B2,HASP,MCE,LMP_ENE_PRC,LAPLMG1_7_B2,ALL,1,29.95124,2,3
2012-11-11T01:15:00-00:00,2012-11-11T01:30:00-00:00,2012-11-10,18,LAPLMG1_7_B2,LAPLMG1_7_B2,LAPLMG1_7_B2,HASP,MCE,LMP_ENE_PRC,LAPLMG1_7_B2,ALL,1,41.39064,2,3
2012-11-11T02:15:00-00:00,2012-11-11T02:30:00-00:00,2012-11-10,19,LAPLMG1_7_B2,LAPLMG1_7_B2,LAPLMG1_7_B2,HASP,MCE,LMP_ENE_PRC,LAPLMG1_7_B2,ALL,1,43.10146,2,3
2012-11-11T03:15:00-00:00,2012-11-11T03:30:00-00:00,2012-11-10,20,LAPLMG1_7_B2,LAPLMG1_7_B2,LAPLMG1_7_B2,HASP,MCE,LMP_ENE_PRC,LAPLMG1_7_B2,ALL,1,57.57586,2,3
2012-11-11T04:15:00-00:00,2012-11-11T04:30:00-00:00,2012-11-10,21,LAPLMG1_7_B2,LAPLMG1_7_B2,LAPLMG1_7_B2,HASP,MCE,LMP_ENE_PRC,LAPLMG1_7_B2,ALL,1,36.30626,2,3
2012-11-11T05:15:00-00:00,2012-11-11T05:30:00-00:00,2012-11-10,22,LAPLMG1_7_B2,LAPLMG1_7_B2,LAPLMG1_7_B2,HASP,MCE,LMP_ENE_PRC,LAPLMG1_7_B2,ALL,1,31.82796,2,3
2012-11-11T06:15:00-00:00,2012-11-11T06:30:00-00:00,2012-11-10,23,LAPLMG1_7_B2,LAPLMG1_7_B2,LAPLMG1_7_B2,HASP,MCE,LMP_ENE_PRC,LAPLMG1_7_B2,ALL,1,29.65224,2,3
2012-11-11T07:15:00-00:00,2012-11-11T07:30:00-00:00,2012-11-10,24,LAPLMG1_7_B2,LAPLMG1_7_B2,LAPLMG1_7_B2,HASP,MCE,LMP_ENE_PRC,LAPLMG1_7_B2,ALL,1,29.59448,2,3
2012-11-11T00:30:00-00:00,2012-11-11T00:45:00-00:00,2012-11-10,17,LAPLMG1_7_B2,LAPLMG1_7_B2,LAPLMG1_7_B2,HASP,MCE,LMP_ENE_PRC,LAPLMG1_7_B2,ALL,1,35.44985,3,3
2012-11-11T01:30:00-00:00,2012-11-11T01:45:00-00:00,2012-11-10,18,LAPLMG1_7_B2,LAPLMG1_7_B2,LAPLMG1_7_B2,HASP,MCE,LMP_ENE_PRC,LAPLMG1_7_B2,ALL,1,41.83493,3,3
2012-11-11T02:30:00-00:00,2012-11-11T02:45:00-00:00,2012-11-10,19,LAPLMG1_7_B2,LAPLMG1_7_B2,LAPLMG1_7_B2,HASP,MCE,LMP_ENE_PRC,LAPLMG1_7_B2,ALL,1,43.79482,3,3
2012-11-11T03:30:00-00:00,2012-11-11T03:45:00-00:00,2012-11-10,20,LAPLMG1_7_B2,LAPLMG1_7_B2,LAPLMG1_7_B2,HASP,MCE,LMP_ENE_PRC,LAPLMG1_7_B2,ALL,1,46.37092,3,3
2012-11-11T04:30:00-00:00,2012-11-11T04:45:00-00:00,2012-11-10,21,LAPLMG1_7_B2,LAPLMG1_7_B2,LAPLMG1_7_B2,HASP,MCE,LMP_ENE_PRC,LAPLMG1_7_B2,ALL,1,34.41923,3,3
2012-11-11T05:30:00-00:00,2012-11-11T05:45:00-00:00,2012-11-10,22,LAPLMG1_7_B2,LAPLMG1_7_B2,LAPLMG1_7_B2,HASP,MCE,LMP_ENE_PRC,LAPLMG1_7_B2,ALL,1,29.7884,3,3
2012-11-11T06:30:00-00:00,2012-11-11T06:45:00-00:00,2012-11-10,23,LAPLMG1_7_B2,LAPLMG1_7_B2,LAPLMG1_7_B2,HASP,MCE,LMP_ENE_PRC,LAPLMG1_7_B2,ALL,1,28.90684,3,3
2012-11-11T07:30:00-00:00,2012-11-11T07:45:00-00:00,2012-11-10,24,LAPLMG1_7_B2,LAPLMG1_7_B2,LAPLMG1_7_B2,HASP,MCE,LMP_ENE_PRC,LAPLMG1_7_B2,ALL,1,29.55978,3,3
2012-11-11T00:45:00-00:00,2012-11-11T01:00:00-00:00,2012-11-10,17,LAPLMG1_7_B2,LAPLMG1_7_B2,LAPLMG1_7_B2,HASP,MCE,LMP_ENE_PRC,LAPLMG1_7_B2,ALL,1,49.31295,4,3
2012-11-11T01:45:00-00:00,2012-11-11T02:00:00-00:00,2012-11-10,18,LAPLMG1_7_B2,LAPLMG1_7_B2,LAPLMG1_7_B2,HASP,MCE,LMP_ENE_PRC,LAPLMG1_7_B2,ALL,1,42.31072,4,3
2012-11-11T02:45:00-00:00,2012-11-11T03:00:00-00:00,2012-11-10,19,LAPLMG1_7_B2,LAPLMG1_7_B2,LAPLMG1_7_B2,HASP,MCE,LMP_ENE_PRC,LAPLMG1_7_B2,ALL,1,42.71477,4,3
2012-11-11T03:45:00-00:00,2012-11-11T04:00:00-00:00,2012-11-10,20,LAPLMG1_7_B2,LAPLMG1_7_B2,LAPLMG1_7_B2,HASP,MCE,LMP_ENE_PRC,LAPLMG1_7_B2,ALL,1,43.74641,4,3
2012-11-11T04:45:00-00:00,2012-11-11T05:00:00-00:00,2012-11-10,21,LAPLMG1_7_B2,LAPLMG1_7_B2,LAPLMG1_7_B2,HASP,MCE,LMP_ENE_PRC,LAPLMG1_7_B2,ALL,1,28.40434,4,3
2012-11-11T05:45:00-00:00,2012-11-11T06:00:00-00:00,2012-11-10,22,LAPLMG1_7_B2,LAPLMG1_7_B2,LAPLMG1_7_B2,HASP,MCE,LMP_ENE_PRC,LAPLMG1_7_B2,ALL,1,26.85358,4,3
2012-11-11T06:45:00-00:00,2012-11-11T07:00:00-00:00,2012-11-10,23,LAPLMG1_7_B2,LAPLMG1_7_B2,LAPLMG1_7_B2,HASP,MCE,LMP_ENE_PRC,LAPLMG1_7_B2,ALL,1,26.08323,4,3
2012-11-11T07:45:00-00:00,2012-11-11T08:00:00-00:00,2012-11-10,24,LAPLMG1_7_B2,LAPLMG1_7_B2,LAPLMG1_7_B2,HASP,MCE,LMP_ENE_PRC,LAPLMG1_7_B2,ALL,1,27.81464,4,3
2012-11-11T00:00:00-00:00,2012-11-11T00:15:00-00:00,2012-11-10,17,LAPLMG1_7_B2,LAPLMG1_7_B2,LAPLMG1_7_B2,HASP,MCL,LMP_LOSS_PRC,LAPLMG1_7_B2,ALL,1,-1.43085,1,4
2012-11-11T01:00:00-00:00,2012-11-11T01:15:00-00:00,2012-11-10,18,LAPLMG1_7_B2,LAPLMG1_7_B2,LAPLMG1_7_B2,HASP,MCL,LMP_LOSS_PRC,LAPLMG1_7_B2,ALL,1,-2.29398,1,4
2012-11-11T02:00:00-00:00,2012-11-11T02:15:00-00:00,2012-11-10,19,LAPLMG1_7_B2,LAPLMG1_7_B2,LAPLMG1_7_B2,HASP,MCL,LMP_LOSS_PRC,LAPLMG1_7_B2,ALL,1,-2.90092,1,4
2012-11-11T03:00:00-00:00,2012-11-11T03:15:00-00:00,2012-11-10,20,LAPLMG1_7_B2,LAPLMG1_7_B2,LAPLMG1_7_B2,HASP,MCL,LMP_LOSS_PRC,LAPLMG1_7_B2,ALL,1,-15.81387,1,4
2012-11-11T04:00:00-00:00,2012-11-11T04:15:00-00:00,2012-11-10,21,LAPLMG1_7_B2,LAPLMG1_7_B2,LAPLMG1_7_B2,HASP,MCL,LMP_LOSS_PRC,LAPLMG1_7_B2,ALL,1,-2.24982,1,4
2012-11-11T05:00:00-00:00,2012-11-11T05:15:00-00:00,2012-11-10,22,LAPLMG1_7_B2,LAPLMG1_7_B2,LAPLMG1_7_B2,HASP,MCL,LMP_LOSS_PRC,LAPLMG1_7_B2,ALL,1,-2.07412,1,4
2012-11-11T06:00:00-00:00,2012-11-11T06:15:00-00:00,2012-11-10,23,LAPLMG1_7_B2,LAPLMG1_7_B2,LAPLMG1_7_B2,HASP,MCL,LMP_LOSS_PRC,LAPLMG1_7_B2,ALL,1,-1.77153,1,4
2012-11-11T07:00:00-00:00,2012-11-11T07:15:00-00:00,2012-11-10,24,LAPLMG1_7_B2,LAPLMG1_7_B2,LAPLMG1_7_B2,HASP,MCL,LMP_LOSS_PRC,LAPLMG1_7_B2,ALL,1,-1.49657,1,4
2012-11-11T00:15:00-00:00,2012-11-11T00:30:00-00:00,2012-11-10,17,LAPLMG1_7_B2,LAPLMG1_7_B2,LAPLMG1_7_B2,HASP,MCL,LMP_LOSS_PRC,LAPLMG1_7_B2,ALL,1,-1.56645,2,4
2012-11-11T01:15:00-00:00,2012-11-11T01:30:00-00:00,2012-11-10,18,LAPLMG1_7_B2,LAPLMG1_7_B2,LAPLMG1_7_B2,HASP,MCL,LMP_LOSS_PRC,LAPLMG1_7_B2,ALL,1,-2.46274,2,4
2012-11-11T02:15:00-00:00,2012-11-11T02:30:00-00:00,2012-11-10,19,LAPLMG1_7_B2,LAPLMG1_7_B2,LAPLMG1_7_B2,HASP,MCL,LMP_LOSS_PRC,LAPLMG1_7_B2,ALL,1,-2.08611,2,4
2012-11-11T03:15:00-00:00,2012-11-11T03:30:00-00:00,2012-11-10,20,LAPLMG1_7_B2,LAPLMG1_7_B2,LAPLMG1_7_B2,HASP,MCL,LMP_LOSS_PRC,LAPLMG1_7_B2,ALL,1,-2.60819,2,4
2012-11-11T04:15:00-00:00,2012-11-11T04:30:00-00:00,2012-11-10,21,LAPLMG1_7_B2,LAPLMG1_7_B2,LAPLMG1_7_B2,HASP,MCL,LMP_LOSS_PRC,LAPLMG1_7_B2,ALL,1,-1.93149,2,4
2012-11-11T05:15:00-00:00,2012-11-11T05:30:00-00:00,2012-11-10,22,LAPLMG1_7_B2,LAPLMG1_7_B2,LAPLMG1_7_B2,HASP,MCL,LMP_LOSS_PRC,LAPLMG1_7_B2,ALL,1,-1.66778,2,4
2012-11-11T06:15:00-00:00,2012-11-11T06:30:00-00:00,2012-11-10,23,LAPLMG1_7_B2,LAPLMG1_7_B2,LAPLMG1_7_B2,HASP,MCL,LMP_LOSS_PRC,LAPLMG1_7_B2,ALL,1,-1.5004,2,4
2012-11-11T07:15:00-00:00,2012-11-11T07:30:00-00:00,2012-11-10,24,LAPLMG1_7_B2,LAPLMG1_7_B2,LAPLMG1_7_B2,HASP,MCL,LMP_LOSS_PRC,LAPLMG1_7_B2,ALL,1,-1.35839,2,4
2012-11-11T00:30:00-00:00,2012-11-11T00:45:00-00:00,2012-11-10,17,LAPLMG1_7_B2,LAPLMG1_7_B2,LAPLMG1_7_B2,HASP,MCL,LMP_LOSS_PRC,LAPLMG1_7_B2,ALL,1,-1.86466,3,4
2012-11-11T01:30:00-00:00,2012-11-11T01:45:00-00:00,2012-11-10,18,LAPLMG1_7_B2,LAPLMG1_7_B2,LAPLMG1_7_B2,HASP,MCL,LMP_LOSS_PRC,LAPLMG1_7_B2,ALL,1,-2.50591,3,4
2012-11-11T02:30:00-00:00,2012-11-11T02:45:00-00:00,2012-11-10,19,LAPLMG1_7_B2,LAPLMG1_7_B2,LAPLMG1_7_B2,HASP,MCL,LMP_LOSS_PRC,LAPLMG1_7_B2,ALL,1,-2.12843,3,4
2012-11-11T03:30:00-00:00,2012-11-11T03:45:00-00:00,2012-11-10,20,LAPLMG1_7_B2,LAPLMG1_7_B2,LAPLMG1_7_B2,HASP,MCL,LMP_LOSS_PRC,LAPLMG1_7_B2,ALL,1,-2.1006,3,4
2012-11-11T04:30:00-00:00,2012-11-11T04:45:00-00:00,2012-11-10,21,LAPLMG1_7_B2,LAPLMG1_7_B2,LAPLMG1_7_B2,HASP,MCL,LMP_LOSS_PRC,LAPLMG1_7_B2,ALL,1,-1.81389,3,4
2012-11-11T05:30:00-00:00,2012-11-11T05:45:00-00:00,2012-11-10,22,LAPLMG1_7_B2,LAPLMG1_7_B2,LAPLMG1_7_B2,HASP,MCL,LMP_LOSS_PRC,LAPLMG1_7_B2,ALL,1,-1.53708,3,4
2012-11-11T06:30:00-00:00,2012-11-11T06:45:00-00:00,2012-11-10,23,LAPLMG1_7_B2,LAPLMG1_7_B2,LAPLMG1_7_B2,HASP,MCL,LMP_LOSS_PRC,LAPLMG1_7_B2,ALL,1,-1.47425,3,4
2012-11-11T07:30:00-00:00,2012-11-11T07:45:00-00:00,2012-11-10,24,LAPLMG1_7_B2,LAPLMG1_7_B2,LAPLMG1_7_B2,HASP,MCL,LMP_LOSS_PRC,LAPLMG1_7_B2,ALL,1,-1.35975,3,4
2012-11-11T00:45:00-00:00,2012-11-11T01:00:00-00:00,2012-11-10,17,LAPLMG1_7_B2,LAPLMG1_7_B2,LAPLMG1_7_B2,HASP,MCL,LMP_LOSS_PRC,LAPLMG1_7_B2,ALL,1,-2.68756,4,4
2012-11-11T01:45:00-00:00,2012-11-11T02:00:00-00:00,2012-11-10,18,LAPLMG1_7_B2,LAPLMG1_7_B2,LAPLMG1_7_B2,HASP,MCL,LMP_LOSS_PRC,LAPLMG1_7_B2,ALL,1,-2.53018,4,4
2012-11-11T02:45:00-00:00,2012-11-11T03:00:00-00:00,2012-11-10,19,LAPLMG1_7_B2,LAPLMG1_7_B2,LAPLMG1_7_B2,HASP,MCL,LMP_LOSS_PRC,LAPLMG1_7_B2,ALL,1,-2.05885,4,4
2012-11-11T03:45:00-00:00,2012-11-11T04:00:00-00:00,2012-11-10,20,LAPLMG1_7_B2,LAPLMG1_7_B2,LAPLMG1_7_B2,HASP,MCL,LMP_LOSS_PRC,LAPLMG1_7_B2,ALL,1,-1.97734,4,4
2012-11-11T04:45:00-00:00,2012-11-11T05:00:00-00:00,2012-11-10,21,LAPLMG1_7_B2,LAPLMG1_7_B2,LAPLMG1_7_B2,HASP,MCL,LMP_LOSS_PRC,LAPLMG1_7_B2,ALL,1,-1.48839,4,4
2012-11-11T05:45:00-00:00,2012-11-11T06:00:00-00:00,2012-11-10,22,LAPLMG1_7_B2,LAPLMG1_7_B2,LAPLMG1_7_B2,HASP,MCL,LMP_LOSS_PRC,LAPLMG1_7_B2,ALL,1,-1.36416,4,4
2012-11-11T06:45:00-00:00,2012-11-11T07:00:00-00:00,2012-11-10,23,LAPLMG1_7_B2,LAPLMG1_7_B2,LAPLMG1_7_B2,HASP,MCL,LMP_LOSS_PRC,LAPLMG1_7_B2,ALL,1,-1.31981,4,4
2012-11-11T07:45:00-00:00,2012-11-11T08:00:00-00:00,2012-11-10,24,LAPLMG1_7_B2,LAPLMG1_7_B2,LAPLMG1_7_B2,HASP,MCL,LMP_LOSS_PRC,LAPLMG1_7_B2,ALL,1,-1.27669,4,4
2012-11-11T08:00:00-00:00,2012-11-11T08:15:00-00:00,2012-11-11,01,LAPLMG1_7_B2,LAPLMG1_7_B2,LAPLMG1_7_B2,HASP,LMP,LMP_PRC,LAPLMG1_7_B2,ALL,1,33.50474,1,5
2012-11-11T09:00:00-00:00,2012-11-11T09:15:00-00:00,2012-11-11,02,LAPLMG1_7_B2,LAPLMG1_7_B2,LAPLMG1_7_B2,HASP,LMP,LMP_PRC,LAPLMG1_7_B2,ALL,1,30.73535,1,5
2012-11-11T10:00:00-00:00,2012-11-11T10:15:00-00:00,2012-11-11,03,LAPLMG1_7_B2,LAPLMG1_7_B2,LAPLMG1_7_B2,HASP,LMP,LMP_PRC,LAPLMG1_7_B2,ALL,1,26.4166,1,5
2012-11-11T11:00:00-00:00,2012-11-11T11:15:00-00:00,2012-11-11,04,LAPLMG1_7_B2,LAPLMG1_7_B2,LAPLMG1_7_B2,HASP,LMP,LMP_PRC,LAPLMG1_7_B2,ALL,1,28.67917,1,5
2012-11-11T12:00:00-00:00,2012-11-11T12:15:00-00:00,2012-11-11,05,LAPLMG1_7_B2,LAPLMG1_7_B2,LAPLMG1_7_B2,HASP,LMP,LMP_PRC,LAPLMG1_7_B2,ALL,1,29.01903,1,5
2012-11-11T13:00:00-00:00,2012-11-11T13:15:00-00:00,2012-11-11,06,LAPLMG1_7_B2,LAPLMG1_7_B2,LAPLMG1_7_B2,HASP,LMP,LMP_PRC,LAPLMG1_7_B2,ALL,1,29.31055,1,5
2012-11-11T14:00:00-00:00,2012-11-11T14:15:00-00:00,2012-11-11,07,LAPLMG1_7_B2,LAPLMG1_7_B2,LAPLMG1_7_B2,HASP,LMP,LMP_PRC,LAPLMG1_7_B2,ALL,1,26.60459,1,5
2012-11-11T15:00:00-00:00,2012-11-11T15:15:00-00:00,2012-11-11,08,LAPLMG1_7_B2,LAPLMG1_7_B2,LAPLMG1_7_B2,HASP,LMP,LMP_PRC,LAPLMG1_7_B2,ALL,1,25.18843,1,5
2012-11-11T16:00:00-00:00,2012-11-11T16:15:00-00:00,2012-11-11,09,LAPLMG1_7_B2,LAPLMG1_7_B2,LAPLMG1_7_B2,HASP,LMP,LMP_PRC,LAPLMG1_7_B2,ALL,1,29.41476,1,5
2012-11-11T17:00:00-00:00,2012-11-11T17:15:00-00:00,2012-11-11,10,LAPLMG1_7_B2,LAPLMG1_7_B2,LAPLMG1_7_B2,HASP,LMP,LMP_PRC,LAPLMG1_7_B2,ALL,1,34.47286,1,5
2012-11-11T18:00:00-00:00,2012-11-11T18:15:00-00:00,2012-11-11,11,LAPLMG1_7_B2,LAPLMG1_7_B2,LAPLMG1_7_B2,HASP,LMP,LMP_PRC,LAPLMG1_7_B2,ALL,1,29.02674,1,5
2012-11-11T19:00:00-00:00,2012-11-11T19:15:00-00:00,2012-11-11,12,LAPLMG1_7_B2,LAPLMG1_7_B2,LAPLMG1_7_B2,HASP,LMP,LMP_PRC,LAPLMG1_7_B2,ALL,1,29.35916,1,5
2012-11-11T20:00:00-00:00,2012-11-11T20:15:00-00:00,2012-11-11,13,LAPLMG1_7_B2,LAPLMG1_7_B2,LAPLMG1_7_B2,HASP,LMP,LMP_PRC,LAPLMG1_7_B2,ALL,1,28.14737,1,5
2012-11-11T21:00:00-00:00,2012-11-11T21:15:00-00:00,2012-11-11,14,LAPLMG1_7_B2,LAPLMG1_7_B2,LAPLMG1_7_B2,HASP,LMP,LMP_PRC,LAPLMG1_7_B2,ALL,1,25.96942,1,5
2012-11-11T22:00:00-00:00,2012-11-11T22:15:00-00:00,2012-11-11,15,LAPLMG1_7_B2,LAPLMG1_7_B2,LAPLMG1_7_B2,HASP,LMP,LMP_PRC,LAPLMG1_7_B2,ALL,1,24.81207,1,5
2012-11-11T23:00:00-00:00,2012-11-11T23:15:00-00:00,2012-11-11,16,LAPLMG1_7_B2,LAPLMG1_7_B2,LAPLMG1_7_B2,HASP,LMP,LMP_PRC,LAPLMG1_7_B2,ALL,1,25.74607,1,5
2012-11-12T00:00:00-00:00,2012-11-12T00:15:00-00:00,2012-11-11,17,LAPLMG1_7_B2,LAPLMG1_7_B2,LAPLMG1_7_B2,HASP,LMP,LMP_PRC,LAPLMG1_7_B2,ALL,1,29.86806,1,5
2012-11-12T01:00:00-00:00,2012-11-12T01:15:00-00:00,2012-11-11,18,LAPLMG1_7_B2,LAPLMG1_7_B2,LAPLMG1_7_B2,HASP,LMP,LMP_PRC,LAPLMG1_7_B2,ALL,1,44.07114,1,5
2012-11-12T02:00:00-00:00,2012-11-12T02:15:00-00:00,2012-11-11,19,LAPLMG1_7_B2,LAPLMG1_7_B2,LAPLMG1_7_B2,HASP,LMP,LMP_PRC,LAPLMG1_7_B2,ALL,1,39.71534,1,5
2012-11-12T03:00:00-00:00,2012-11-12T03:15:00-00:00,2012-11-11,20,LAPLMG1_7_B2,LAPLMG1_7_B2,LAPLMG1_7_B2,HASP,LMP,LMP_PRC,LAPLMG1_7_B2,ALL,1,34.42847,1,5
2012-11-12T04:00:00-00:00,2012-11-12T04:15:00-00:00,2012-11-11,21,LAPLMG1_7_B2,LAPLMG1_7_B2,LAPLMG1_7_B2,HASP,LMP,LMP_PRC,LAPLMG1_7_B2,ALL,1,32.99626,1,5
2012-11-12T05:00:00-00:00,2012-11-12T05:15:00-00:00,2012-11-11,22,LAPLMG1_7_B2,LAPLMG1_7_B2,LAPLMG1_7_B2,HASP,LMP,LMP_PRC,LAPLMG1_7_B2,ALL,1,41.86318,1,5
2012-11-12T06:00:00-00:00,2012-11-12T06:15:00-00:00,2012-11-11,23,LAPLMG1_7_B2,LAPLMG1_7_B2,LAPLMG1_7_B2,HASP,LMP,LMP_PRC,LAPLMG1_7_B2,ALL,1,29.76122,1,5
2012-11-12T07:00:00-00:00,2012-11-12T07:15:00-00:00,2012-11-11,24,LAPLMG1_7_B2,LAPLMG1_7_B2,LAPLMG1_7_B2,HASP,LMP,LMP_PRC,LAPLMG1_7_B2,ALL,1,25.47347,1,5
2012-11-11T08:15:00-00:00,2012-11-11T08:30:00-00:00,2012-11-11,01,LAPLMG1_7_B2,LAPLMG1_7_B2,LAPLMG1_7_B2,HASP,LMP,LMP_PRC,LAPLMG1_7_B2,ALL,1,29.20758,2,5
2012-11-11T09:15:00-00:00,2012-11-11T09:30:00-00:00,2012-11-11,02,LAPLMG1_7_B2,LAPLMG1_7_B2,LAPLMG1_7_B2,HASP,LMP,LMP_PRC,LAPLMG1_7_B2,ALL,1,28.76206,2,5
2012-11-11T10:15:00-00:00,2012-11-11T10:30:00-00:00,2012-11-11,03,LAPLMG1_7_B2,LAPLMG1_7_B2,LAPLMG1_7_B2,HASP,LMP,LMP_PRC,LAPLMG1_7_B2,ALL,1,26.41392,2,5
2012-11-11T11:15:00-00:00,2012-11-11T11:30:00-00:00,2012-11-11,04,LAPLMG1_7_B2,LAPLMG1_7_B2,LAPLMG1_7_B2,HASP,LMP,LMP_PRC,LAPLMG1_7_B2,ALL,1,29.11543,2,5
2012-11-11T12:15:00-00:00,2012-11-11T12:30:00-00:00,2012-11-11,05,LAPLMG1_7_B2,LAPLMG1_7_B2,LAPLMG1_7_B2,HASP,LMP,LMP_PRC,LAPLMG1_7_B2,ALL,1,29.05394,2,5
2012-11-11T13:15:00-00:00,2012-11-11T13:30:00-00:00,2012-11-11,06,LAPLMG1_7_B2,LAPLMG1_7_B2,LAPLMG1_7_B2,HASP,LMP,LMP_PRC,LAPLMG1_7_B2,ALL,1,28.82794,2,5
2012-11-11T14:15:00-00:00,2012-11-11T14:30:00-00:00,2012-11-11,07,LAPLMG1_7_B2,LAPLMG1_7_B2,LAPLMG1_7_B2,HASP,LMP,LMP_PRC,LAPLMG1_7_B2,ALL,1,25.69435,2,5
2012-11-11T15:15:00-00:00,2012-11-11T15:30:00-00:00,2012-11-11,08,LAPLMG1_7_B2,LAPLMG1_7_B2,LAPLMG1_7_B2,HASP,LMP,LMP_PRC,LAPLMG1_7_B2,ALL,1,26.89654,2,5
2012-11-11T16:15:00-00:00,2012-11-11T16:30:00-00:00,2012-11-11,09,LAPLMG1_7_B2,LAPLMG1_7_B2,LAPLMG1_7_B2,HASP,LMP,LMP_PRC,LAPLMG1_7_B2,ALL,1,29.42574,2,5
2012-11-11T17:15:00-00:00,2012-11-11T17:30:00-00:00,2012-11-11,10,LAPLMG1_7_B2,LAPLMG1_7_B2,LAPLMG1_7_B2,HASP,LMP,LMP_PRC,LAPLMG1_7_B2,ALL,1,36.76349,2,5
2012-11-11T18:15:00-00:00,2012-11-11T18:30:00-00:00,2012-11-11,11,LAPLMG1_7_B2,LAPLMG1_7_B2,LAPLMG1_7_B2,HASP,LMP,LMP_PRC,LAPLMG1_7_B2,ALL,1,28.79933,2,5
2012-11-11T19:15:00-00:00,2012-11-11T19:30:00-00:00,2012-11-11,12,LAPLMG1_7_B2,LAPLMG1_7_B2,LAPLMG1_7_B2,HASP,LMP,LMP_PRC,LAPLMG1_7_B2,ALL,1,29.07076,2,5
2012-11-11T20:15:00-00:00,2012-11-11T20:30:00-00:00,2012-11-11,13,LAPLMG1_7_B2,LAPLMG1_7_B2,LAPLMG1_7_B2,HASP,LMP,LMP_PRC,LAPLMG1_7_B2,ALL,1,25.49855,2,5
2012-11-11T21:15:00-00:00,2012-11-11T21:30:00-00:00,2012-11-11,14,LAPLMG1_7_B2,LAPLMG1_7_B2,LAPLMG1_7_B2,HASP,LMP,LMP_PRC,LAPLMG1_7_B2,ALL,1,25.53607,2,5
2012-11-11T22:15:00-00:00,2012-11-11T22:30:00-00:00,2012-11-11,15,LAPLMG1_7_B2,LAPLMG1_7_B2,LAPLMG1_7_B2,HASP,LMP,LMP_PRC,LAPLMG1_7_B2,ALL,1,24.5859,2,5
2012-11-11T23:15:00-00:00,2012-11-11T23:30:00-00:00,2012-11-11,16,LAPLMG1_7_B2,LAPLMG1_7_B2,LAPLMG1_7_B2,HASP,LMP,LMP_PRC,LAPLMG1_7_B2,ALL,1,25.79373,2,5
2012-11-12T00:15:00-00:00,2012-11-12T00:30:00-00:00,2012-11-11,17,LAPLMG1_7_B2,LAPLMG1_7_B2,LAPLMG1_7_B2,HASP,LMP,LMP_PRC,LAPLMG1_7_B2,ALL,1,31.93933,2,5
2012-11-12T01:15:00-00:00,2012-11-12T01:30:00-00:00,2012-11-11,18,LAPLMG1_7_B2,LAPLMG1_7_B2,LAPLMG1_7_B2,HASP,LMP,LMP_PRC,LAPLMG1_7_B2,ALL,1,38.25395,2,5
2012-11-12T02:15:00-00:00,2012-11-12T02:30:00-00:00,2012-11-11,19,LAPLMG1_7_B2,LAPLMG1_7_B2,LAPLMG1_7_B2,HASP,LMP,LMP_PRC,LAPLMG1_7_B2,ALL,1,40.26797,2,5
2012-11-12T03:15:00-00:00,2012-11-12T03:30:00-00:00,2012-11-11,20,LAPLMG1_7_B2,LAPLMG1_7_B2,LAPLMG1_7_B2,HASP,LMP,LMP_PRC,LAPLMG1_7_B2,ALL,1,33.62223,2,5
2012-11-12T04:15:00-00:00,2012-11-12T04:30:00-00:00,2012-11-11,21,LAPLMG1_7_B2,LAPLMG1_7_B2,LAPLMG1_7_B2,HASP,LMP,LMP_PRC,LAPLMG1_7_B2,ALL,1,31.11312,2,5
2012-11-12T05:15:00-00:00,2012-11-12T05:30:00-00:00,2012-11-11,22,LAPLMG1_7_B2,LAPLMG1_7_B2,LAPLMG1_7_B2,HASP,LMP,LMP_PRC,LAPLMG1_7_B2,ALL,1,32.85832,2,5
2012-11-12T06:15:00-00:00,2012-11-12T06:30:00-00:00,2012-11-11,23,LAPLMG1_7_B2,LAPLMG1_7_B2,LAPLMG1_7_B2,HASP,LMP,LMP_PRC,LAPLMG1_7_B2,ALL,1,28.99329,2,5
2012-11-12T07:15:00-00:00,2012-11-12T07:30:00-00:00,2012-11-11,24,LAPLMG1_7_B2,LAPLMG1_7_B2,LAPLMG1_7_B2,HASP,LMP,LMP_PRC,LAPLMG1_7_B2,ALL,1,29.0508,2,5
2012-11-11T08:30:00-00:00,2012-11-11T08:45:00-00:00,2012-11-11,01,LAPLMG1_7_B2,LAPLMG1_7_B2,LAPLMG1_7_B2,HASP,LMP,LMP_PRC,LAPLMG1_7_B2,ALL,1,28.62254,3,5
2012-11-11T09:30:00-00:00,2012-11-11T09:45:00-00:00,2012-11-11,02,LAPLMG1_7_B2,LAPLMG1_7_B2,LAPLMG1_7_B2,HASP,LMP,LMP_PRC,LAPLMG1_7_B2,ALL,1,28.21495,3,5
2012-11-11T10:30:00-00:00,2012-11-11T10:45:00-00:00,2012-11-11,03,LAPLMG1_7_B2,LAPLMG1_7_B2,LAPLMG1_7_B2,HASP,LMP,LMP_PRC,LAPLMG1_7_B2,ALL,1,26.42196,3,5
2012-11-11T11:30:00-00:00,2012-11-11T11:45:00-00:00,2012-11-11,04,LAPLMG1_7_B2,LAPLMG1_7_B2,LAPLMG1_7_B2,HASP,LMP,LMP_PRC,LAPLMG1_7_B2,ALL,1,29.10956,3,5
2012-11-11T12:30:00-00:00,2012-11-11T12:45:00-00:00,2012-11-11,05,LAPLMG1_7_B2,LAPLMG1_7_B2,LAPLMG1_7_B2,HASP,LMP,LMP_PRC,LAPLMG1_7_B2,ALL,1,29.08309,3,5
2012-11-11T13:30:00-00:00,2012-11-11T13:45:00-00:00,2012-11-11,06,LAPLMG1_7_B2,LAPLMG1_7_B2,LAPLMG1_7_B2,HASP,LMP,LMP_PRC,LAPLMG1_7_B2,ALL,1,29.41538,3,5
2012-11-11T14:30:00-00:00,2012-11-11T14:45:00-00:00,2012-11-11,07,LAPLMG1_7_B2,LAPLMG1_7_B2,LAPLMG1_7_B2,HASP,LMP,LMP_PRC,LAPLMG1_7_B2,ALL,1,25.69406,3,5
2012-11-11T15:30:00-00:00,2012-11-11T15:45:00-00:00,2012-11-11,08,LAPLMG1_7_B2,LAPLMG1_7_B2,LAPLMG1_7_B2,HASP,LMP,LMP_PRC,LAPLMG1_7_B2,ALL,1,28.92939,3,5
2012-11-11T16:30:00-00:00,2012-11-11T16:45:00-00:00,2012-11-11,09,LAPLMG1_7_B2,LAPLMG1_7_B2,LAPLMG1_7_B2,HASP,LMP,LMP_PRC,LAPLMG1_7_B2,ALL,1,29.74635,3,5
2012-11-11T17:30:00-00:00,2012-11-11T17:45:00-00:00,2012-11-11,10,LAPLMG1_7_B2,LAPLMG1_7_B2,LAPLMG1_7_B2,HASP,LMP,LMP_PRC,LAPLMG1_7_B2,ALL,1,36.91148,3,5
2012-11-11T18:30:00-00:00,2012-11-11T18:45:00-00:00,2012-11-11,11,LAPLMG1_7_B2,LAPLMG1_7_B2,LAPLMG1_7_B2,HASP,LMP,LMP_PRC,LAPLMG1_7_B2,ALL,1,28.29685,3,5
2012-11-11T19:30:00-00:00,2012-11-11T19:45:00-00:00,2012-11-11,12,LAPLMG1_7_B2,LAPLMG1_7_B2,LAPLMG1_7_B2,HASP,LMP,LMP_PRC,LAPLMG1_7_B2,ALL,1,28.28272,3,5
2012-11-11T20:30:00-00:00,2012-11-11T20:45:00-00:00,2012-11-11,13,LAPLMG1_7_B2,LAPLMG1_7_B2,LAPLMG1_7_B2,HASP,LMP,LMP_PRC,LAPLMG1_7_B2,ALL,1,25.40117,3,5
2012-11-11T21:30:00-00:00,2012-11-11T21:45:00-00:00,2012-11-11,14,LAPLMG1_7_B2,LAPLMG1_7_B2,LAPLMG1_7_B2,HASP,LMP,LMP_PRC,LAPLMG1_7_B2,ALL,1,25.41439,3,5
2012-11-11T22:30:00-00:00,2012-11-11T22:45:00-00:00,2012-11-11,15,LAPLMG1_7_B2,LAPLMG1_7_B2,LAPLMG1_7_B2,HASP,LMP,LMP_PRC,LAPLMG1_7_B2,ALL,1,24.80188,3,5
2012-11-11T23:30:00-00:00,2012-11-11T23:45:00-00:00,2012-11-11,16,LAPLMG1_7_B2,LAPLMG1_7_B2,LAPLMG1_7_B2,HASP,LMP,LMP_PRC,LAPLMG1_7_B2,ALL,1,25.63811,3,5
2012-11-12T00:30:00-00:00,2012-11-12T00:45:00-00:00,2012-11-11,17,LAPLMG1_7_B2,LAPLMG1_7_B2,LAPLMG1_7_B2,HASP,LMP,LMP_PRC,LAPLMG1_7_B2,ALL,1,29.82541,3,5
2012-11-12T01:30:00-00:00,2012-11-12T01:45:00-00:00,2012-11-11,18,LAPLMG1_7_B2,LAPLMG1_7_B2,LAPLMG1_7_B2,HASP,LMP,LMP_PRC,LAPLMG1_7_B2,ALL,1,49.61352,3,5
2012-11-12T02:30:00-00:00,2012-11-12T02:45:00-00:00,2012-11-11,19,LAPLMG1_7_B2,LAPLMG1_7_B2,LAPLMG1_7_B2,HASP,LMP,LMP_PRC,LAPLMG1_7_B2,ALL,1,38.31715,3,5
2012-11-12T03:30:00-00:00,2012-11-12T03:45:00-00:00,2012-11-11,20,LAPLMG1_7_B2,LAPLMG1_7_B2,LAPLMG1_7_B2,HASP,LMP,LMP_PRC,LAPLMG1_7_B2,ALL,1,31.64309,3,5
2012-11-12T04:30:00-00:00,2012-11-12T04:45:00-00:00,2012-11-11,21,LAPLMG1_7_B2,LAPLMG1_7_B2,LAPLMG1_7_B2,HASP,LMP,LMP_PRC,LAPLMG1_7_B2,ALL,1,30.08589,3,5
2012-11-12T05:30:00-00:00,2012-11-12T05:45:00-00:00,2012-11-11,22,LAPLMG1_7_B2,LAPLMG1_7_B2,LAPLMG1_7_B2,HASP,LMP,LMP_PRC,LAPLMG1_7_B2,ALL,1,28.32255,3,5
2012-11-12T06:30:00-00:00,2012-11-12T06:45:00-00:00,2012-11-11,23,LAPLMG1_7_B2,LAPLMG1_7_B2,LAPLMG1_7_B2,HASP,LMP,LMP_PRC,LAPLMG1_7_B2,ALL,1,28.45478,3,5
2012-11-12T07:30:00-00:00,2012-11-12T07:45:00-00:00,2012-11-11,24,LAPLMG1_7_B2,LAPLMG1_7_B2,LAPLMG1_7_B2,HASP,LMP,LMP_PRC,LAPLMG1_7_B2,ALL,1,25.53484,3,5
2012-11-11T08:45:00-00:00,2012-11-11T09:00:00-00:00,2012-11-11,01,LAPLMG1_7_B2,LAPLMG1_7_B2,LAPLMG1_7_B2,HASP,LMP,LMP_PRC,LAPLMG1_7_B2,ALL,1,26.47043,4,5
2012-11-11T09:45:00-00:00,2012-11-11T10:00:00-00:00,2012-11-11,02,LAPLMG1_7_B2,LAPLMG1_7_B2,LAPLMG1_7_B2,HASP,LMP,LMP_PRC,LAPLMG1_7_B2,ALL,1,27.12936,4,5
2012-11-11T10:45:00-00:00,2012-11-11T11:00:00-00:00,2012-11-11,03,LAPLMG1_7_B2,LAPLMG1_7_B2,LAPLMG1_7_B2,HASP,LMP,LMP_PRC,LAPLMG1_7_B2,ALL,1,25.78421,4,5
2012-11-11T11:45:00-00:00,2012-11-11T12:00:00-00:00,2012-11-11,04,LAPLMG1_7_B2,LAPLMG1_7_B2,LAPLMG1_7_B2,HASP,LMP,LMP_PRC,LAPLMG1_7_B2,ALL,1,29.12127,4,5
2012-11-11T12:45:00-00:00,2012-11-11T13:00:00-00:00,2012-11-11,05,LAPLMG1_7_B2,LAPLMG1_7_B2,LAPLMG1_7_B2,HASP,LMP,LMP_PRC,LAPLMG1_7_B2,ALL,1,32.72058,4,5
2012-11-11T13:45:00-00:00,2012-11-11T14:00:00-00:00,2012-11-11,06,LAPLMG1_7_B2,LAPLMG1_7_B2,LAPLMG1_7_B2,HASP,LMP,LMP_PRC,LAPLMG1_7_B2,ALL,1,33.14648,4,5
2012-11-11T14:45:00-00:00,2012-11-11T15:00:00-00:00,2012-11-11,07,LAPLMG1_7_B2,LAPLMG1_7_B2,LAPLMG1_7_B2,HASP,LMP,LMP_PRC,LAPLMG1_7_B2,ALL,1,25.69941,4,5
2012-11-11T15:45:00-00:00,2012-11-11T16:00:00-00:00,2012-11-11,08,LAPLMG1_7_B2,LAPLMG1_7_B2,LAPLMG1_7_B2,HASP,LMP,LMP_PRC,LAPLMG1_7_B2,ALL,1,30.89661,4,5
2012-11-11T16:45:00-00:00,2012-11-11T17:00:00-00:00,2012-11-11,09,LAPLMG1_7_B2,LAPLMG1_7_B2,LAPLMG1_7_B2,HASP,LMP,LMP_PRC,LAPLMG1_7_B2,ALL,1,33.20729,4,5
2012-11-11T17:45:00-00:00,2012-11-11T18:00:00-00:00,2012-11-11,10,LAPLMG1_7_B2,LAPLMG1_7_B2,LAPLMG1_7_B2,HASP,LMP,LMP_PRC,LAPLMG1_7_B2,ALL,1,34.20441,4,5
2012-11-11T18:45:00-00:00,2012-11-11T19:00:00-00:00,2012-11-11,11,LAPLMG1_7_B2,LAPLMG1_7_B2,LAPLMG1_7_B2,HASP,LMP,LMP_PRC,LAPLMG1_7_B2,ALL,1,27.9225,4,5
2012-11-11T19:45:00-00:00,2012-11-11T20:00:00-00:00,2012-11-11,12,LAPLMG1_7_B2,LAPLMG1_7_B2,LAPLMG1_7_B2,HASP,LMP,LMP_PRC,LAPLMG1_7_B2,ALL,1,28.2595,4,5
2012-11-11T20:45:00-00:00,2012-11-11T21:00:00-00:00,2012-11-11,13,LAPLMG1_7_B2,LAPLMG1_7_B2,LAPLMG1_7_B2,HASP,LMP,LMP_PRC,LAPLMG1_7_B2,ALL,1,25.35444,4,5
2012-11-11T21:45:00-00:00,2012-11-11T22:00:00-00:00,2012-11-11,14,LAPLMG1_7_B2,LAPLMG1_7_B2,LAPLMG1_7_B2,HASP,LMP,LMP_PRC,LAPLMG1_7_B2,ALL,1,25.36214,4,5
2012-11-11T22:45:00-00:00,2012-11-11T23:00:00-00:00,2012-11-11,15,LAPLMG1_7_B2,LAPLMG1_7_B2,LAPLMG1_7_B2,HASP,LMP,LMP_PRC,LAPLMG1_7_B2,ALL,1,24.80195,4,5
2012-11-11T23:45:00-00:00,2012-11-12T00:00:00-00:00,2012-11-11,16,LAPLMG1_7_B2,LAPLMG1_7_B2,LAPLMG1_7_B2,HASP,LMP,LMP_PRC,LAPLMG1_7_B2,ALL,1,23.53814,4,5
2012-11-12T00:45:00-00:00,2012-11-12T01:00:00-00:00,2012-11-11,17,LAPLMG1_7_B2,LAPLMG1_7_B2,LAPLMG1_7_B2,HASP,LMP,LMP_PRC,LAPLMG1_7_B2,ALL,1,23.24223,4,5
2012-11-12T01:45:00-00:00,2012-11-12T02:00:00-00:00,2012-11-11,18,LAPLMG1_7_B2,LAPLMG1_7_B2,LAPLMG1_7_B2,HASP,LMP,LMP_PRC,LAPLMG1_7_B2,ALL,1,48.30746,4,5
2012-11-12T02:45:00-00:00,2012-11-12T03:00:00-00:00,2012-11-11,19,LAPLMG1_7_B2,LAPLMG1_7_B2,LAPLMG1_7_B2,HASP,LMP,LMP_PRC,LAPLMG1_7_B2,ALL,1,39.29878,4,5
2012-11-12T03:45:00-00:00,2012-11-12T04:00:00-00:00,2012-11-11,20,LAPLMG1_7_B2,LAPLMG1_7_B2,LAPLMG1_7_B2,HASP,LMP,LMP_PRC,LAPLMG1_7_B2,ALL,1,31.14936,4,5
2012-11-12T04:45:00-00:00,2012-11-12T05:00:00-00:00,2012-11-11,21,LAPLMG1_7_B2,LAPLMG1_7_B2,LAPLMG1_7_B2,HASP,LMP,LMP_PRC,LAPLMG1_7_B2,ALL,1,27.67801,4,5
2012-11-12T05:45:00-00:00,2012-11-12T06:00:00-00:00,2012-11-11,22,LAPLMG1_7_B2,LAPLMG1_7_B2,LAPLMG1_7_B2,HASP,LMP,LMP_PRC,LAPLMG1_7_B2,ALL,1,25.38183,4,5
2012-11-12T06:45:00-00:00,2012-11-12T07:00:00-00:00,2012-11-11,23,LAPLMG1_7_B2,LAPLMG1_7_B2,LAPLMG1_7_B2,HASP,LMP,LMP_PRC,LAPLMG1_7_B2,ALL,1,25.27146,4,5
2012-11-12T07:45:00-00:00,2012-11-12T08:00:00-00:00,2012-11-11,24,LAPLMG1_7_B2,LAPLMG1_7_B2,LAPLMG1_7_B2,HASP,LMP,LMP_PRC,LAPLMG1_7_B2,ALL,1,25.91597,4,5
2012-11-11T08:00:00-00:00,2012-11-11T08:15:00-00:00,2012-11-11,01,LAPLMG1_7_B2,LAPLMG1_7_B2,LAPLMG1_7_B2,HASP,MCC,LMP_CONG_PRC,LAPLMG1_7_B2,ALL,1,0.53577,1,6
2012-11-11T09:00:00-00:00,2012-11-11T09:15:00-00:00,2012-11-11,02,LAPLMG1_7_B2,LAPLMG1_7_B2,LAPLMG1_7_B2,HASP,MCC,LMP_CONG_PRC,LAPLMG1_7_B2,ALL,1,0.96484,1,6
2012-11-11T10:00:00-00:00,2012-11-11T10:15:00-00:00,2012-11-11,03,LAPLMG1_7_B2,LAPLMG1_7_B2,LAPLMG1_7_B2,HASP,MCC,LMP_CONG_PRC,LAPLMG1_7_B2,ALL,1,0.84034,1,6
2012-11-11T11:00:00-00:00,2012-11-11T11:15:00-00:00,2012-11-11,04,LAPLMG1_7_B2,LAPLMG1_7_B2,LAPLMG1_7_B2,HASP,MCC,LMP_CONG_PRC,LAPLMG1_7_B2,ALL,1,1.18689,1,6
2012-11-11T12:00:00-00:00,2012-11-11T12:15:00-00:00,2012-11-11,05,LAPLMG1_7_B2,LAPLMG1_7_B2,LAPLMG1_7_B2,HASP,MCC,LMP_CONG_PRC,LAPLMG1_7_B2,ALL,1,1.19269,1,6
2012-11-11T13:00:00-00:00,2012-11-11T13:15:00-00:00,2012-11-11,06,LAPLMG1_7_B2,LAPLMG1_7_B2,LAPLMG1_7_B2,HASP,MCC,LMP_CONG_PRC,LAPLMG1_7_B2,ALL,1,0,1,6
2012-11-11T14:00:00-00:00,2012-11-11T14:15:00-00:00,2012-11-11,07,LAPLMG1_7_B2,LAPLMG1_7_B2,LAPLMG1_7_B2,HASP,MCC,LMP_CONG_PRC,LAPLMG1_7_B2,ALL,1,0,1,6
2012-11-11T15:00:00-00:00,2012-11-11T15:15:00-00:00,2012-11-11,08,LAPLMG1_7_B2,LAPLMG1_7_B2,LAPLMG1_7_B2,HASP,MCC,LMP_CONG_PRC,LAPLMG1_7_B2,ALL,1,-0.26071,1,6
2012-11-11T16:00:00-00:00,2012-11-11T16:15:00-00:00,2012-11-11,09,LAPLMG1_7_B2,LAPLMG1_7_B2,LAPLMG1_7_B2,HASP,MCC,LMP_CONG_PRC,LAPLMG1_7_B2,ALL,1,-0.41895,1,6
2012-11-11T17:00:00-00:00,2012-11-11T17:15:00-00:00,2012-11-11,10,LAPLMG1_7_B2,LAPLMG1_7_B2,LAPLMG1_7_B2,HASP,MCC,LMP_CONG_PRC,LAPLMG1_7_B2,ALL,1,0,1,6
2012-11-11T18:00:00-00:00,2012-11-11T18:15:00-00:00,2012-11-11,11,LAPLMG1_7_B2,LAPLMG1_7_B2,LAPLMG1_7_B2,HASP,MCC,LMP_CONG_PRC,LAPLMG1_7_B2,ALL,1,0.01511,1,6
2012-11-11T19:00:00-00:00,2012-11-11T19:15:00-00:00,2012-11-11,12,LAPLMG1_7_B2,LAPLMG1_7_B2,LAPLMG1_7_B2,HASP,MCC,LMP_CONG_PRC,LAPLMG1_7_B2,ALL,1,0.02387,1,6
2012-11-11T20:00:00-00:00,2012-11-11T20:15:00-00:00,2012-11-11,13,LAPLMG1_7_B2,LAPLMG1_7_B2,LAPLMG1_7_B2,HASP,MCC,LMP_CONG_PRC,LAPLMG1_7_B2,ALL,1,0,1,6
2012-11-11T21:00:00-00:00,2012-11-11T21:15:00-00:00,2012-11-11,14,LAPLMG1_7_B2,LAPLMG1_7_B2,LAPLMG1_7_B2,HASP,MCC,LMP_CONG_PRC,LAPLMG1_7_B2,ALL,1,-0.04095,1,6
2012-11-11T22:00:00-00:00,2012-11-11T22:15:00-00:00,2012-11-11,15,LAPLMG1_7_B2,LAPLMG1_7_B2,LAPLMG1_7_B2,HASP,MCC,LMP_CONG_PRC,LAPLMG1_7_B2,ALL,1,-0.21,1,6
2012-11-11T23:00:00-00:00,2012-11-11T23:15:00-00:00,2012-11-11,16,LAPLMG1_7_B2,LAPLMG1_7_B2,LAPLMG1_7_B2,HASP,MCC,LMP_CONG_PRC,LAPLMG1_7_B2,ALL,1,-7.21141,1,6
2012-11-12T00:00:00-00:00,2012-11-12T00:15:00-00:00,2012-11-11,17,LAPLMG1_7_B2,LAPLMG1_7_B2,LAPLMG1_7_B2,HASP,MCC,LMP_CONG_PRC,LAPLMG1_7_B2,ALL,1,0,1,6
2012-11-12T01:00:00-00:00,2012-11-12T01:15:00-00:00,2012-11-11,18,LAPLMG1_7_B2,LAPLMG1_7_B2,LAPLMG1_7_B2,HASP,MCC,LMP_CONG_PRC,LAPLMG1_7_B2,ALL,1,1.04076,1,6
2012-11-12T02:00:00-00:00,2012-11-12T02:15:00-00:00,2012-11-11,19,LAPLMG1_7_B2,LAPLMG1_7_B2,LAPLMG1_7_B2,HASP,MCC,LMP_CONG_PRC,LAPLMG1_7_B2,ALL,1,0.98876,1,6
2012-11-12T03:00:00-00:00,2012-11-12T03:15:00-00:00,2012-11-11,20,LAPLMG1_7_B2,LAPLMG1_7_B2,LAPLMG1_7_B2,HASP,MCC,LMP_CONG_PRC,LAPLMG1_7_B2,ALL,1,-7.54151,1,6
2012-11-12T04:00:00-00:00,2012-11-12T04:15:00-00:00,2012-11-11,21,LAPLMG1_7_B2,LAPLMG1_7_B2,LAPLMG1_7_B2,HASP,MCC,LMP_CONG_PRC,LAPLMG1_7_B2,ALL,1,-8.76516,1,6
2012-11-12T05:00:00-00:00,2012-11-12T05:15:00-00:00,2012-11-11,22,LAPLMG1_7_B2,LAPLMG1_7_B2,LAPLMG1_7_B2,HASP,MCC,LMP_CONG_PRC,LAPLMG1_7_B2,ALL,1,-0.11253,1,6
2012-11-12T06:00:00-00:00,2012-11-12T06:15:00-00:00,2012-11-11,23,LAPLMG1_7_B2,LAPLMG1_7_B2,LAPLMG1_7_B2,HASP,MCC,LMP_CONG_PRC,LAPLMG1_7_B2,ALL,1,-5.55171,1,6
2012-11-12T07:00:00-00:00,2012-11-12T07:15:00-00:00,2012-11-11,24,LAPLMG1_7_B2,LAPLMG1_7_B2,LAPLMG1_7_B2,HASP,MCC,LMP_CONG_PRC,LAPLMG1_7_B2,ALL,1,-7.32904,1,6
2012-11-11T08:15:00-00:00,2012-11-11T08:30:00-00:00,2012-11-11,01,LAPLMG1_7_B2,LAPLMG1_7_B2,LAPLMG1_7_B2,HASP,MCC,LMP_CONG_PRC,LAPLMG1_7_B2,ALL,1,0.42056,2,6
2012-11-11T09:15:00-00:00,2012-11-11T09:30:00-00:00,2012-11-11,02,LAPLMG1_7_B2,LAPLMG1_7_B2,LAPLMG1_7_B2,HASP,MCC,LMP_CONG_PRC,LAPLMG1_7_B2,ALL,1,0.92175,2,6
2012-11-11T10:15:00-00:00,2012-11-11T10:30:00-00:00,2012-11-11,03,LAPLMG1_7_B2,LAPLMG1_7_B2,LAPLMG1_7_B2,HASP,MCC,LMP_CONG_PRC,LAPLMG1_7_B2,ALL,1,0.84039,2,6
2012-11-11T11:15:00-00:00,2012-11-11T11:30:00-00:00,2012-11-11,04,LAPLMG1_7_B2,LAPLMG1_7_B2,LAPLMG1_7_B2,HASP,MCC,LMP_CONG_PRC,LAPLMG1_7_B2,ALL,1,1.19479,2,6
2012-11-11T12:15:00-00:00,2012-11-11T12:30:00-00:00,2012-11-11,05,LAPLMG1_7_B2,LAPLMG1_7_B2,LAPLMG1_7_B2,HASP,MCC,LMP_CONG_PRC,LAPLMG1_7_B2,ALL,1,1.19352,2,6
2012-11-11T13:15:00-00:00,2012-11-11T13:30:00-00:00,2012-11-11,06,LAPLMG1_7_B2,LAPLMG1_7_B2,LAPLMG1_7_B2,HASP,MCC,LMP_CONG_PRC,LAPLMG1_7_B2,ALL,1,0,2,6
2012-11-11T14:15:00-00:00,2012-11-11T14:30:00-00:00,2012-11-11,07,LAPLMG1_7_B2,LAPLMG1_7_B2,LAPLMG1_7_B2,HASP,MCC,LMP_CONG_PRC,LAPLMG1_7_B2,ALL,1,0,2,6
2012-11-11T15:15:00-00:00,2012-11-11T15:30:00-00:00,2012-11-11,08,LAPLMG1_7_B2,LAPLMG1_7_B2,LAPLMG1_7_B2,HASP,MCC,LMP_CONG_PRC,LAPLMG1_7_B2,ALL,1,-1.28472,2,6
2012-11-11T16:15:00-00:00,2012-11-11T16:30:00-00:00,2012-11-11,09,LAPLMG1_7_B2,LAPLMG1_7_B2,LAPLMG1_7_B2,HASP,MCC,LMP_CONG_PRC,LAPLMG1_7_B2,ALL,1,-1.4323,2,6
2012-11-11T17:15:00-00:00,2012-11-11T17:30:00-00:00,2012-11-11,10,LAPLMG1_7_B2,LAPLMG1_7_B2,LAPLMG1_7_B2,HASP,MCC,LMP_CONG_PRC,LAPLMG1_7_B2,ALL,1,-2.44475,2,6
2012-11-11T18:15:00-00:00,2012-11-11T18:30:00-00:00,2012-11-11,11,LAPLMG1_7_B2,LAPLMG1_7_B2,LAPLMG1_7_B2,HASP,MCC,LMP_CONG_PRC,LAPLMG1_7_B2,ALL,1,0.01044,2,6
2012-11-11T19:15:00-00:00,2012-11-11T19:30:00-00:00,2012-11-11,12,LAPLMG1_7_B2,LAPLMG1_7_B2,LAPLMG1_7_B2,HASP,MCC,LMP_CONG_PRC,LAPLMG1_7_B2,ALL,1,0.0172,2,6
2012-11-11T20:15:00-00:00,2012-11-11T20:30:00-00:00,2012-11-11,13,LAPLMG1_7_B2,LAPLMG1_7_B2,LAPLMG1_7_B2,HASP,MCC,LMP_CONG_PRC,LAPLMG1_7_B2,ALL,1,-0.05448,2,6
2012-11-11T21:15:00-00:00,2012-11-11T21:30:00-00:00,2012-11-11,14,LAPLMG1_7_B2,LAPLMG1_7_B2,LAPLMG1_7_B2,HASP,MCC,LMP_CONG_PRC,LAPLMG1_7_B2,ALL,1,-0.04978,2,6
2012-11-11T22:15:00-00:00,2012-11-11T22:30:00-00:00,2012-11-11,15,LAPLMG1_7_B2,LAPLMG1_7_B2,LAPLMG1_7_B2,HASP,MCC,LMP_CONG_PRC,LAPLMG1_7_B2,ALL,1,-0.30334,2,6
2012-11-11T23:15:00-00:00,2012-11-11T23:30:00-00:00,2012-11-11,16,LAPLMG1_7_B2,LAPLMG1_7_B2,LAPLMG1_7_B2,HASP,MCC,LMP_CONG_PRC,LAPLMG1_7_B2,ALL,1,-7.17844,2,6
2012-11-12T00:15:00-00:00,2012-11-12T00:30:00-00:00,2012-11-11,17,LAPLMG1_7_B2,LAPLMG1_7_B2,LAPLMG1_7_B2,HASP,MCC,LMP_CONG_PRC,LAPLMG1_7_B2,ALL,1,-4.81542,2,6
2012-11-12T01:15:00-00:00,2012-11-12T01:30:00-00:00,2012-11-11,18,LAPLMG1_7_B2,LAPLMG1_7_B2,LAPLMG1_7_B2,HASP,MCC,LMP_CONG_PRC,LAPLMG1_7_B2,ALL,1,1.04102,2,6
2012-11-12T02:15:00-00:00,2012-11-12T02:30:00-00:00,2012-11-11,19,LAPLMG1_7_B2,LAPLMG1_7_B2,LAPLMG1_7_B2,HASP,MCC,LMP_CONG_PRC,LAPLMG1_7_B2,ALL,1,0.99228,2,6
2012-11-12T03:15:00-00:00,2012-11-12T03:30:00-00:00,2012-11-11,20,LAPLMG1_7_B2,LAPLMG1_7_B2,LAPLMG1_7_B2,HASP,MCC,LMP_CONG_PRC,LAPLMG1_7_B2,ALL,1,-7.92574,2,6
2012-11-12T04:15:00-00:00,2012-11-12T04:30:00-00:00,2012-11-11,21,LAPLMG1_7_B2,LAPLMG1_7_B2,LAPLMG1_7_B2,HASP,MCC,LMP_CONG_PRC,LAPLMG1_7_B2,ALL,1,-9.6807,2,6
2012-11-12T05:15:00-00:00,2012-11-12T05:30:00-00:00,2012-11-11,22,LAPLMG1_7_B2,LAPLMG1_7_B2,LAPLMG1_7_B2,HASP,MCC,LMP_CONG_PRC,LAPLMG1_7_B2,ALL,1,-2.70841,2,6
2012-11-12T06:15:00-00:00,2012-11-12T06:30:00-00:00,2012-11-11,23,LAPLMG1_7_B2,LAPLMG1_7_B2,LAPLMG1_7_B2,HASP,MCC,LMP_CONG_PRC,LAPLMG1_7_B2,ALL,1,0.02629,2,6
2012-11-12T07:15:00-00:00,2012-11-12T07:30:00-00:00,2012-11-11,24,LAPLMG1_7_B2,LAPLMG1_7_B2,LAPLMG1_7_B2,HASP,MCC,LMP_CONG_PRC,LAPLMG1_7_B2,ALL,1,0.02281,2,6
2012-11-11T08:30:00-00:00,2012-11-11T08:45:00-00:00,2012-11-11,01,LAPLMG1_7_B2,LAPLMG1_7_B2,LAPLMG1_7_B2,HASP,MCC,LMP_CONG_PRC,LAPLMG1_7_B2,ALL,1,0.40768,3,6
2012-11-11T09:30:00-00:00,2012-11-11T09:45:00-00:00,2012-11-11,02,LAPLMG1_7_B2,LAPLMG1_7_B2,LAPLMG1_7_B2,HASP,MCC,LMP_CONG_PRC,LAPLMG1_7_B2,ALL,1,0.90968,3,6
2012-11-11T10:30:00-00:00,2012-11-11T10:45:00-00:00,2012-11-11,03,LAPLMG1_7_B2,LAPLMG1_7_B2,LAPLMG1_7_B2,HASP,MCC,LMP_CONG_PRC,LAPLMG1_7_B2,ALL,1,0.84044,3,6
2012-11-11T11:30:00-00:00,2012-11-11T11:45:00-00:00,2012-11-11,04,LAPLMG1_7_B2,LAPLMG1_7_B2,LAPLMG1_7_B2,HASP,MCC,LMP_CONG_PRC,LAPLMG1_7_B2,ALL,1,1.19461,3,6
2012-11-11T12:30:00-00:00,2012-11-11T12:45:00-00:00,2012-11-11,05,LAPLMG1_7_B2,LAPLMG1_7_B2,LAPLMG1_7_B2,HASP,MCC,LMP_CONG_PRC,LAPLMG1_7_B2,ALL,1,1.19417,3,6
2012-11-11T13:30:00-00:00,2012-11-11T13:45:00-00:00,2012-11-11,06,LAPLMG1_7_B2,LAPLMG1_7_B2,LAPLMG1_7_B2,HASP,MCC,LMP_CONG_PRC,LAPLMG1_7_B2,ALL,1,0,3,6
2012-11-11T14:30:00-00:00,2012-11-11T14:45:00-00:00,2012-11-11,07,LAPLMG1_7_B2,LAPLMG1_7_B2,LAPLMG1_7_B2,HASP,MCC,LMP_CONG_PRC,LAPLMG1_7_B2,ALL,1,0,3,6
2012-11-11T15:30:00-00:00,2012-11-11T15:45:00-00:00,2012-11-11,08,LAPLMG1_7_B2,LAPLMG1_7_B2,LAPLMG1_7_B2,HASP,MCC,LMP_CONG_PRC,LAPLMG1_7_B2,ALL,1,-1.97585,3,6
2012-11-11T16:30:00-00:00,2012-11-11T16:45:00-00:00,2012-11-11,09,LAPLMG1_7_B2,LAPLMG1_7_B2,LAPLMG1_7_B2,HASP,MCC,LMP_CONG_PRC,LAPLMG1_7_B2,ALL,1,-5.4348,3,6
2012-11-11T17:30:00-00:00,2012-11-11T17:45:00-00:00,2012-11-11,10,LAPLMG1_7_B2,LAPLMG1_7_B2,LAPLMG1_7_B2,HASP,MCC,LMP_CONG_PRC,LAPLMG1_7_B2,ALL,1,-2.37917,3,6
2012-11-11T18:30:00-00:00,2012-11-11T18:45:00-00:00,2012-11-11,11,LAPLMG1_7_B2,LAPLMG1_7_B2,LAPLMG1_7_B2,HASP,MCC,LMP_CONG_PRC,LAPLMG1_7_B2,ALL,1,0,3,6
2012-11-11T19:30:00-00:00,2012-11-11T19:45:00-00:00,2012-11-11,12,LAPLMG1_7_B2,LAPLMG1_7_B2,LAPLMG1_7_B2,HASP,MCC,LMP_CONG_PRC,LAPLMG1_7_B2,ALL,1,0,3,6
2012-11-11T20:30:00-00:00,2012-11-11T20:45:00-00:00,2012-11-11,13,LAPLMG1_7_B2,LAPLMG1_7_B2,LAPLMG1_7_B2,HASP,MCC,LMP_CONG_PRC,LAPLMG1_7_B2,ALL,1,-0.05587,3,6
2012-11-11T21:30:00-00:00,2012-11-11T21:45:00-00:00,2012-11-11,14,LAPLMG1_7_B2,LAPLMG1_7_B2,LAPLMG1_7_B2,HASP,MCC,LMP_CONG_PRC,LAPLMG1_7_B2,ALL,1,-0.05198,3,6
2012-11-11T22:30:00-00:00,2012-11-11T22:45:00-00:00,2012-11-11,15,LAPLMG1_7_B2,LAPLMG1_7_B2,LAPLMG1_7_B2,HASP,MCC,LMP_CONG_PRC,LAPLMG1_7_B2,ALL,1,-0.2003,3,6
2012-11-11T23:30:00-00:00,2012-11-11T23:45:00-00:00,2012-11-11,16,LAPLMG1_7_B2,LAPLMG1_7_B2,LAPLMG1_7_B2,HASP,MCC,LMP_CONG_PRC,LAPLMG1_7_B2,ALL,1,-12.18663,3,6
2012-11-12T00:30:00-00:00,2012-11-12T00:45:00-00:00,2012-11-11,17,LAPLMG1_7_B2,LAPLMG1_7_B2,LAPLMG1_7_B2,HASP,MCC,LMP_CONG_PRC,LAPLMG1_7_B2,ALL,1,-11.2812,3,6
2012-11-12T01:30:00-00:00,2012-11-12T01:45:00-00:00,2012-11-11,18,LAPLMG1_7_B2,LAPLMG1_7_B2,LAPLMG1_7_B2,HASP,MCC,LMP_CONG_PRC,LAPLMG1_7_B2,ALL,1,0.96109,3,6
2012-11-12T02:30:00-00:00,2012-11-12T02:45:00-00:00,2012-11-11,19,LAPLMG1_7_B2,LAPLMG1_7_B2,LAPLMG1_7_B2,HASP,MCC,LMP_CONG_PRC,LAPLMG1_7_B2,ALL,1,1.00204,3,6
2012-11-12T03:30:00-00:00,2012-11-12T03:45:00-00:00,2012-11-11,20,LAPLMG1_7_B2,LAPLMG1_7_B2,LAPLMG1_7_B2,HASP,MCC,LMP_CONG_PRC,LAPLMG1_7_B2,ALL,1,-4.12054,3,6
2012-11-12T04:30:00-00:00,2012-11-12T04:45:00-00:00,2012-11-11,21,LAPLMG1_7_B2,LAPLMG1_7_B2,LAPLMG1_7_B2,HASP,MCC,LMP_CONG_PRC,LAPLMG1_7_B2,ALL,1,-10.17535,3,6
2012-11-12T05:30:00-00:00,2012-11-12T05:45:00-00:00,2012-11-11,22,LAPLMG1_7_B2,LAPLMG1_7_B2,LAPLMG1_7_B2,HASP,MCC,LMP_CONG_PRC,LAPLMG1_7_B2,ALL,1,0.01034,3,6
2012-11-12T06:30:00-00:00,2012-11-12T06:45:00-00:00,2012-11-11,23,LAPLMG1_7_B2,LAPLMG1_7_B2,LAPLMG1_7_B2,HASP,MCC,LMP_CONG_PRC,LAPLMG1_7_B2,ALL,1,0.01253,3,6
2012-11-12T07:30:00-00:00,2012-11-12T07:45:00-00:00,2012-11-11,24,LAPLMG1_7_B2,LAPLMG1_7_B2,LAPLMG1_7_B2,HASP,MCC,LMP_CONG_PRC,LAPLMG1_7_B2,ALL,1,-0.05813,3,6
2012-11-11T08:45:00-00:00,2012-11-11T09:00:00-00:00,2012-11-11,01,LAPLMG1_7_B2,LAPLMG1_7_B2,LAPLMG1_7_B2,HASP,MCC,LMP_CONG_PRC,LAPLMG1_7_B2,ALL,1,0.36032,4,6
2012-11-11T09:45:00-00:00,2012-11-11T10:00:00-00:00,2012-11-11,02,LAPLMG1_7_B2,LAPLMG1_7_B2,LAPLMG1_7_B2,HASP,MCC,LMP_CONG_PRC,LAPLMG1_7_B2,ALL,1,0.88646,4,6
2012-11-11T10:45:00-00:00,2012-11-11T11:00:00-00:00,2012-11-11,03,LAPLMG1_7_B2,LAPLMG1_7_B2,LAPLMG1_7_B2,HASP,MCC,LMP_CONG_PRC,LAPLMG1_7_B2,ALL,1,0.82739,4,6
2012-11-11T11:45:00-00:00,2012-11-11T12:00:00-00:00,2012-11-11,04,LAPLMG1_7_B2,LAPLMG1_7_B2,LAPLMG1_7_B2,HASP,MCC,LMP_CONG_PRC,LAPLMG1_7_B2,ALL,1,1.19485,4,6
2012-11-11T12:45:00-00:00,2012-11-11T13:00:00-00:00,2012-11-11,05,LAPLMG1_7_B2,LAPLMG1_7_B2,LAPLMG1_7_B2,HASP,MCC,LMP_CONG_PRC,LAPLMG1_7_B2,ALL,1,1.26832,4,6
2012-11-11T13:45:00-00:00,2012-11-11T14:00:00-00:00,2012-11-11,06,LAPLMG1_7_B2,LAPLMG1_7_B2,LAPLMG1_7_B2,HASP,MCC,LMP_CONG_PRC,LAPLMG1_7_B2,ALL,1,0,4,6
2012-11-11T14:45:00-00:00,2012-11-11T15:00:00-00:00,2012-11-11,07,LAPLMG1_7_B2,LAPLMG1_7_B2,LAPLMG1_7_B2,HASP,MCC,LMP_CONG_PRC,LAPLMG1_7_B2,ALL,1,0,4,6
2012-11-11T15:45:00-00:00,2012-11-11T16:00:00-00:00,2012-11-11,08,LAPLMG1_7_B2,LAPLMG1_7_B2,LAPLMG1_7_B2,HASP,MCC,LMP_CONG_PRC,LAPLMG1_7_B2,ALL,1,-5.7328,4,6
2012-11-11T16:45:00-00:00,2012-11-11T17:00:00-00:00,2012-11-11,09,LAPLMG1_7_B2,LAPLMG1_7_B2,LAPLMG1_7_B2,HASP,MCC,LMP_CONG_PRC,LAPLMG1_7_B2,ALL,1,-3.97996,4,6
2012-11-11T17:45:00-00:00,2012-11-11T18:00:00-00:00,2012-11-11,10,LAPLMG1_7_B2,LAPLMG1_7_B2,LAPLMG1_7_B2,HASP,MCC,LMP_CONG_PRC,LAPLMG1_7_B2,ALL,1,-3.55061,4,6
2012-11-11T18:45:00-00:00,2012-11-11T19:00:00-00:00,2012-11-11,11,LAPLMG1_7_B2,LAPLMG1_7_B2,LAPLMG1_7_B2,HASP,MCC,LMP_CONG_PRC,LAPLMG1_7_B2,ALL,1,-0.00804,4,6
2012-11-11T19:45:00-00:00,2012-11-11T20:00:00-00:00,2012-11-11,12,LAPLMG1_7_B2,LAPLMG1_7_B2,LAPLMG1_7_B2,HASP,MCC,LMP_CONG_PRC,LAPLMG1_7_B2,ALL,1,-0.0005,4,6
2012-11-11T20:45:00-00:00,2012-11-11T21:00:00-00:00,2012-11-11,13,LAPLMG1_7_B2,LAPLMG1_7_B2,LAPLMG1_7_B2,HASP,MCC,LMP_CONG_PRC,LAPLMG1_7_B2,ALL,1,-0.05679,4,6
2012-11-11T21:45:00-00:00,2012-11-11T22:00:00-00:00,2012-11-11,14,LAPLMG1_7_B2,LAPLMG1_7_B2,LAPLMG1_7_B2,HASP,MCC,LMP_CONG_PRC,LAPLMG1_7_B2,ALL,1,-0.05259,4,6
2012-11-11T22:45:00-00:00,2012-11-11T23:00:00-00:00,2012-11-11,15,LAPLMG1_7_B2,LAPLMG1_7_B2,LAPLMG1_7_B2,HASP,MCC,LMP_CONG_PRC,LAPLMG1_7_B2,ALL,1,-0.199,4,6
2012-11-11T23:45:00-00:00,2012-11-12T00:00:00-00:00,2012-11-11,16,LAPLMG1_7_B2,LAPLMG1_7_B2,LAPLMG1_7_B2,HASP,MCC,LMP_CONG_PRC,LAPLMG1_7_B2,ALL,1,-134.6428,4,6
2012-11-12T00:45:00-00:00,2012-11-12T01:00:00-00:00,2012-11-11,17,LAPLMG1_7_B2,LAPLMG1_7_B2,LAPLMG1_7_B2,HASP,MCC,LMP_CONG_PRC,LAPLMG1_7_B2,ALL,1,-241.02026,4,6
2012-11-12T01:45:00-00:00,2012-11-12T02:00:00-00:00,2012-11-11,18,LAPLMG1_7_B2,LAPLMG1_7_B2,LAPLMG1_7_B2,HASP,MCC,LMP_CONG_PRC,LAPLMG1_7_B2,ALL,1,0.17278,4,6
2012-11-12T02:45:00-00:00,2012-11-12T03:00:00-00:00,2012-11-11,19,LAPLMG1_7_B2,LAPLMG1_7_B2,LAPLMG1_7_B2,HASP,MCC,LMP_CONG_PRC,LAPLMG1_7_B2,ALL,1,-0.72789,4,6
2012-11-12T03:45:00-00:00,2012-11-12T04:00:00-00:00,2012-11-11,20,LAPLMG1_7_B2,LAPLMG1_7_B2,LAPLMG1_7_B2,HASP,MCC,LMP_CONG_PRC,LAPLMG1_7_B2,ALL,1,-4.63857,4,6
2012-11-12T04:45:00-00:00,2012-11-12T05:00:00-00:00,2012-11-11,21,LAPLMG1_7_B2,LAPLMG1_7_B2,LAPLMG1_7_B2,HASP,MCC,LMP_CONG_PRC,LAPLMG1_7_B2,ALL,1,-6.28293,4,6
2012-11-12T05:45:00-00:00,2012-11-12T06:00:00-00:00,2012-11-11,22,LAPLMG1_7_B2,LAPLMG1_7_B2,LAPLMG1_7_B2,HASP,MCC,LMP_CONG_PRC,LAPLMG1_7_B2,ALL,1,-0.05701,4,6
2012-11-12T06:45:00-00:00,2012-11-12T07:00:00-00:00,2012-11-11,23,LAPLMG1_7_B2,LAPLMG1_7_B2,LAPLMG1_7_B2,HASP,MCC,LMP_CONG_PRC,LAPLMG1_7_B2,ALL,1,-0.05947,4,6
2012-11-12T07:45:00-00:00,2012-11-12T08:00:00-00:00,2012-11-11,24,LAPLMG1_7_B2,LAPLMG1_7_B2,LAPLMG1_7_B2,HASP,MCC,LMP_CONG_PRC,LAPLMG1_7_B2,ALL,1,-0.05079,4,6
2012-11-11T08:00:00-00:00,2012-11-11T08:15:00-00:00,2012-11-11,01,LAPLMG1_7_B2,LAPLMG1_7_B2,LAPLMG1_7_B2,HASP,MCE,LMP_ENE_PRC,LAPLMG1_7_B2,ALL,1,34.624,1,7
2012-11-11T09:00:00-00:00,2012-11-11T09:15:00-00:00,2012-11-11,02,LAPLMG1_7_B2,LAPLMG1_7_B2,LAPLMG1_7_B2,HASP,MCE,LMP_ENE_PRC,LAPLMG1_7_B2,ALL,1,31.24201,1,7
2012-11-11T10:00:00-00:00,2012-11-11T10:15:00-00:00,2012-11-11,03,LAPLMG1_7_B2,LAPLMG1_7_B2,LAPLMG1_7_B2,HASP,MCE,LMP_ENE_PRC,LAPLMG1_7_B2,ALL,1,26.80107,1,7
2012-11-11T11:00:00-00:00,2012-11-11T11:15:00-00:00,2012-11-11,04,LAPLMG1_7_B2,LAPLMG1_7_B2,LAPLMG1_7_B2,HASP,MCE,LMP_ENE_PRC,LAPLMG1_7_B2,ALL,1,28.67364,1,7
2012-11-11T12:00:00-00:00,2012-11-11T12:15:00-00:00,2012-11-11,05,LAPLMG1_7_B2,LAPLMG1_7_B2,LAPLMG1_7_B2,HASP,MCE,LMP_ENE_PRC,LAPLMG1_7_B2,ALL,1,29.03113,1,7
2012-11-11T13:00:00-00:00,2012-11-11T13:15:00-00:00,2012-11-11,06,LAPLMG1_7_B2,LAPLMG1_7_B2,LAPLMG1_7_B2,HASP,MCE,LMP_ENE_PRC,LAPLMG1_7_B2,ALL,1,30.52864,1,7
2012-11-11T14:00:00-00:00,2012-11-11T14:15:00-00:00,2012-11-11,07,LAPLMG1_7_B2,LAPLMG1_7_B2,LAPLMG1_7_B2,HASP,MCE,LMP_ENE_PRC,LAPLMG1_7_B2,ALL,1,27.71312,1,7
2012-11-11T15:00:00-00:00,2012-11-11T15:15:00-00:00,2012-11-11,08,LAPLMG1_7_B2,LAPLMG1_7_B2,LAPLMG1_7_B2,HASP,MCE,LMP_ENE_PRC,LAPLMG1_7_B2,ALL,1,26.46541,1,7
2012-11-11T16:00:00-00:00,2012-11-11T16:15:00-00:00,2012-11-11,09,LAPLMG1_7_B2,LAPLMG1_7_B2,LAPLMG1_7_B2,HASP,MCE,LMP_ENE_PRC,LAPLMG1_7_B2,ALL,1,31.13516,1,7
2012-11-11T17:00:00-00:00,2012-11-11T17:15:00-00:00,2012-11-11,10,LAPLMG1_7_B2,LAPLMG1_7_B2,LAPLMG1_7_B2,HASP,MCE,LMP_ENE_PRC,LAPLMG1_7_B2,ALL,1,36.02933,1,7
2012-11-11T18:00:00-00:00,2012-11-11T18:15:00-00:00,2012-11-11,11,LAPLMG1_7_B2,LAPLMG1_7_B2,LAPLMG1_7_B2,HASP,MCE,LMP_ENE_PRC,LAPLMG1_7_B2,ALL,1,30.28986,1,7
2012-11-11T19:00:00-00:00,2012-11-11T19:15:00-00:00,2012-11-11,12,LAPLMG1_7_B2,LAPLMG1_7_B2,LAPLMG1_7_B2,HASP,MCE,LMP_ENE_PRC,LAPLMG1_7_B2,ALL,1,30.62778,1,7
2012-11-11T20:00:00-00:00,2012-11-11T20:15:00-00:00,2012-11-11,13,LAPLMG1_7_B2,LAPLMG1_7_B2,LAPLMG1_7_B2,HASP,MCE,LMP_ENE_PRC,LAPLMG1_7_B2,ALL,1,29.35994,1,7
2012-11-11T21:00:00-00:00,2012-11-11T21:15:00-00:00,2012-11-11,14,LAPLMG1_7_B2,LAPLMG1_7_B2,LAPLMG1_7_B2,HASP,MCE,LMP_ENE_PRC,LAPLMG1_7_B2,ALL,1,27.25312,1,7
2012-11-11T22:00:00-00:00,2012-11-11T22:15:00-00:00,2012-11-11,15,LAPLMG1_7_B2,LAPLMG1_7_B2,LAPLMG1_7_B2,HASP,MCE,LMP_ENE_PRC,LAPLMG1_7_B2,ALL,1,26.14636,1,7
2012-11-11T23:00:00-00:00,2012-11-11T23:15:00-00:00,2012-11-11,16,LAPLMG1_7_B2,LAPLMG1_7_B2,LAPLMG1_7_B2,HASP,MCE,LMP_ENE_PRC,LAPLMG1_7_B2,ALL,1,34.59377,1,7
2012-11-12T00:00:00-00:00,2012-11-12T00:15:00-00:00,2012-11-11,17,LAPLMG1_7_B2,LAPLMG1_7_B2,LAPLMG1_7_B2,HASP,MCE,LMP_ENE_PRC,LAPLMG1_7_B2,ALL,1,31.41361,1,7
2012-11-12T01:00:00-00:00,2012-11-12T01:15:00-00:00,2012-11-11,18,LAPLMG1_7_B2,LAPLMG1_7_B2,LAPLMG1_7_B2,HASP,MCE,LMP_ENE_PRC,LAPLMG1_7_B2,ALL,1,43.03038,1,7
2012-11-12T02:00:00-00:00,2012-11-12T02:15:00-00:00,2012-11-11,19,LAPLMG1_7_B2,LAPLMG1_7_B2,LAPLMG1_7_B2,HASP,MCE,LMP_ENE_PRC,LAPLMG1_7_B2,ALL,1,40.99353,1,7
2012-11-12T03:00:00-00:00,2012-11-12T03:15:00-00:00,2012-11-11,20,LAPLMG1_7_B2,LAPLMG1_7_B2,LAPLMG1_7_B2,HASP,MCE,LMP_ENE_PRC,LAPLMG1_7_B2,ALL,1,44.30484,1,7
2012-11-12T04:00:00-00:00,2012-11-12T04:15:00-00:00,2012-11-11,21,LAPLMG1_7_B2,LAPLMG1_7_B2,LAPLMG1_7_B2,HASP,MCE,LMP_ENE_PRC,LAPLMG1_7_B2,ALL,1,44.0382,1,7
2012-11-12T05:00:00-00:00,2012-11-12T05:15:00-00:00,2012-11-11,22,LAPLMG1_7_B2,LAPLMG1_7_B2,LAPLMG1_7_B2,HASP,MCE,LMP_ENE_PRC,LAPLMG1_7_B2,ALL,1,44.28285,1,7
2012-11-12T06:00:00-00:00,2012-11-12T06:15:00-00:00,2012-11-11,23,LAPLMG1_7_B2,LAPLMG1_7_B2,LAPLMG1_7_B2,HASP,MCE,LMP_ENE_PRC,LAPLMG1_7_B2,ALL,1,37.07784,1,7
2012-11-12T07:00:00-00:00,2012-11-12T07:15:00-00:00,2012-11-11,24,LAPLMG1_7_B2,LAPLMG1_7_B2,LAPLMG1_7_B2,HASP,MCE,LMP_ENE_PRC,LAPLMG1_7_B2,ALL,1,34.40582,1,7
2012-11-11T08:15:00-00:00,2012-11-11T08:30:00-00:00,2012-11-11,01,LAPLMG1_7_B2,LAPLMG1_7_B2,LAPLMG1_7_B2,HASP,MCE,LMP_ENE_PRC,LAPLMG1_7_B2,ALL,1,30.21942,2,7
2012-11-11T09:15:00-00:00,2012-11-11T09:30:00-00:00,2012-11-11,02,LAPLMG1_7_B2,LAPLMG1_7_B2,LAPLMG1_7_B2,HASP,MCE,LMP_ENE_PRC,LAPLMG1_7_B2,ALL,1,29.22254,2,7
2012-11-11T10:15:00-00:00,2012-11-11T10:30:00-00:00,2012-11-11,03,LAPLMG1_7_B2,LAPLMG1_7_B2,LAPLMG1_7_B2,HASP,MCE,LMP_ENE_PRC,LAPLMG1_7_B2,ALL,1,26.7926,2,7
2012-11-11T11:15:00-00:00,2012-11-11T11:30:00-00:00,2012-11-11,04,LAPLMG1_7_B2,LAPLMG1_7_B2,LAPLMG1_7_B2,HASP,MCE,LMP_ENE_PRC,LAPLMG1_7_B2,ALL,1,29.16907,2,7
2012-11-11T12:15:00-00:00,2012-11-11T12:30:00-00:00,2012-11-11,05,LAPLMG1_7_B2,LAPLMG1_7_B2,LAPLMG1_7_B2,HASP,MCE,LMP_ENE_PRC,LAPLMG1_7_B2,ALL,1,29.06366,2,7
2012-11-11T13:15:00-00:00,2012-11-11T13:30:00-00:00,2012-11-11,06,LAPLMG1_7_B2,LAPLMG1_7_B2,LAPLMG1_7_B2,HASP,MCE,LMP_ENE_PRC,LAPLMG1_7_B2,ALL,1,29.99474,2,7
2012-11-11T14:15:00-00:00,2012-11-11T14:30:00-00:00,2012-11-11,07,LAPLMG1_7_B2,LAPLMG1_7_B2,LAPLMG1_7_B2,HASP,MCE,LMP_ENE_PRC,LAPLMG1_7_B2,ALL,1,26.76495,2,7
2012-11-11T15:15:00-00:00,2012-11-11T15:30:00-00:00,2012-11-11,08,LAPLMG1_7_B2,LAPLMG1_7_B2,LAPLMG1_7_B2,HASP,MCE,LMP_ENE_PRC,LAPLMG1_7_B2,ALL,1,29.39223,2,7
2012-11-11T16:15:00-00:00,2012-11-11T16:30:00-00:00,2012-11-11,09,LAPLMG1_7_B2,LAPLMG1_7_B2,LAPLMG1_7_B2,HASP,MCE,LMP_ENE_PRC,LAPLMG1_7_B2,ALL,1,32.22772,2,7
2012-11-11T17:15:00-00:00,2012-11-11T17:30:00-00:00,2012-11-11,10,LAPLMG1_7_B2,LAPLMG1_7_B2,LAPLMG1_7_B2,HASP,MCE,LMP_ENE_PRC,LAPLMG1_7_B2,ALL,1,40.99137,2,7
2012-11-11T18:15:00-00:00,2012-11-11T18:30:00-00:00,2012-11-11,11,LAPLMG1_7_B2,LAPLMG1_7_B2,LAPLMG1_7_B2,HASP,MCE,LMP_ENE_PRC,LAPLMG1_7_B2,ALL,1,30.06673,2,7
2012-11-11T19:15:00-00:00,2012-11-11T19:30:00-00:00,2012-11-11,12,LAPLMG1_7_B2,LAPLMG1_7_B2,LAPLMG1_7_B2,HASP,MCE,LMP_ENE_PRC,LAPLMG1_7_B2,ALL,1,30.33681,2,7
2012-11-11T20:15:00-00:00,2012-11-11T20:30:00-00:00,2012-11-11,13,LAPLMG1_7_B2,LAPLMG1_7_B2,LAPLMG1_7_B2,HASP,MCE,LMP_ENE_PRC,LAPLMG1_7_B2,ALL,1,26.77393,2,7
2012-11-11T21:15:00-00:00,2012-11-11T21:30:00-00:00,2012-11-11,14,LAPLMG1_7_B2,LAPLMG1_7_B2,LAPLMG1_7_B2,HASP,MCE,LMP_ENE_PRC,LAPLMG1_7_B2,ALL,1,26.8055,2,7
2012-11-11T22:15:00-00:00,2012-11-11T22:30:00-00:00,2012-11-11,15,LAPLMG1_7_B2,LAPLMG1_7_B2,LAPLMG1_7_B2,HASP,MCE,LMP_ENE_PRC,LAPLMG1_7_B2,ALL,1,26.02116,2,7
2012-11-11T23:15:00-00:00,2012-11-11T23:30:00-00:00,2012-11-11,16,LAPLMG1_7_B2,LAPLMG1_7_B2,LAPLMG1_7_B2,HASP,MCE,LMP_ENE_PRC,LAPLMG1_7_B2,ALL,1,34.61645,2,7
2012-11-12T00:15:00-00:00,2012-11-12T00:30:00-00:00,2012-11-11,17,LAPLMG1_7_B2,LAPLMG1_7_B2,LAPLMG1_7_B2,HASP,MCE,LMP_ENE_PRC,LAPLMG1_7_B2,ALL,1,38.67293,2,7
2012-11-12T01:15:00-00:00,2012-11-12T01:30:00-00:00,2012-11-11,18,LAPLMG1_7_B2,LAPLMG1_7_B2,LAPLMG1_7_B2,HASP,MCE,LMP_ENE_PRC,LAPLMG1_7_B2,ALL,1,37.21293,2,7
2012-11-12T02:15:00-00:00,2012-11-12T02:30:00-00:00,2012-11-11,19,LAPLMG1_7_B2,LAPLMG1_7_B2,LAPLMG1_7_B2,HASP,MCE,LMP_ENE_PRC,LAPLMG1_7_B2,ALL,1,41.57918,2,7
2012-11-12T03:15:00-00:00,2012-11-12T03:30:00-00:00,2012-11-11,20,LAPLMG1_7_B2,LAPLMG1_7_B2,LAPLMG1_7_B2,HASP,MCE,LMP_ENE_PRC,LAPLMG1_7_B2,ALL,1,43.87789,2,7
2012-11-12T04:15:00-00:00,2012-11-12T04:30:00-00:00,2012-11-11,21,LAPLMG1_7_B2,LAPLMG1_7_B2,LAPLMG1_7_B2,HASP,MCE,LMP_ENE_PRC,LAPLMG1_7_B2,ALL,1,42.98612,2,7
2012-11-12T05:15:00-00:00,2012-11-12T05:30:00-00:00,2012-11-11,22,LAPLMG1_7_B2,LAPLMG1_7_B2,LAPLMG1_7_B2,HASP,MCE,LMP_ENE_PRC,LAPLMG1_7_B2,ALL,1,37.51764,2,7
2012-11-12T06:15:00-00:00,2012-11-12T06:30:00-00:00,2012-11-11,23,LAPLMG1_7_B2,LAPLMG1_7_B2,LAPLMG1_7_B2,HASP,MCE,LMP_ENE_PRC,LAPLMG1_7_B2,ALL,1,30.3956,2,7
2012-11-12T07:15:00-00:00,2012-11-12T07:30:00-00:00,2012-11-11,24,LAPLMG1_7_B2,LAPLMG1_7_B2,LAPLMG1_7_B2,HASP,MCE,LMP_ENE_PRC,LAPLMG1_7_B2,ALL,1,30.21232,2,7
2012-11-11T08:30:00-00:00,2012-11-11T08:45:00-00:00,2012-11-11,01,LAPLMG1_7_B2,LAPLMG1_7_B2,LAPLMG1_7_B2,HASP,MCE,LMP_ENE_PRC,LAPLMG1_7_B2,ALL,1,29.61568,3,7
2012-11-11T09:30:00-00:00,2012-11-11T09:45:00-00:00,2012-11-11,02,LAPLMG1_7_B2,LAPLMG1_7_B2,LAPLMG1_7_B2,HASP,MCE,LMP_ENE_PRC,LAPLMG1_7_B2,ALL,1,28.6459,3,7
2012-11-11T10:30:00-00:00,2012-11-11T10:45:00-00:00,2012-11-11,03,LAPLMG1_7_B2,LAPLMG1_7_B2,LAPLMG1_7_B2,HASP,MCE,LMP_ENE_PRC,LAPLMG1_7_B2,ALL,1,26.79535,3,7
2012-11-11T11:30:00-00:00,2012-11-11T11:45:00-00:00,2012-11-11,04,LAPLMG1_7_B2,LAPLMG1_7_B2,LAPLMG1_7_B2,HASP,MCE,LMP_ENE_PRC,LAPLMG1_7_B2,ALL,1,29.16008,3,7
2012-11-11T12:30:00-00:00,2012-11-11T12:45:00-00:00,2012-11-11,05,LAPLMG1_7_B2,LAPLMG1_7_B2,LAPLMG1_7_B2,HASP,MCE,LMP_ENE_PRC,LAPLMG1_7_B2,ALL,1,29.09035,3,7
2012-11-11T13:30:00-00:00,2012-11-11T13:45:00-00:00,2012-11-11,06,LAPLMG1_7_B2,LAPLMG1_7_B2,LAPLMG1_7_B2,HASP,MCE,LMP_ENE_PRC,LAPLMG1_7_B2,ALL,1,30.60277,3,7
2012-11-11T14:30:00-00:00,2012-11-11T14:45:00-00:00,2012-11-11,07,LAPLMG1_7_B2,LAPLMG1_7_B2,LAPLMG1_7_B2,HASP,MCE,LMP_ENE_PRC,LAPLMG1_7_B2,ALL,1,26.76465,3,7
2012-11-11T15:30:00-00:00,2012-11-11T15:45:00-00:00,2012-11-11,08,LAPLMG1_7_B2,LAPLMG1_7_B2,LAPLMG1_7_B2,HASP,MCE,LMP_ENE_PRC,LAPLMG1_7_B2,ALL,1,32.24334,3,7
2012-11-11T16:30:00-00:00,2012-11-11T16:45:00-00:00,2012-11-11,09,LAPLMG1_7_B2,LAPLMG1_7_B2,LAPLMG1_7_B2,HASP,MCE,LMP_ENE_PRC,LAPLMG1_7_B2,ALL,1,36.77344,3,7
2012-11-11T17:30:00-00:00,2012-11-11T17:45:00-00:00,2012-11-11,10,LAPLMG1_7_B2,LAPLMG1_7_B2,LAPLMG1_7_B2,HASP,MCE,LMP_ENE_PRC,LAPLMG1_7_B2,ALL,1,41.07752,3,7
2012-11-11T18:30:00-00:00,2012-11-11T18:45:00-00:00,2012-11-11,11,LAPLMG1_7_B2,LAPLMG1_7_B2,LAPLMG1_7_B2,HASP,MCE,LMP_ENE_PRC,LAPLMG1_7_B2,ALL,1,29.55285,3,7
2012-11-11T19:30:00-00:00,2012-11-11T19:45:00-00:00,2012-11-11,12,LAPLMG1_7_B2,LAPLMG1_7_B2,LAPLMG1_7_B2,HASP,MCE,LMP_ENE_PRC,LAPLMG1_7_B2,ALL,1,29.52884,3,7
2012-11-11T20:30:00-00:00,2012-11-11T20:45:00-00:00,2012-11-11,13,LAPLMG1_7_B2,LAPLMG1_7_B2,LAPLMG1_7_B2,HASP,MCE,LMP_ENE_PRC,LAPLMG1_7_B2,ALL,1,26.67614,3,7
2012-11-11T21:30:00-00:00,2012-11-11T21:45:00-00:00,2012-11-11,14,LAPLMG1_7_B2,LAPLMG1_7_B2,LAPLMG1_7_B2,HASP,MCE,LMP_ENE_PRC,LAPLMG1_7_B2,ALL,1,26.68312,3,7
2012-11-11T22:30:00-00:00,2012-11-11T22:45:00-00:00,2012-11-11,15,LAPLMG1_7_B2,LAPLMG1_7_B2,LAPLMG1_7_B2,HASP,MCE,LMP_ENE_PRC,LAPLMG1_7_B2,ALL,1,26.1666,3,7
2012-11-11T23:30:00-00:00,2012-11-11T23:45:00-00:00,2012-11-11,16,LAPLMG1_7_B2,LAPLMG1_7_B2,LAPLMG1_7_B2,HASP,MCE,LMP_ENE_PRC,LAPLMG1_7_B2,ALL,1,39.71935,3,7
2012-11-12T00:30:00-00:00,2012-11-12T00:45:00-00:00,2012-11-11,17,LAPLMG1_7_B2,LAPLMG1_7_B2,LAPLMG1_7_B2,HASP,MCE,LMP_ENE_PRC,LAPLMG1_7_B2,ALL,1,43.30202,3,7
2012-11-12T01:30:00-00:00,2012-11-12T01:45:00-00:00,2012-11-11,18,LAPLMG1_7_B2,LAPLMG1_7_B2,LAPLMG1_7_B2,HASP,MCE,LMP_ENE_PRC,LAPLMG1_7_B2,ALL,1,48.65243,3,7
2012-11-12T02:30:00-00:00,2012-11-12T02:45:00-00:00,2012-11-11,19,LAPLMG1_7_B2,LAPLMG1_7_B2,LAPLMG1_7_B2,HASP,MCE,LMP_ENE_PRC,LAPLMG1_7_B2,ALL,1,39.50361,3,7
2012-11-12T03:30:00-00:00,2012-11-12T03:45:00-00:00,2012-11-11,20,LAPLMG1_7_B2,LAPLMG1_7_B2,LAPLMG1_7_B2,HASP,MCE,LMP_ENE_PRC,LAPLMG1_7_B2,ALL,1,37.76519,3,7
2012-11-12T04:30:00-00:00,2012-11-12T04:45:00-00:00,2012-11-11,21,LAPLMG1_7_B2,LAPLMG1_7_B2,LAPLMG1_7_B2,HASP,MCE,LMP_ENE_PRC,LAPLMG1_7_B2,ALL,1,42.35796,3,7
2012-11-12T05:30:00-00:00,2012-11-12T05:45:00-00:00,2012-11-11,22,LAPLMG1_7_B2,LAPLMG1_7_B2,LAPLMG1_7_B2,HASP,MCE,LMP_ENE_PRC,LAPLMG1_7_B2,ALL,1,29.78037,3,7
2012-11-12T06:30:00-00:00,2012-11-12T06:45:00-00:00,2012-11-11,23,LAPLMG1_7_B2,LAPLMG1_7_B2,LAPLMG1_7_B2,HASP,MCE,LMP_ENE_PRC,LAPLMG1_7_B2,ALL,1,29.85436,3,7
2012-11-12T07:30:00-00:00,2012-11-12T07:45:00-00:00,2012-11-11,24,LAPLMG1_7_B2,LAPLMG1_7_B2,LAPLMG1_7_B2,HASP,MCE,LMP_ENE_PRC,LAPLMG1_7_B2,ALL,1,26.64824,3,7
2012-11-11T08:45:00-00:00,2012-11-11T09:00:00-00:00,2012-11-11,01,LAPLMG1_7_B2,LAPLMG1_7_B2,LAPLMG1_7_B2,HASP,MCE,LMP_ENE_PRC,LAPLMG1_7_B2,ALL,1,27.40356,4,7
2012-11-11T09:45:00-00:00,2012-11-11T10:00:00-00:00,2012-11-11,02,LAPLMG1_7_B2,LAPLMG1_7_B2,LAPLMG1_7_B2,HASP,MCE,LMP_ENE_PRC,LAPLMG1_7_B2,ALL,1,27.52271,4,7
2012-11-11T10:45:00-00:00,2012-11-11T11:00:00-00:00,2012-11-11,03,LAPLMG1_7_B2,LAPLMG1_7_B2,LAPLMG1_7_B2,HASP,MCE,LMP_ENE_PRC,LAPLMG1_7_B2,ALL,1,26.1328,4,7
2012-11-11T11:45:00-00:00,2012-11-11T12:00:00-00:00,2012-11-11,04,LAPLMG1_7_B2,LAPLMG1_7_B2,LAPLMG1_7_B2,HASP,MCE,LMP_ENE_PRC,LAPLMG1_7_B2,ALL,1,29.17207,4,7
2012-11-11T12:45:00-00:00,2012-11-11T13:00:00-00:00,2012-11-11,05,LAPLMG1_7_B2,LAPLMG1_7_B2,LAPLMG1_7_B2,HASP,MCE,LMP_ENE_PRC,LAPLMG1_7_B2,ALL,1,32.80377,4,7
2012-11-11T13:45:00-00:00,2012-11-11T14:00:00-00:00,2012-11-11,06,LAPLMG1_7_B2,LAPLMG1_7_B2,LAPLMG1_7_B2,HASP,MCE,LMP_ENE_PRC,LAPLMG1_7_B2,ALL,1,34.49524,4,7
2012-11-11T14:45:00-00:00,2012-11-11T15:00:00-00:00,2012-11-11,07,LAPLMG1_7_B2,LAPLMG1_7_B2,LAPLMG1_7_B2,HASP,MCE,LMP_ENE_PRC,LAPLMG1_7_B2,ALL,1,26.76465,4,7
2012-11-11T15:45:00-00:00,2012-11-11T16:00:00-00:00,2012-11-11,08,LAPLMG1_7_B2,LAPLMG1_7_B2,LAPLMG1_7_B2,HASP,MCE,LMP_ENE_PRC,LAPLMG1_7_B2,ALL,1,38.20737,4,7
2012-11-11T16:45:00-00:00,2012-11-11T17:00:00-00:00,2012-11-11,09,LAPLMG1_7_B2,LAPLMG1_7_B2,LAPLMG1_7_B2,HASP,MCE,LMP_ENE_PRC,LAPLMG1_7_B2,ALL,1,38.86627,4,7
2012-11-11T17:45:00-00:00,2012-11-11T18:00:00-00:00,2012-11-11,10,LAPLMG1_7_B2,LAPLMG1_7_B2,LAPLMG1_7_B2,HASP,MCE,LMP_ENE_PRC,LAPLMG1_7_B2,ALL,1,39.46793,4,7
2012-11-11T18:45:00-00:00,2012-11-11T19:00:00-00:00,2012-11-11,11,LAPLMG1_7_B2,LAPLMG1_7_B2,LAPLMG1_7_B2,HASP,MCE,LMP_ENE_PRC,LAPLMG1_7_B2,ALL,1,29.16723,4,7
2012-11-11T19:45:00-00:00,2012-11-11T20:00:00-00:00,2012-11-11,12,LAPLMG1_7_B2,LAPLMG1_7_B2,LAPLMG1_7_B2,HASP,MCE,LMP_ENE_PRC,LAPLMG1_7_B2,ALL,1,29.50204,4,7
2012-11-11T20:45:00-00:00,2012-11-11T21:00:00-00:00,2012-11-11,13,LAPLMG1_7_B2,LAPLMG1_7_B2,LAPLMG1_7_B2,HASP,MCE,LMP_ENE_PRC,LAPLMG1_7_B2,ALL,1,26.60861,4,7
2012-11-11T21:45:00-00:00,2012-11-11T22:00:00-00:00,2012-11-11,14,LAPLMG1_7_B2,LAPLMG1_7_B2,LAPLMG1_7_B2,HASP,MCE,LMP_ENE_PRC,LAPLMG1_7_B2,ALL,1,26.62344,4,7
2012-11-11T22:45:00-00:00,2012-11-11T23:00:00-00:00,2012-11-11,15,LAPLMG1_7_B2,LAPLMG1_7_B2,LAPLMG1_7_B2,HASP,MCE,LMP_ENE_PRC,LAPLMG1_7_B2,ALL,1,26.15983,4,7
2012-11-11T23:45:00-00:00,2012-11-12T00:00:00-00:00,2012-11-11,16,LAPLMG1_7_B2,LAPLMG1_7_B2,LAPLMG1_7_B2,HASP,MCE,LMP_ENE_PRC,LAPLMG1_7_B2,ALL,1,166.13899,4,7
2012-11-12T00:45:00-00:00,2012-11-12T01:00:00-00:00,2012-11-11,17,LAPLMG1_7_B2,LAPLMG1_7_B2,LAPLMG1_7_B2,HASP,MCE,LMP_ENE_PRC,LAPLMG1_7_B2,ALL,1,278.87557,4,7
2012-11-12T01:45:00-00:00,2012-11-12T02:00:00-00:00,2012-11-11,18,LAPLMG1_7_B2,LAPLMG1_7_B2,LAPLMG1_7_B2,HASP,MCE,LMP_ENE_PRC,LAPLMG1_7_B2,ALL,1,48.13468,4,7
2012-11-12T02:45:00-00:00,2012-11-12T03:00:00-00:00,2012-11-11,19,LAPLMG1_7_B2,LAPLMG1_7_B2,LAPLMG1_7_B2,HASP,MCE,LMP_ENE_PRC,LAPLMG1_7_B2,ALL,1,42.37868,4,7
2012-11-12T03:45:00-00:00,2012-11-12T04:00:00-00:00,2012-11-11,20,LAPLMG1_7_B2,LAPLMG1_7_B2,LAPLMG1_7_B2,HASP,MCE,LMP_ENE_PRC,LAPLMG1_7_B2,ALL,1,37.70326,4,7
2012-11-12T04:45:00-00:00,2012-11-12T05:00:00-00:00,2012-11-11,21,LAPLMG1_7_B2,LAPLMG1_7_B2,LAPLMG1_7_B2,HASP,MCE,LMP_ENE_PRC,LAPLMG1_7_B2,ALL,1,35.70702,4,7
2012-11-12T05:45:00-00:00,2012-11-12T06:00:00-00:00,2012-11-11,22,LAPLMG1_7_B2,LAPLMG1_7_B2,LAPLMG1_7_B2,HASP,MCE,LMP_ENE_PRC,LAPLMG1_7_B2,ALL,1,26.68224,4,7
2012-11-12T06:45:00-00:00,2012-11-12T07:00:00-00:00,2012-11-11,23,LAPLMG1_7_B2,LAPLMG1_7_B2,LAPLMG1_7_B2,HASP,MCE,LMP_ENE_PRC,LAPLMG1_7_B2,ALL,1,26.51066,4,7
2012-11-12T07:45:00-00:00,2012-11-12T08:00:00-00:00,2012-11-11,24,LAPLMG1_7_B2,LAPLMG1_7_B2,LAPLMG1_7_B2,HASP,MCE,LMP_ENE_PRC,LAPLMG1_7_B2,ALL,1,26.94487,4,7
2012-11-11T08:00:00-00:00,2012-11-11T08:15:00-00:00,2012-11-11,01,LAPLMG1_7_B2,LAPLMG1_7_B2,LAPLMG1_7_B2,HASP,MCL,LMP_LOSS_PRC,LAPLMG1_7_B2,ALL,1,-1.65503,1,8
2012-11-11T09:00:00-00:00,2012-11-11T09:15:00-00:00,2012-11-11,02,LAPLMG1_7_B2,LAPLMG1_7_B2,LAPLMG1_7_B2,HASP,MCL,LMP_LOSS_PRC,LAPLMG1_7_B2,ALL,1,-1.4715,1,8
2012-11-11T10:00:00-00:00,2012-11-11T10:15:00-00:00,2012-11-11,03,LAPLMG1_7_B2,LAPLMG1_7_B2,LAPLMG1_7_B2,HASP,MCL,LMP_LOSS_PRC,LAPLMG1_7_B2,ALL,1,-1.22481,1,8
2012-11-11T11:00:00-00:00,2012-11-11T11:15:00-00:00,2012-11-11,04,LAPLMG1_7_B2,LAPLMG1_7_B2,LAPLMG1_7_B2,HASP,MCL,LMP_LOSS_PRC,LAPLMG1_7_B2,ALL,1,-1.18135,1,8
2012-11-11T12:00:00-00:00,2012-11-11T12:15:00-00:00,2012-11-11,05,LAPLMG1_7_B2,LAPLMG1_7_B2,LAPLMG1_7_B2,HASP,MCL,LMP_LOSS_PRC,LAPLMG1_7_B2,ALL,1,-1.20479,1,8
2012-11-11T13:00:00-00:00,2012-11-11T13:15:00-00:00,2012-11-11,06,LAPLMG1_7_B2,LAPLMG1_7_B2,LAPLMG1_7_B2,HASP,MCL,LMP_LOSS_PRC,LAPLMG1_7_B2,ALL,1,-1.21809,1,8
2012-11-11T14:00:00-00:00,2012-11-11T14:15:00-00:00,2012-11-11,07,LAPLMG1_7_B2,LAPLMG1_7_B2,LAPLMG1_7_B2,HASP,MCL,LMP_LOSS_PRC,LAPLMG1_7_B2,ALL,1,-1.10852,1,8
2012-11-11T15:00:00-00:00,2012-11-11T15:15:00-00:00,2012-11-11,08,LAPLMG1_7_B2,LAPLMG1_7_B2,LAPLMG1_7_B2,HASP,MCL,LMP_LOSS_PRC,LAPLMG1_7_B2,ALL,1,-1.01627,1,8
2012-11-11T16:00:00-00:00,2012-11-11T16:15:00-00:00,2012-11-11,09,LAPLMG1_7_B2,LAPLMG1_7_B2,LAPLMG1_7_B2,HASP,MCL,LMP_LOSS_PRC,LAPLMG1_7_B2,ALL,1,-1.30145,1,8
2012-11-11T17:00:00-00:00,2012-11-11T17:15:00-00:00,2012-11-11,10,LAPLMG1_7_B2,LAPLMG1_7_B2,LAPLMG1_7_B2,HASP,MCL,LMP_LOSS_PRC,LAPLMG1_7_B2,ALL,1,-1.55647,1,8
2012-11-11T18:00:00-00:00,2012-11-11T18:15:00-00:00,2012-11-11,11,LAPLMG1_7_B2,LAPLMG1_7_B2,LAPLMG1_7_B2,HASP,MCL,LMP_LOSS_PRC,LAPLMG1_7_B2,ALL,1,-1.27823,1,8
2012-11-11T19:00:00-00:00,2012-11-11T19:15:00-00:00,2012-11-11,12,LAPLMG1_7_B2,LAPLMG1_7_B2,LAPLMG1_7_B2,HASP,MCL,LMP_LOSS_PRC,LAPLMG1_7_B2,ALL,1,-1.29249,1,8
2012-11-11T20:00:00-00:00,2012-11-11T20:15:00-00:00,2012-11-11,13,LAPLMG1_7_B2,LAPLMG1_7_B2,LAPLMG1_7_B2,HASP,MCL,LMP_LOSS_PRC,LAPLMG1_7_B2,ALL,1,-1.21257,1,8
2012-11-11T21:00:00-00:00,2012-11-11T21:15:00-00:00,2012-11-11,14,LAPLMG1_7_B2,LAPLMG1_7_B2,LAPLMG1_7_B2,HASP,MCL,LMP_LOSS_PRC,LAPLMG1_7_B2,ALL,1,-1.24274,1,8
2012-11-11T22:00:00-00:00,2012-11-11T22:15:00-00:00,2012-11-11,15,LAPLMG1_7_B2,LAPLMG1_7_B2,LAPLMG1_7_B2,HASP,MCL,LMP_LOSS_PRC,LAPLMG1_7_B2,ALL,1,-1.12429,1,8
2012-11-11T23:00:00-00:00,2012-11-11T23:15:00-00:00,2012-11-11,16,LAPLMG1_7_B2,LAPLMG1_7_B2,LAPLMG1_7_B2,HASP,MCL,LMP_LOSS_PRC,LAPLMG1_7_B2,ALL,1,-1.63629,1,8
2012-11-12T00:00:00-00:00,2012-11-12T00:15:00-00:00,2012-11-11,17,LAPLMG1_7_B2,LAPLMG1_7_B2,LAPLMG1_7_B2,HASP,MCL,LMP_LOSS_PRC,LAPLMG1_7_B2,ALL,1,-1.54555,1,8
2012-11-12T01:00:00-00:00,2012-11-12T01:15:00-00:00,2012-11-11,18,LAPLMG1_7_B2,LAPLMG1_7_B2,LAPLMG1_7_B2,HASP,MCL,LMP_LOSS_PRC,LAPLMG1_7_B2,ALL,1,0,1,8
2012-11-12T02:00:00-00:00,2012-11-12T02:15:00-00:00,2012-11-11,19,LAPLMG1_7_B2,LAPLMG1_7_B2,LAPLMG1_7_B2,HASP,MCL,LMP_LOSS_PRC,LAPLMG1_7_B2,ALL,1,-2.26694,1,8
2012-11-12T03:00:00-00:00,2012-11-12T03:15:00-00:00,2012-11-11,20,LAPLMG1_7_B2,LAPLMG1_7_B2,LAPLMG1_7_B2,HASP,MCL,LMP_LOSS_PRC,LAPLMG1_7_B2,ALL,1,-2.33487,1,8
2012-11-12T04:00:00-00:00,2012-11-12T04:15:00-00:00,2012-11-11,21,LAPLMG1_7_B2,LAPLMG1_7_B2,LAPLMG1_7_B2,HASP,MCL,LMP_LOSS_PRC,LAPLMG1_7_B2,ALL,1,-2.27677,1,8
2012-11-12T05:00:00-00:00,2012-11-12T05:15:00-00:00,2012-11-11,22,LAPLMG1_7_B2,LAPLMG1_7_B2,LAPLMG1_7_B2,HASP,MCL,LMP_LOSS_PRC,LAPLMG1_7_B2,ALL,1,-2.30714,1,8
2012-11-12T06:00:00-00:00,2012-11-12T06:15:00-00:00,2012-11-11,23,LAPLMG1_7_B2,LAPLMG1_7_B2,LAPLMG1_7_B2,HASP,MCL,LMP_LOSS_PRC,LAPLMG1_7_B2,ALL,1,-1.76491,1,8
2012-11-12T07:00:00-00:00,2012-11-12T07:15:00-00:00,2012-11-11,24,LAPLMG1_7_B2,LAPLMG1_7_B2,LAPLMG1_7_B2,HASP,MCL,LMP_LOSS_PRC,LAPLMG1_7_B2,ALL,1,-1.60331,1,8
2012-11-11T08:15:00-00:00,2012-11-11T08:30:00-00:00,2012-11-11,01,LAPLMG1_7_B2,LAPLMG1_7_B2,LAPLMG1_7_B2,HASP,MCL,LMP_LOSS_PRC,LAPLMG1_7_B2,ALL,1,-1.4324,2,8
2012-11-11T09:15:00-00:00,2012-11-11T09:30:00-00:00,2012-11-11,02,LAPLMG1_7_B2,LAPLMG1_7_B2,LAPLMG1_7_B2,HASP,MCL,LMP_LOSS_PRC,LAPLMG1_7_B2,ALL,1,-1.38223,2,8
2012-11-11T10:15:00-00:00,2012-11-11T10:30:00-00:00,2012-11-11,03,LAPLMG1_7_B2,LAPLMG1_7_B2,LAPLMG1_7_B2,HASP,MCL,LMP_LOSS_PRC,LAPLMG1_7_B2,ALL,1,-1.21906,2,8
2012-11-11T11:15:00-00:00,2012-11-11T11:30:00-00:00,2012-11-11,04,LAPLMG1_7_B2,LAPLMG1_7_B2,LAPLMG1_7_B2,HASP,MCL,LMP_LOSS_PRC,LAPLMG1_7_B2,ALL,1,-1.24844,2,8
2012-11-11T12:15:00-00:00,2012-11-11T12:30:00-00:00,2012-11-11,05,LAPLMG1_7_B2,LAPLMG1_7_B2,LAPLMG1_7_B2,HASP,MCL,LMP_LOSS_PRC,LAPLMG1_7_B2,ALL,1,-1.20324,2,8
2012-11-11T13:15:00-00:00,2012-11-11T13:30:00-00:00,2012-11-11,06,LAPLMG1_7_B2,LAPLMG1_7_B2,LAPLMG1_7_B2,HASP,MCL,LMP_LOSS_PRC,LAPLMG1_7_B2,ALL,1,-1.1668,2,8
2012-11-11T14:15:00-00:00,2012-11-11T14:30:00-00:00,2012-11-11,07,LAPLMG1_7_B2,LAPLMG1_7_B2,LAPLMG1_7_B2,HASP,MCL,LMP_LOSS_PRC,LAPLMG1_7_B2,ALL,1,-1.0706,2,8
2012-11-11T15:15:00-00:00,2012-11-11T15:30:00-00:00,2012-11-11,08,LAPLMG1_7_B2,LAPLMG1_7_B2,LAPLMG1_7_B2,HASP,MCL,LMP_LOSS_PRC,LAPLMG1_7_B2,ALL,1,-1.21096,2,8
2012-11-11T16:15:00-00:00,2012-11-11T16:30:00-00:00,2012-11-11,09,LAPLMG1_7_B2,LAPLMG1_7_B2,LAPLMG1_7_B2,HASP,MCL,LMP_LOSS_PRC,LAPLMG1_7_B2,ALL,1,-1.36968,2,8
2012-11-11T17:15:00-00:00,2012-11-11T17:30:00-00:00,2012-11-11,10,LAPLMG1_7_B2,LAPLMG1_7_B2,LAPLMG1_7_B2,HASP,MCL,LMP_LOSS_PRC,LAPLMG1_7_B2,ALL,1,-1.78312,2,8
2012-11-11T18:15:00-00:00,2012-11-11T18:30:00-00:00,2012-11-11,11,LAPLMG1_7_B2,LAPLMG1_7_B2,LAPLMG1_7_B2,HASP,MCL,LMP_LOSS_PRC,LAPLMG1_7_B2,ALL,1,-1.27784,2,8
2012-11-11T19:15:00-00:00,2012-11-11T19:30:00-00:00,2012-11-11,12,LAPLMG1_7_B2,LAPLMG1_7_B2,LAPLMG1_7_B2,HASP,MCL,LMP_LOSS_PRC,LAPLMG1_7_B2,ALL,1,-1.28325,2,8
2012-11-11T20:15:00-00:00,2012-11-11T20:30:00-00:00,2012-11-11,13,LAPLMG1_7_B2,LAPLMG1_7_B2,LAPLMG1_7_B2,HASP,MCL,LMP_LOSS_PRC,LAPLMG1_7_B2,ALL,1,-1.22089,2,8
2012-11-11T21:15:00-00:00,2012-11-11T21:30:00-00:00,2012-11-11,14,LAPLMG1_7_B2,LAPLMG1_7_B2,LAPLMG1_7_B2,HASP,MCL,LMP_LOSS_PRC,LAPLMG1_7_B2,ALL,1,-1.21965,2,8
2012-11-11T22:15:00-00:00,2012-11-11T22:30:00-00:00,2012-11-11,15,LAPLMG1_7_B2,LAPLMG1_7_B2,LAPLMG1_7_B2,HASP,MCL,LMP_LOSS_PRC,LAPLMG1_7_B2,ALL,1,-1.13192,2,8
2012-11-11T23:15:00-00:00,2012-11-11T23:30:00-00:00,2012-11-11,16,LAPLMG1_7_B2,LAPLMG1_7_B2,LAPLMG1_7_B2,HASP,MCL,LMP_LOSS_PRC,LAPLMG1_7_B2,ALL,1,-1.64428,2,8
2012-11-12T00:15:00-00:00,2012-11-12T00:30:00-00:00,2012-11-11,17,LAPLMG1_7_B2,LAPLMG1_7_B2,LAPLMG1_7_B2,HASP,MCL,LMP_LOSS_PRC,LAPLMG1_7_B2,ALL,1,-1.91818,2,8
2012-11-12T01:15:00-00:00,2012-11-12T01:30:00-00:00,2012-11-11,18,LAPLMG1_7_B2,LAPLMG1_7_B2,LAPLMG1_7_B2,HASP,MCL,LMP_LOSS_PRC,LAPLMG1_7_B2,ALL,1,0,2,8
2012-11-12T02:15:00-00:00,2012-11-12T02:30:00-00:00,2012-11-11,19,LAPLMG1_7_B2,LAPLMG1_7_B2,LAPLMG1_7_B2,HASP,MCL,LMP_LOSS_PRC,LAPLMG1_7_B2,ALL,1,-2.30349,2,8
2012-11-12T03:15:00-00:00,2012-11-12T03:30:00-00:00,2012-11-11,20,LAPLMG1_7_B2,LAPLMG1_7_B2,LAPLMG1_7_B2,HASP,MCL,LMP_LOSS_PRC,LAPLMG1_7_B2,ALL,1,-2.32992,2,8
2012-11-12T04:15:00-00:00,2012-11-12T04:30:00-00:00,2012-11-11,21,LAPLMG1_7_B2,LAPLMG1_7_B2,LAPLMG1_7_B2,HASP,MCL,LMP_LOSS_PRC,LAPLMG1_7_B2,ALL,1,-2.19229,2,8
2012-11-12T05:15:00-00:00,2012-11-12T05:30:00-00:00,2012-11-11,22,LAPLMG1_7_B2,LAPLMG1_7_B2,LAPLMG1_7_B2,HASP,MCL,LMP_LOSS_PRC,LAPLMG1_7_B2,ALL,1,-1.95092,2,8
2012-11-12T06:15:00-00:00,2012-11-12T06:30:00-00:00,2012-11-11,23,LAPLMG1_7_B2,LAPLMG1_7_B2,LAPLMG1_7_B2,HASP,MCL,LMP_LOSS_PRC,LAPLMG1_7_B2,ALL,1,-1.42859,2,8
2012-11-12T07:15:00-00:00,2012-11-12T07:30:00-00:00,2012-11-11,24,LAPLMG1_7_B2,LAPLMG1_7_B2,LAPLMG1_7_B2,HASP,MCL,LMP_LOSS_PRC,LAPLMG1_7_B2,ALL,1,-1.18432,2,8
2012-11-11T08:30:00-00:00,2012-11-11T08:45:00-00:00,2012-11-11,01,LAPLMG1_7_B2,LAPLMG1_7_B2,LAPLMG1_7_B2,HASP,MCL,LMP_LOSS_PRC,LAPLMG1_7_B2,ALL,1,-1.40082,3,8
2012-11-11T09:30:00-00:00,2012-11-11T09:45:00-00:00,2012-11-11,02,LAPLMG1_7_B2,LAPLMG1_7_B2,LAPLMG1_7_B2,HASP,MCL,LMP_LOSS_PRC,LAPLMG1_7_B2,ALL,1,-1.34063,3,8
2012-11-11T10:30:00-00:00,2012-11-11T10:45:00-00:00,2012-11-11,03,LAPLMG1_7_B2,LAPLMG1_7_B2,LAPLMG1_7_B2,HASP,MCL,LMP_LOSS_PRC,LAPLMG1_7_B2,ALL,1,-1.21383,3,8
2012-11-11T11:30:00-00:00,2012-11-11T11:45:00-00:00,2012-11-11,04,LAPLMG1_7_B2,LAPLMG1_7_B2,LAPLMG1_7_B2,HASP,MCL,LMP_LOSS_PRC,LAPLMG1_7_B2,ALL,1,-1.24514,3,8
2012-11-11T12:30:00-00:00,2012-11-11T12:45:00-00:00,2012-11-11,05,LAPLMG1_7_B2,LAPLMG1_7_B2,LAPLMG1_7_B2,HASP,MCL,LMP_LOSS_PRC,LAPLMG1_7_B2,ALL,1,-1.20143,3,8
2012-11-11T13:30:00-00:00,2012-11-11T13:45:00-00:00,2012-11-11,06,LAPLMG1_7_B2,LAPLMG1_7_B2,LAPLMG1_7_B2,HASP,MCL,LMP_LOSS_PRC,LAPLMG1_7_B2,ALL,1,-1.18739,3,8
2012-11-11T14:30:00-00:00,2012-11-11T14:45:00-00:00,2012-11-11,07,LAPLMG1_7_B2,LAPLMG1_7_B2,LAPLMG1_7_B2,HASP,MCL,LMP_LOSS_PRC,LAPLMG1_7_B2,ALL,1,-1.07059,3,8
2012-11-11T15:30:00-00:00,2012-11-11T15:45:00-00:00,2012-11-11,08,LAPLMG1_7_B2,LAPLMG1_7_B2,LAPLMG1_7_B2,HASP,MCL,LMP_LOSS_PRC,LAPLMG1_7_B2,ALL,1,-1.3381,3,8
2012-11-11T16:30:00-00:00,2012-11-11T16:45:00-00:00,2012-11-11,09,LAPLMG1_7_B2,LAPLMG1_7_B2,LAPLMG1_7_B2,HASP,MCL,LMP_LOSS_PRC,LAPLMG1_7_B2,ALL,1,-1.59229,3,8
2012-11-11T17:30:00-00:00,2012-11-11T17:45:00-00:00,2012-11-11,10,LAPLMG1_7_B2,LAPLMG1_7_B2,LAPLMG1_7_B2,HASP,MCL,LMP_LOSS_PRC,LAPLMG1_7_B2,ALL,1,-1.78687,3,8
2012-11-11T18:30:00-00:00,2012-11-11T18:45:00-00:00,2012-11-11,11,LAPLMG1_7_B2,LAPLMG1_7_B2,LAPLMG1_7_B2,HASP,MCL,LMP_LOSS_PRC,LAPLMG1_7_B2,ALL,1,-1.256,3,8
2012-11-11T19:30:00-00:00,2012-11-11T19:45:00-00:00,2012-11-11,12,LAPLMG1_7_B2,LAPLMG1_7_B2,LAPLMG1_7_B2,HASP,MCL,LMP_LOSS_PRC,LAPLMG1_7_B2,ALL,1,-1.24612,3,8
2012-11-11T20:30:00-00:00,2012-11-11T20:45:00-00:00,2012-11-11,13,LAPLMG1_7_B2,LAPLMG1_7_B2,LAPLMG1_7_B2,HASP,MCL,LMP_LOSS_PRC,LAPLMG1_7_B2,ALL,1,-1.2191,3,8
2012-11-11T21:30:00-00:00,2012-11-11T21:45:00-00:00,2012-11-11,14,LAPLMG1_7_B2,LAPLMG1_7_B2,LAPLMG1_7_B2,HASP,MCL,LMP_LOSS_PRC,LAPLMG1_7_B2,ALL,1,-1.21675,3,8
2012-11-11T22:30:00-00:00,2012-11-11T22:45:00-00:00,2012-11-11,15,LAPLMG1_7_B2,LAPLMG1_7_B2,LAPLMG1_7_B2,HASP,MCL,LMP_LOSS_PRC,LAPLMG1_7_B2,ALL,1,-1.16441,3,8
2012-11-11T23:30:00-00:00,2012-11-11T23:45:00-00:00,2012-11-11,16,LAPLMG1_7_B2,LAPLMG1_7_B2,LAPLMG1_7_B2,HASP,MCL,LMP_LOSS_PRC,LAPLMG1_7_B2,ALL,1,-1.89461,3,8
2012-11-12T00:30:00-00:00,2012-11-12T00:45:00-00:00,2012-11-11,17,LAPLMG1_7_B2,LAPLMG1_7_B2,LAPLMG1_7_B2,HASP,MCL,LMP_LOSS_PRC,LAPLMG1_7_B2,ALL,1,-2.19541,3,8
2012-11-12T01:30:00-00:00,2012-11-12T01:45:00-00:00,2012-11-11,18,LAPLMG1_7_B2,LAPLMG1_7_B2,LAPLMG1_7_B2,HASP,MCL,LMP_LOSS_PRC,LAPLMG1_7_B2,ALL,1,0,3,8
2012-11-12T02:30:00-00:00,2012-11-12T02:45:00-00:00,2012-11-11,19,LAPLMG1_7_B2,LAPLMG1_7_B2,LAPLMG1_7_B2,HASP,MCL,LMP_LOSS_PRC,LAPLMG1_7_B2,ALL,1,-2.1885,3,8
2012-11-12T03:30:00-00:00,2012-11-12T03:45:00-00:00,2012-11-11,20,LAPLMG1_7_B2,LAPLMG1_7_B2,LAPLMG1_7_B2,HASP,MCL,LMP_LOSS_PRC,LAPLMG1_7_B2,ALL,1,-2.00156,3,8
2012-11-12T04:30:00-00:00,2012-11-12T04:45:00-00:00,2012-11-11,21,LAPLMG1_7_B2,LAPLMG1_7_B2,LAPLMG1_7_B2,HASP,MCL,LMP_LOSS_PRC,LAPLMG1_7_B2,ALL,1,-2.09672,3,8
2012-11-12T05:30:00-00:00,2012-11-12T05:45:00-00:00,2012-11-11,22,LAPLMG1_7_B2,LAPLMG1_7_B2,LAPLMG1_7_B2,HASP,MCL,LMP_LOSS_PRC,LAPLMG1_7_B2,ALL,1,-1.46817,3,8
2012-11-12T06:30:00-00:00,2012-11-12T06:45:00-00:00,2012-11-11,23,LAPLMG1_7_B2,LAPLMG1_7_B2,LAPLMG1_7_B2,HASP,MCL,LMP_LOSS_PRC,LAPLMG1_7_B2,ALL,1,-1.41211,3,8
2012-11-12T07:30:00-00:00,2012-11-12T07:45:00-00:00,2012-11-11,24,LAPLMG1_7_B2,LAPLMG1_7_B2,LAPLMG1_7_B2,HASP,MCL,LMP_LOSS_PRC,LAPLMG1_7_B2,ALL,1,-1.05527,3,8
2012-11-11T08:45:00-00:00,2012-11-11T09:00:00-00:00,2012-11-11,01,LAPLMG1_7_B2,LAPLMG1_7_B2,LAPLMG1_7_B2,HASP,MCL,LMP_LOSS_PRC,LAPLMG1_7_B2,ALL,1,-1.29345,4,8
2012-11-11T09:45:00-00:00,2012-11-11T10:00:00-00:00,2012-11-11,02,LAPLMG1_7_B2,LAPLMG1_7_B2,LAPLMG1_7_B2,HASP,MCL,LMP_LOSS_PRC,LAPLMG1_7_B2,ALL,1,-1.27981,4,8
2012-11-11T10:45:00-00:00,2012-11-11T11:00:00-00:00,2012-11-11,03,LAPLMG1_7_B2,LAPLMG1_7_B2,LAPLMG1_7_B2,HASP,MCL,LMP_LOSS_PRC,LAPLMG1_7_B2,ALL,1,-1.17598,4,8
2012-11-11T11:45:00-00:00,2012-11-11T12:00:00-00:00,2012-11-11,04,LAPLMG1_7_B2,LAPLMG1_7_B2,LAPLMG1_7_B2,HASP,MCL,LMP_LOSS_PRC,LAPLMG1_7_B2,ALL,1,-1.24565,4,8
2012-11-11T12:45:00-00:00,2012-11-11T13:00:00-00:00,2012-11-11,05,LAPLMG1_7_B2,LAPLMG1_7_B2,LAPLMG1_7_B2,HASP,MCL,LMP_LOSS_PRC,LAPLMG1_7_B2,ALL,1,-1.35152,4,8
2012-11-11T13:45:00-00:00,2012-11-11T14:00:00-00:00,2012-11-11,06,LAPLMG1_7_B2,LAPLMG1_7_B2,LAPLMG1_7_B2,HASP,MCL,LMP_LOSS_PRC,LAPLMG1_7_B2,ALL,1,-1.34876,4,8
2012-11-11T14:45:00-00:00,2012-11-11T15:00:00-00:00,2012-11-11,07,LAPLMG1_7_B2,LAPLMG1_7_B2,LAPLMG1_7_B2,HASP,MCL,LMP_LOSS_PRC,LAPLMG1_7_B2,ALL,1,-1.06523,4,8
2012-11-11T15:45:00-00:00,2012-11-11T16:00:00-00:00,2012-11-11,08,LAPLMG1_7_B2,LAPLMG1_7_B2,LAPLMG1_7_B2,HASP,MCL,LMP_LOSS_PRC,LAPLMG1_7_B2,ALL,1,-1.57796,4,8
2012-11-11T16:45:00-00:00,2012-11-11T17:00:00-00:00,2012-11-11,09,LAPLMG1_7_B2,LAPLMG1_7_B2,LAPLMG1_7_B2,HASP,MCL,LMP_LOSS_PRC,LAPLMG1_7_B2,ALL,1,-1.67902,4,8
2012-11-11T17:45:00-00:00,2012-11-11T18:00:00-00:00,2012-11-11,10,LAPLMG1_7_B2,LAPLMG1_7_B2,LAPLMG1_7_B2,HASP,MCL,LMP_LOSS_PRC,LAPLMG1_7_B2,ALL,1,-1.71291,4,8
2012-11-11T18:45:00-00:00,2012-11-11T19:00:00-00:00,2012-11-11,11,LAPLMG1_7_B2,LAPLMG1_7_B2,LAPLMG1_7_B2,HASP,MCL,LMP_LOSS_PRC,LAPLMG1_7_B2,ALL,1,-1.23669,4,8
2012-11-11T19:45:00-00:00,2012-11-11T20:00:00-00:00,2012-11-11,12,LAPLMG1_7_B2,LAPLMG1_7_B2,LAPLMG1_7_B2,HASP,MCL,LMP_LOSS_PRC,LAPLMG1_7_B2,ALL,1,-1.24204,4,8
2012-11-11T20:45:00-00:00,2012-11-11T21:00:00-00:00,2012-11-11,13,LAPLMG1_7_B2,LAPLMG1_7_B2,LAPLMG1_7_B2,HASP,MCL,LMP_LOSS_PRC,LAPLMG1_7_B2,ALL,1,-1.19739,4,8
2012-11-11T21:45:00-00:00,2012-11-11T22:00:00-00:00,2012-11-11,14,LAPLMG1_7_B2,LAPLMG1_7_B2,LAPLMG1_7_B2,HASP,MCL,LMP_LOSS_PRC,LAPLMG1_7_B2,ALL,1,-1.2087,4,8
2012-11-11T22:45:00-00:00,2012-11-11T23:00:00-00:00,2012-11-11,15,LAPLMG1_7_B2,LAPLMG1_7_B2,LAPLMG1_7_B2,HASP,MCL,LMP_LOSS_PRC,LAPLMG1_7_B2,ALL,1,-1.15888,4,8
2012-11-11T23:45:00-00:00,2012-11-12T00:00:00-00:00,2012-11-11,16,LAPLMG1_7_B2,LAPLMG1_7_B2,LAPLMG1_7_B2,HASP,MCL,LMP_LOSS_PRC,LAPLMG1_7_B2,ALL,1,-7.95806,4,8
2012-11-12T00:45:00-00:00,2012-11-12T01:00:00-00:00,2012-11-11,17,LAPLMG1_7_B2,LAPLMG1_7_B2,LAPLMG1_7_B2,HASP,MCL,LMP_LOSS_PRC,LAPLMG1_7_B2,ALL,1,-14.61308,4,8
2012-11-12T01:45:00-00:00,2012-11-12T02:00:00-00:00,2012-11-11,18,LAPLMG1_7_B2,LAPLMG1_7_B2,LAPLMG1_7_B2,HASP,MCL,LMP_LOSS_PRC,LAPLMG1_7_B2,ALL,1,0,4,8
2012-11-12T02:45:00-00:00,2012-11-12T03:00:00-00:00,2012-11-11,19,LAPLMG1_7_B2,LAPLMG1_7_B2,LAPLMG1_7_B2,HASP,MCL,LMP_LOSS_PRC,LAPLMG1_7_B2,ALL,1,-2.35202,4,8
2012-11-12T03:45:00-00:00,2012-11-12T04:00:00-00:00,2012-11-11,20,LAPLMG1_7_B2,LAPLMG1_7_B2,LAPLMG1_7_B2,HASP,MCL,LMP_LOSS_PRC,LAPLMG1_7_B2,ALL,1,-1.91533,4,8
2012-11-12T04:45:00-00:00,2012-11-12T05:00:00-00:00,2012-11-11,21,LAPLMG1_7_B2,LAPLMG1_7_B2,LAPLMG1_7_B2,HASP,MCL,LMP_LOSS_PRC,LAPLMG1_7_B2,ALL,1,-1.74607,4,8
2012-11-12T05:45:00-00:00,2012-11-12T06:00:00-00:00,2012-11-11,22,LAPLMG1_7_B2,LAPLMG1_7_B2,LAPLMG1_7_B2,HASP,MCL,LMP_LOSS_PRC,LAPLMG1_7_B2,ALL,1,-1.24339,4,8
2012-11-12T06:45:00-00:00,2012-11-12T07:00:00-00:00,2012-11-11,23,LAPLMG1_7_B2,LAPLMG1_7_B2,LAPLMG1_7_B2,HASP,MCL,LMP_LOSS_PRC,LAPLMG1_7_B2,ALL,1,-1.17972,4,8
2012-11-12T07:45:00-00:00,2012-11-12T08:00:00-00:00,2012-11-11,24,LAPLMG1_7_B2,LAPLMG1_7_B2,LAPLMG1_7_B2,HASP,MCL,LMP_LOSS_PRC,LAPLMG1_7_B2,ALL,1,-0.9781,4,8
2012-11-12T08:00:00-00:00,2012-11-12T08:15:00-00:00,2012-11-12,01,LAPLMG1_7_B2,LAPLMG1_7_B2,LAPLMG1_7_B2,HASP,LMP,LMP_PRC,LAPLMG1_7_B2,ALL,1,28.89441,1,9
2012-11-12T09:00:00-00:00,2012-11-12T09:15:00-00:00,2012-11-12,02,LAPLMG1_7_B2,LAPLMG1_7_B2,LAPLMG1_7_B2,HASP,LMP,LMP_PRC,LAPLMG1_7_B2,ALL,1,29.59581,1,9
2012-11-12T10:00:00-00:00,2012-11-12T10:15:00-00:00,2012-11-12,03,LAPLMG1_7_B2,LAPLMG1_7_B2,LAPLMG1_7_B2,HASP,LMP,LMP_PRC,LAPLMG1_7_B2,ALL,1,29.7828,1,9
2012-11-12T11:00:00-00:00,2012-11-12T11:15:00-00:00,2012-11-12,04,LAPLMG1_7_B2,LAPLMG1_7_B2,LAPLMG1_7_B2,HASP,LMP,LMP_PRC,LAPLMG1_7_B2,ALL,1,25.69474,1,9
2012-11-12T12:00:00-00:00,2012-11-12T12:15:00-00:00,2012-11-12,05,LAPLMG1_7_B2,LAPLMG1_7_B2,LAPLMG1_7_B2,HASP,LMP,LMP_PRC,LAPLMG1_7_B2,ALL,1,25.53724,1,9
2012-11-12T13:00:00-00:00,2012-11-12T13:15:00-00:00,2012-11-12,06,LAPLMG1_7_B2,LAPLMG1_7_B2,LAPLMG1_7_B2,HASP,LMP,LMP_PRC,LAPLMG1_7_B2,ALL,1,26.61133,1,9
2012-11-12T14:00:00-00:00,2012-11-12T14:15:00-00:00,2012-11-12,07,LAPLMG1_7_B2,LAPLMG1_7_B2,LAPLMG1_7_B2,HASP,LMP,LMP_PRC,LAPLMG1_7_B2,ALL,1,30.42816,1,9
2012-11-12T15:00:00-00:00,2012-11-12T15:15:00-00:00,2012-11-12,08,LAPLMG1_7_B2,LAPLMG1_7_B2,LAPLMG1_7_B2,HASP,LMP,LMP_PRC,LAPLMG1_7_B2,ALL,1,40.08466,1,9
2012-11-12T16:00:00-00:00,2012-11-12T16:15:00-00:00,2012-11-12,09,LAPLMG1_7_B2,LAPLMG1_7_B2,LAPLMG1_7_B2,HASP,LMP,LMP_PRC,LAPLMG1_7_B2,ALL,1,32.40094,1,9
2012-11-12T17:00:00-00:00,2012-11-12T17:15:00-00:00,2012-11-12,10,LAPLMG1_7_B2,LAPLMG1_7_B2,LAPLMG1_7_B2,HASP,LMP,LMP_PRC,LAPLMG1_7_B2,ALL,1,26.62086,1,9
2012-11-12T18:00:00-00:00,2012-11-12T18:15:00-00:00,2012-11-12,11,LAPLMG1_7_B2,LAPLMG1_7_B2,LAPLMG1_7_B2,HASP,LMP,LMP_PRC,LAPLMG1_7_B2,ALL,1,30.67671,1,9
2012-11-12T19:00:00-00:00,2012-11-12T19:15:00-00:00,2012-11-12,12,LAPLMG1_7_B2,LAPLMG1_7_B2,LAPLMG1_7_B2,HASP,LMP,LMP_PRC,LAPLMG1_7_B2,ALL,1,32.11124,1,9
2012-11-12T20:00:00-00:00,2012-11-12T20:15:00-00:00,2012-11-12,13,LAPLMG1_7_B2,LAPLMG1_7_B2,LAPLMG1_7_B2,HASP,LMP,LMP_PRC,LAPLMG1_7_B2,ALL,1,32.15379,1,9
2012-11-12T21:00:00-00:00,2012-11-12T21:15:00-00:00,2012-11-12,14,LAPLMG1_7_B2,LAPLMG1_7_B2,LAPLMG1_7_B2,HASP,LMP,LMP_PRC,LAPLMG1_7_B2,ALL,1,29.04755,1,9
2012-11-12T22:00:00-00:00,2012-11-12T22:15:00-00:00,2012-11-12,15,LAPLMG1_7_B2,LAPLMG1_7_B2,LAPLMG1_7_B2,HASP,LMP,LMP_PRC,LAPLMG1_7_B2,ALL,1,31.95474,1,9
2012-11-12T23:00:00-00:00,2012-11-12T23:15:00-00:00,2012-11-12,16,LAPLMG1_7_B2,LAPLMG1_7_B2,LAPLMG1_7_B2,HASP,LMP,LMP_PRC,LAPLMG1_7_B2,ALL,1,29.16808,1,9
2012-11-13T00:00:00-00:00,2012-11-13T00:15:00-00:00,2012-11-12,17,LAPLMG1_7_B2,LAPLMG1_7_B2,LAPLMG1_7_B2,HASP,LMP,LMP_PRC,LAPLMG1_7_B2,ALL,1,26.83813,1,9
2012-11-13T01:00:00-00:00,2012-11-13T01:15:00-00:00,2012-11-12,18,LAPLMG1_7_B2,LAPLMG1_7_B2,LAPLMG1_7_B2,HASP,LMP,LMP_PRC,LAPLMG1_7_B2,ALL,1,38.71509,1,9
2012-11-13T02:00:00-00:00,2012-11-13T02:15:00-00:00,2012-11-12,19,LAPLMG1_7_B2,LAPLMG1_7_B2,LAPLMG1_7_B2,HASP,LMP,LMP_PRC,LAPLMG1_7_B2,ALL,1,56.14639,1,9
2012-11-13T03:00:00-00:00,2012-11-13T03:15:00-00:00,2012-11-12,20,LAPLMG1_7_B2,LAPLMG1_7_B2,LAPLMG1_7_B2,HASP,LMP,LMP_PRC,LAPLMG1_7_B2,ALL,1,83.84897,1,9
2012-11-13T04:00:00-00:00,2012-11-13T04:15:00-00:00,2012-11-12,21,LAPLMG1_7_B2,LAPLMG1_7_B2,LAPLMG1_7_B2,HASP,LMP,LMP_PRC,LAPLMG1_7_B2,ALL,1,43.51157,1,9
2012-11-13T05:00:00-00:00,2012-11-13T05:15:00-00:00,2012-11-12,22,LAPLMG1_7_B2,LAPLMG1_7_B2,LAPLMG1_7_B2,HASP,LMP,LMP_PRC,LAPLMG1_7_B2,ALL,1,42.15031,1,9
2012-11-13T06:00:00-00:00,2012-11-13T06:15:00-00:00,2012-11-12,23,LAPLMG1_7_B2,LAPLMG1_7_B2,LAPLMG1_7_B2,HASP,LMP,LMP_PRC,LAPLMG1_7_B2,ALL,1,34.12479,1,9
2012-11-13T07:00:00-00:00,2012-11-13T07:15:00-00:00,2012-11-12,24,LAPLMG1_7_B2,LAPLMG1_7_B2,LAPLMG1_7_B2,HASP,LMP,LMP_PRC,LAPLMG1_7_B2,ALL,1,32.8654,1,9
2012-11-12T08:15:00-00:00,2012-11-12T08:30:00-00:00,2012-11-12,01,LAPLMG1_7_B2,LAPLMG1_7_B2,LAPLMG1_7_B2,HASP,LMP,LMP_PRC,LAPLMG1_7_B2,ALL,1,26.22073,2,9
2012-11-12T09:15:00-00:00,2012-11-12T09:30:00-00:00,2012-11-12,02,LAPLMG1_7_B2,LAPLMG1_7_B2,LAPLMG1_7_B2,HASP,LMP,LMP_PRC,LAPLMG1_7_B2,ALL,1,27.27113,2,9
2012-11-12T10:15:00-00:00,2012-11-12T10:30:00-00:00,2012-11-12,03,LAPLMG1_7_B2,LAPLMG1_7_B2,LAPLMG1_7_B2,HASP,LMP,LMP_PRC,LAPLMG1_7_B2,ALL,1,27.11514,2,9
2012-11-12T11:15:00-00:00,2012-11-12T11:30:00-00:00,2012-11-12,04,LAPLMG1_7_B2,LAPLMG1_7_B2,LAPLMG1_7_B2,HASP,LMP,LMP_PRC,LAPLMG1_7_B2,ALL,1,25.71904,2,9
2012-11-12T12:15:00-00:00,2012-11-12T12:30:00-00:00,2012-11-12,05,LAPLMG1_7_B2,LAPLMG1_7_B2,LAPLMG1_7_B2,HASP,LMP,LMP_PRC,LAPLMG1_7_B2,ALL,1,29.58491,2,9
2012-11-12T13:15:00-00:00,2012-11-12T13:30:00-00:00,2012-11-12,06,LAPLMG1_7_B2,LAPLMG1_7_B2,LAPLMG1_7_B2,HASP,LMP,LMP_PRC,LAPLMG1_7_B2,ALL,1,29.69356,2,9
2012-11-12T14:15:00-00:00,2012-11-12T14:30:00-00:00,2012-11-12,07,LAPLMG1_7_B2,LAPLMG1_7_B2,LAPLMG1_7_B2,HASP,LMP,LMP_PRC,LAPLMG1_7_B2,ALL,1,34.24086,2,9
2012-11-12T15:15:00-00:00,2012-11-12T15:30:00-00:00,2012-11-12,08,LAPLMG1_7_B2,LAPLMG1_7_B2,LAPLMG1_7_B2,HASP,LMP,LMP_PRC,LAPLMG1_7_B2,ALL,1,40.76658,2,9
2012-11-12T16:15:00-00:00,2012-11-12T16:30:00-00:00,2012-11-12,09,LAPLMG1_7_B2,LAPLMG1_7_B2,LAPLMG1_7_B2,HASP,LMP,LMP_PRC,LAPLMG1_7_B2,ALL,1,32.36627,2,9
2012-11-12T17:15:00-00:00,2012-11-12T17:30:00-00:00,2012-11-12,10,LAPLMG1_7_B2,LAPLMG1_7_B2,LAPLMG1_7_B2,HASP,LMP,LMP_PRC,LAPLMG1_7_B2,ALL,1,28.94593,2,9
2012-11-12T18:15:00-00:00,2012-11-12T18:30:00-00:00,2012-11-12,11,LAPLMG1_7_B2,LAPLMG1_7_B2,LAPLMG1_7_B2,HASP,LMP,LMP_PRC,LAPLMG1_7_B2,ALL,1,29.80769,2,9
2012-11-12T19:15:00-00:00,2012-11-12T19:30:00-00:00,2012-11-12,12,LAPLMG1_7_B2,LAPLMG1_7_B2,LAPLMG1_7_B2,HASP,LMP,LMP_PRC,LAPLMG1_7_B2,ALL,1,32.11064,2,9
2012-11-12T20:15:00-00:00,2012-11-12T20:30:00-00:00,2012-11-12,13,LAPLMG1_7_B2,LAPLMG1_7_B2,LAPLMG1_7_B2,HASP,LMP,LMP_PRC,LAPLMG1_7_B2,ALL,1,30.65563,2,9
2012-11-12T21:15:00-00:00,2012-11-12T21:30:00-00:00,2012-11-12,14,LAPLMG1_7_B2,LAPLMG1_7_B2,LAPLMG1_7_B2,HASP,LMP,LMP_PRC,LAPLMG1_7_B2,ALL,1,29.93414,2,9
2012-11-12T22:15:00-00:00,2012-11-12T22:30:00-00:00,2012-11-12,15,LAPLMG1_7_B2,LAPLMG1_7_B2,LAPLMG1_7_B2,HASP,LMP,LMP_PRC,LAPLMG1_7_B2,ALL,1,30.5305,2,9
2012-11-12T23:15:00-00:00,2012-11-12T23:30:00-00:00,2012-11-12,16,LAPLMG1_7_B2,LAPLMG1_7_B2,LAPLMG1_7_B2,HASP,LMP,LMP_PRC,LAPLMG1_7_B2,ALL,1,28.92874,2,9
2012-11-13T00:15:00-00:00,2012-11-13T00:30:00-00:00,2012-11-12,17,LAPLMG1_7_B2,LAPLMG1_7_B2,LAPLMG1_7_B2,HASP,LMP,LMP_PRC,LAPLMG1_7_B2,ALL,1,27.13628,2,9
2012-11-13T01:15:00-00:00,2012-11-13T01:30:00-00:00,2012-11-12,18,LAPLMG1_7_B2,LAPLMG1_7_B2,LAPLMG1_7_B2,HASP,LMP,LMP_PRC,LAPLMG1_7_B2,ALL,1,40.92179,2,9
2012-11-13T02:15:00-00:00,2012-11-13T02:30:00-00:00,2012-11-12,19,LAPLMG1_7_B2,LAPLMG1_7_B2,LAPLMG1_7_B2,HASP,LMP,LMP_PRC,LAPLMG1_7_B2,ALL,1,54.71451,2,9
2012-11-13T03:15:00-00:00,2012-11-13T03:30:00-00:00,2012-11-12,20,LAPLMG1_7_B2,LAPLMG1_7_B2,LAPLMG1_7_B2,HASP,LMP,LMP_PRC,LAPLMG1_7_B2,ALL,1,73.0649,2,9
2012-11-13T04:15:00-00:00,2012-11-13T04:30:00-00:00,2012-11-12,21,LAPLMG1_7_B2,LAPLMG1_7_B2,LAPLMG1_7_B2,HASP,LMP,LMP_PRC,LAPLMG1_7_B2,ALL,1,75.91549,2,9
2012-11-13T05:15:00-00:00,2012-11-13T05:30:00-00:00,2012-11-12,22,LAPLMG1_7_B2,LAPLMG1_7_B2,LAPLMG1_7_B2,HASP,LMP,LMP_PRC,LAPLMG1_7_B2,ALL,1,40.06714,2,9
2012-11-13T06:15:00-00:00,2012-11-13T06:30:00-00:00,2012-11-12,23,LAPLMG1_7_B2,LAPLMG1_7_B2,LAPLMG1_7_B2,HASP,LMP,LMP_PRC,LAPLMG1_7_B2,ALL,1,29.97369,2,9
2012-11-13T07:15:00-00:00,2012-11-13T07:30:00-00:00,2012-11-12,24,LAPLMG1_7_B2,LAPLMG1_7_B2,LAPLMG1_7_B2,HASP,LMP,LMP_PRC,LAPLMG1_7_B2,ALL,1,34.32047,2,9
2012-11-12T08:30:00-00:00,2012-11-12T08:45:00-00:00,2012-11-12,01,LAPLMG1_7_B2,LAPLMG1_7_B2,LAPLMG1_7_B2,HASP,LMP,LMP_PRC,LAPLMG1_7_B2,ALL,1,29.58732,3,9
2012-11-12T09:30:00-00:00,2012-11-12T09:45:00-00:00,2012-11-12,02,LAPLMG1_7_B2,LAPLMG1_7_B2,LAPLMG1_7_B2,HASP,LMP,LMP_PRC,LAPLMG1_7_B2,ALL,1,26.37631,3,9
2012-11-12T10:30:00-00:00,2012-11-12T10:45:00-00:00,2012-11-12,03,LAPLMG1_7_B2,LAPLMG1_7_B2,LAPLMG1_7_B2,HASP,LMP,LMP_PRC,LAPLMG1_7_B2,ALL,1,27.11176,3,9
2012-11-12T11:30:00-00:00,2012-11-12T11:45:00-00:00,2012-11-12,04,LAPLMG1_7_B2,LAPLMG1_7_B2,LAPLMG1_7_B2,HASP,LMP,LMP_PRC,LAPLMG1_7_B2,ALL,1,26.04208,3,9
2012-11-12T12:30:00-00:00,2012-11-12T12:45:00-00:00,2012-11-12,05,LAPLMG1_7_B2,LAPLMG1_7_B2,LAPLMG1_7_B2,HASP,LMP,LMP_PRC,LAPLMG1_7_B2,ALL,1,26.48201,3,9
2012-11-12T13:30:00-00:00,2012-11-12T13:45:00-00:00,2012-11-12,06,LAPLMG1_7_B2,LAPLMG1_7_B2,LAPLMG1_7_B2,HASP,LMP,LMP_PRC,LAPLMG1_7_B2,ALL,1,30.11606,3,9
2012-11-12T14:30:00-00:00,2012-11-12T14:45:00-00:00,2012-11-12,07,LAPLMG1_7_B2,LAPLMG1_7_B2,LAPLMG1_7_B2,HASP,LMP,LMP_PRC,LAPLMG1_7_B2,ALL,1,40.55406,3,9
2012-11-12T15:30:00-00:00,2012-11-12T15:45:00-00:00,2012-11-12,08,LAPLMG1_7_B2,LAPLMG1_7_B2,LAPLMG1_7_B2,HASP,LMP,LMP_PRC,LAPLMG1_7_B2,ALL,1,38.03312,3,9
2012-11-12T16:30:00-00:00,2012-11-12T16:45:00-00:00,2012-11-12,09,LAPLMG1_7_B2,LAPLMG1_7_B2,LAPLMG1_7_B2,HASP,LMP,LMP_PRC,LAPLMG1_7_B2,ALL,1,33.84011,3,9
2012-11-12T17:30:00-00:00,2012-11-12T17:45:00-00:00,2012-11-12,10,LAPLMG1_7_B2,LAPLMG1_7_B2,LAPLMG1_7_B2,HASP,LMP,LMP_PRC,LAPLMG1_7_B2,ALL,1,28.0071,3,9
2012-11-12T18:30:00-00:00,2012-11-12T18:45:00-00:00,2012-11-12,11,LAPLMG1_7_B2,LAPLMG1_7_B2,LAPLMG1_7_B2,HASP,LMP,LMP_PRC,LAPLMG1_7_B2,ALL,1,29.80452,3,9
2012-11-12T19:30:00-00:00,2012-11-12T19:45:00-00:00,2012-11-12,12,LAPLMG1_7_B2,LAPLMG1_7_B2,LAPLMG1_7_B2,HASP,LMP,LMP_PRC,LAPLMG1_7_B2,ALL,1,32.11547,3,9
2012-11-12T20:30:00-00:00,2012-11-12T20:45:00-00:00,2012-11-12,13,LAPLMG1_7_B2,LAPLMG1_7_B2,LAPLMG1_7_B2,HASP,LMP,LMP_PRC,LAPLMG1_7_B2,ALL,1,30.67394,3,9
2012-11-12T21:30:00-00:00,2012-11-12T21:45:00-00:00,2012-11-12,14,LAPLMG1_7_B2,LAPLMG1_7_B2,LAPLMG1_7_B2,HASP,LMP,LMP_PRC,LAPLMG1_7_B2,ALL,1,29.08417,3,9
2012-11-12T22:30:00-00:00,2012-11-12T22:45:00-00:00,2012-11-12,15,LAPLMG1_7_B2,LAPLMG1_7_B2,LAPLMG1_7_B2,HASP,LMP,LMP_PRC,LAPLMG1_7_B2,ALL,1,30.31407,3,9
2012-11-12T23:30:00-00:00,2012-11-12T23:45:00-00:00,2012-11-12,16,LAPLMG1_7_B2,LAPLMG1_7_B2,LAPLMG1_7_B2,HASP,LMP,LMP_PRC,LAPLMG1_7_B2,ALL,1,30.51675,3,9
2012-11-13T00:30:00-00:00,2012-11-13T00:45:00-00:00,2012-11-12,17,LAPLMG1_7_B2,LAPLMG1_7_B2,LAPLMG1_7_B2,HASP,LMP,LMP_PRC,LAPLMG1_7_B2,ALL,1,32.41986,3,9
2012-11-13T01:30:00-00:00,2012-11-13T01:45:00-00:00,2012-11-12,18,LAPLMG1_7_B2,LAPLMG1_7_B2,LAPLMG1_7_B2,HASP,LMP,LMP_PRC,LAPLMG1_7_B2,ALL,1,41.24794,3,9
2012-11-13T02:30:00-00:00,2012-11-13T02:45:00-00:00,2012-11-12,19,LAPLMG1_7_B2,LAPLMG1_7_B2,LAPLMG1_7_B2,HASP,LMP,LMP_PRC,LAPLMG1_7_B2,ALL,1,42.68774,3,9
2012-11-13T03:30:00-00:00,2012-11-13T03:45:00-00:00,2012-11-12,20,LAPLMG1_7_B2,LAPLMG1_7_B2,LAPLMG1_7_B2,HASP,LMP,LMP_PRC,LAPLMG1_7_B2,ALL,1,51.55855,3,9
2012-11-13T04:30:00-00:00,2012-11-13T04:45:00-00:00,2012-11-12,21,LAPLMG1_7_B2,LAPLMG1_7_B2,LAPLMG1_7_B2,HASP,LMP,LMP_PRC,LAPLMG1_7_B2,ALL,1,44.25848,3,9
2012-11-13T05:30:00-00:00,2012-11-13T05:45:00-00:00,2012-11-12,22,LAPLMG1_7_B2,LAPLMG1_7_B2,LAPLMG1_7_B2,HASP,LMP,LMP_PRC,LAPLMG1_7_B2,ALL,1,39.58652,3,9
2012-11-13T06:30:00-00:00,2012-11-13T06:45:00-00:00,2012-11-12,23,LAPLMG1_7_B2,LAPLMG1_7_B2,LAPLMG1_7_B2,HASP,LMP,LMP_PRC,LAPLMG1_7_B2,ALL,1,29.88768,3,9
2012-11-13T07:30:00-00:00,2012-11-13T07:45:00-00:00,2012-11-12,24,LAPLMG1_7_B2,LAPLMG1_7_B2,LAPLMG1_7_B2,HASP,LMP,LMP_PRC,LAPLMG1_7_B2,ALL,1,29.47165,3,9
2012-11-12T08:45:00-00:00,2012-11-12T09:00:00-00:00,2012-11-12,01,LAPLMG1_7_B2,LAPLMG1_7_B2,LAPLMG1_7_B2,HASP,LMP,LMP_PRC,LAPLMG1_7_B2,ALL,1,26.35064,4,9
2012-11-12T09:45:00-00:00,2012-11-12T10:00:00-00:00,2012-11-12,02,LAPLMG1_7_B2,LAPLMG1_7_B2,LAPLMG1_7_B2,HASP,LMP,LMP_PRC,LAPLMG1_7_B2,ALL,1,26.35353,4,9
2012-11-12T10:45:00-00:00,2012-11-12T11:00:00-00:00,2012-11-12,03,LAPLMG1_7_B2,LAPLMG1_7_B2,LAPLMG1_7_B2,HASP,LMP,LMP_PRC,LAPLMG1_7_B2,ALL,1,26.34765,4,9
2012-11-12T11:45:00-00:00,2012-11-12T12:00:00-00:00,2012-11-12,04,LAPLMG1_7_B2,LAPLMG1_7_B2,LAPLMG1_7_B2,HASP,LMP,LMP_PRC,LAPLMG1_7_B2,ALL,1,27.1077,4,9
2012-11-12T12:45:00-00:00,2012-11-12T13:00:00-00:00,2012-11-12,05,LAPLMG1_7_B2,LAPLMG1_7_B2,LAPLMG1_7_B2,HASP,LMP,LMP_PRC,LAPLMG1_7_B2,ALL,1,28.51783,4,9
2012-11-12T13:45:00-00:00,2012-11-12T14:00:00-00:00,2012-11-12,06,LAPLMG1_7_B2,LAPLMG1_7_B2,LAPLMG1_7_B2,HASP,LMP,LMP_PRC,LAPLMG1_7_B2,ALL,1,49.96525,4,9
2012-11-12T14:45:00-00:00,2012-11-12T15:00:00-00:00,2012-11-12,07,LAPLMG1_7_B2,LAPLMG1_7_B2,LAPLMG1_7_B2,HASP,LMP,LMP_PRC,LAPLMG1_7_B2,ALL,1,47.3415,4,9
2012-11-12T15:45:00-00:00,2012-11-12T16:00:00-00:00,2012-11-12,08,LAPLMG1_7_B2,LAPLMG1_7_B2,LAPLMG1_7_B2,HASP,LMP,LMP_PRC,LAPLMG1_7_B2,ALL,1,41.60743,4,9
2012-11-12T16:45:00-00:00,2012-11-12T17:00:00-00:00,2012-11-12,09,LAPLMG1_7_B2,LAPLMG1_7_B2,LAPLMG1_7_B2,HASP,LMP,LMP_PRC,LAPLMG1_7_B2,ALL,1,33.84777,4,9
2012-11-12T17:45:00-00:00,2012-11-12T18:00:00-00:00,2012-11-12,10,LAPLMG1_7_B2,LAPLMG1_7_B2,LAPLMG1_7_B2,HASP,LMP,LMP_PRC,LAPLMG1_7_B2,ALL,1,26.72224,4,9
2012-11-12T18:45:00-00:00,2012-11-12T19:00:00-00:00,2012-11-12,11,LAPLMG1_7_B2,LAPLMG1_7_B2,LAPLMG1_7_B2,HASP,LMP,LMP_PRC,LAPLMG1_7_B2,ALL,1,29.79745,4,9
2012-11-12T19:45:00-00:00,2012-11-12T20:00:00-00:00,2012-11-12,12,LAPLMG1_7_B2,LAPLMG1_7_B2,LAPLMG1_7_B2,HASP,LMP,LMP_PRC,LAPLMG1_7_B2,ALL,1,31.74519,4,9
2012-11-12T20:45:00-00:00,2012-11-12T21:00:00-00:00,2012-11-12,13,LAPLMG1_7_B2,LAPLMG1_7_B2,LAPLMG1_7_B2,HASP,LMP,LMP_PRC,LAPLMG1_7_B2,ALL,1,30.05323,4,9
2012-11-12T21:45:00-00:00,2012-11-12T22:00:00-00:00,2012-11-12,14,LAPLMG1_7_B2,LAPLMG1_7_B2,LAPLMG1_7_B2,HASP,LMP,LMP_PRC,LAPLMG1_7_B2,ALL,1,27.03344,4,9
2012-11-12T22:45:00-00:00,2012-11-12T23:00:00-00:00,2012-11-12,15,LAPLMG1_7_B2,LAPLMG1_7_B2,LAPLMG1_7_B2,HASP,LMP,LMP_PRC,LAPLMG1_7_B2,ALL,1,29.55483,4,9
2012-11-12T23:45:00-00:00,2012-11-13T00:00:00-00:00,2012-11-12,16,LAPLMG1_7_B2,LAPLMG1_7_B2,LAPLMG1_7_B2,HASP,LMP,LMP_PRC,LAPLMG1_7_B2,ALL,1,31.8751,4,9
2012-11-13T00:45:00-00:00,2012-11-13T01:00:00-00:00,2012-11-12,17,LAPLMG1_7_B2,LAPLMG1_7_B2,LAPLMG1_7_B2,HASP,LMP,LMP_PRC,LAPLMG1_7_B2,ALL,1,42.76407,4,9
2012-11-13T01:45:00-00:00,2012-11-13T02:00:00-00:00,2012-11-12,18,LAPLMG1_7_B2,LAPLMG1_7_B2,LAPLMG1_7_B2,HASP,LMP,LMP_PRC,LAPLMG1_7_B2,ALL,1,41.2944,4,9
2012-11-13T02:45:00-00:00,2012-11-13T03:00:00-00:00,2012-11-12,19,LAPLMG1_7_B2,LAPLMG1_7_B2,LAPLMG1_7_B2,HASP,LMP,LMP_PRC,LAPLMG1_7_B2,ALL,1,41.75687,4,9
2012-11-13T03:45:00-00:00,2012-11-13T04:00:00-00:00,2012-11-12,20,LAPLMG1_7_B2,LAPLMG1_7_B2,LAPLMG1_7_B2,HASP,LMP,LMP_PRC,LAPLMG1_7_B2,ALL,1,44.10559,4,9
2012-11-13T04:45:00-00:00,2012-11-13T05:00:00-00:00,2012-11-12,21,LAPLMG1_7_B2,LAPLMG1_7_B2,LAPLMG1_7_B2,HASP,LMP,LMP_PRC,LAPLMG1_7_B2,ALL,1,40.91976,4,9
2012-11-13T05:45:00-00:00,2012-11-13T06:00:00-00:00,2012-11-12,22,LAPLMG1_7_B2,LAPLMG1_7_B2,LAPLMG1_7_B2,HASP,LMP,LMP_PRC,LAPLMG1_7_B2,ALL,1,38.28346,4,9
2012-11-13T06:45:00-00:00,2012-11-13T07:00:00-00:00,2012-11-12,23,LAPLMG1_7_B2,LAPLMG1_7_B2,LAPLMG1_7_B2,HASP,LMP,LMP_PRC,LAPLMG1_7_B2,ALL,1,26.42354,4,9
2012-11-13T07:45:00-00:00,2012-11-13T08:00:00-00:00,2012-11-12,24,LAPLMG1_7_B2,LAPLMG1_7_B2,LAPLMG1_7_B2,HASP,LMP,LMP_PRC,LAPLMG1_7_B2,ALL,1,29.23862,4,9
2012-11-12T08:00:00-00:00,2012-11-12T08:15:00-00:00,2012-11-12,01,LAPLMG1_7_B2,LAPLMG1_7_B2,LAPLMG1_7_B2,HASP,MCC,LMP_CONG_PRC,LAPLMG1_7_B2,ALL,1,-5.96084,1,10
2012-11-12T09:00:00-00:00,2012-11-12T09:15:00-00:00,2012-11-12,02,LAPLMG1_7_B2,LAPLMG1_7_B2,LAPLMG1_7_B2,HASP,MCC,LMP_CONG_PRC,LAPLMG1_7_B2,ALL,1,0.00331,1,10
2012-11-12T10:00:00-00:00,2012-11-12T10:15:00-00:00,2012-11-12,03,LAPLMG1_7_B2,LAPLMG1_7_B2,LAPLMG1_7_B2,HASP,MCC,LMP_CONG_PRC,LAPLMG1_7_B2,ALL,1,-4.80281,1,10
2012-11-12T11:00:00-00:00,2012-11-12T11:15:00-00:00,2012-11-12,04,LAPLMG1_7_B2,LAPLMG1_7_B2,LAPLMG1_7_B2,HASP,MCC,LMP_CONG_PRC,LAPLMG1_7_B2,ALL,1,0,1,10
2012-11-12T12:00:00-00:00,2012-11-12T12:15:00-00:00,2012-11-12,05,LAPLMG1_7_B2,LAPLMG1_7_B2,LAPLMG1_7_B2,HASP,MCC,LMP_CONG_PRC,LAPLMG1_7_B2,ALL,1,0,1,10
2012-11-12T13:00:00-00:00,2012-11-12T13:15:00-00:00,2012-11-12,06,LAPLMG1_7_B2,LAPLMG1_7_B2,LAPLMG1_7_B2,HASP,MCC,LMP_CONG_PRC,LAPLMG1_7_B2,ALL,1,0,1,10
2012-11-12T14:00:00-00:00,2012-11-12T14:15:00-00:00,2012-11-12,07,LAPLMG1_7_B2,LAPLMG1_7_B2,LAPLMG1_7_B2,HASP,MCC,LMP_CONG_PRC,LAPLMG1_7_B2,ALL,1,0.02465,1,10
2012-11-12T15:00:00-00:00,2012-11-12T15:15:00-00:00,2012-11-12,08,LAPLMG1_7_B2,LAPLMG1_7_B2,LAPLMG1_7_B2,HASP,MCC,LMP_CONG_PRC,LAPLMG1_7_B2,ALL,1,0.22458,1,10
2012-11-12T16:00:00-00:00,2012-11-12T16:15:00-00:00,2012-11-12,09,LAPLMG1_7_B2,LAPLMG1_7_B2,LAPLMG1_7_B2,HASP,MCC,LMP_CONG_PRC,LAPLMG1_7_B2,ALL,1,-3.99316,1,10
2012-11-12T17:00:00-00:00,2012-11-12T17:15:00-00:00,2012-11-12,10,LAPLMG1_7_B2,LAPLMG1_7_B2,LAPLMG1_7_B2,HASP,MCC,LMP_CONG_PRC,LAPLMG1_7_B2,ALL,1,-6.65755,1,10
2012-11-12T18:00:00-00:00,2012-11-12T18:15:00-00:00,2012-11-12,11,LAPLMG1_7_B2,LAPLMG1_7_B2,LAPLMG1_7_B2,HASP,MCC,LMP_CONG_PRC,LAPLMG1_7_B2,ALL,1,-4.84389,1,10
2012-11-12T19:00:00-00:00,2012-11-12T19:15:00-00:00,2012-11-12,12,LAPLMG1_7_B2,LAPLMG1_7_B2,LAPLMG1_7_B2,HASP,MCC,LMP_CONG_PRC,LAPLMG1_7_B2,ALL,1,-9.57757,1,10
2012-11-12T20:00:00-00:00,2012-11-12T20:15:00-00:00,2012-11-12,13,LAPLMG1_7_B2,LAPLMG1_7_B2,LAPLMG1_7_B2,HASP,MCC,LMP_CONG_PRC,LAPLMG1_7_B2,ALL,1,-4.50902,1,10
2012-11-12T21:00:00-00:00,2012-11-12T21:15:00-00:00,2012-11-12,14,LAPLMG1_7_B2,LAPLMG1_7_B2,LAPLMG1_7_B2,HASP,MCC,LMP_CONG_PRC,LAPLMG1_7_B2,ALL,1,-5.92306,1,10
2012-11-12T22:00:00-00:00,2012-11-12T22:15:00-00:00,2012-11-12,15,LAPLMG1_7_B2,LAPLMG1_7_B2,LAPLMG1_7_B2,HASP,MCC,LMP_CONG_PRC,LAPLMG1_7_B2,ALL,1,0,1,10
2012-11-12T23:00:00-00:00,2012-11-12T23:15:00-00:00,2012-11-12,16,LAPLMG1_7_B2,LAPLMG1_7_B2,LAPLMG1_7_B2,HASP,MCC,LMP_CONG_PRC,LAPLMG1_7_B2,ALL,1,0,1,10
2012-11-13T00:00:00-00:00,2012-11-13T00:15:00-00:00,2012-11-12,17,LAPLMG1_7_B2,LAPLMG1_7_B2,LAPLMG1_7_B2,HASP,MCC,LMP_CONG_PRC,LAPLMG1_7_B2,ALL,1,-0.97393,1,10
2012-11-13T01:00:00-00:00,2012-11-13T01:15:00-00:00,2012-11-12,18,LAPLMG1_7_B2,LAPLMG1_7_B2,LAPLMG1_7_B2,HASP,MCC,LMP_CONG_PRC,LAPLMG1_7_B2,ALL,1,0,1,10
2012-11-13T02:00:00-00:00,2012-11-13T02:15:00-00:00,2012-11-12,19,LAPLMG1_7_B2,LAPLMG1_7_B2,LAPLMG1_7_B2,HASP,MCC,LMP_CONG_PRC,LAPLMG1_7_B2,ALL,1,-0.78549,1,10
2012-11-13T03:00:00-00:00,2012-11-13T03:15:00-00:00,2012-11-12,20,LAPLMG1_7_B2,LAPLMG1_7_B2,LAPLMG1_7_B2,HASP,MCC,LMP_CONG_PRC,LAPLMG1_7_B2,ALL,1,-2.365,1,10
2012-11-13T04:00:00-00:00,2012-11-13T04:15:00-00:00,2012-11-12,21,LAPLMG1_7_B2,LAPLMG1_7_B2,LAPLMG1_7_B2,HASP,MCC,LMP_CONG_PRC,LAPLMG1_7_B2,ALL,1,-3.13175,1,10
2012-11-13T05:00:00-00:00,2012-11-13T05:15:00-00:00,2012-11-12,22,LAPLMG1_7_B2,LAPLMG1_7_B2,LAPLMG1_7_B2,HASP,MCC,LMP_CONG_PRC,LAPLMG1_7_B2,ALL,1,-3.31503,1,10
2012-11-13T06:00:00-00:00,2012-11-13T06:15:00-00:00,2012-11-12,23,LAPLMG1_7_B2,LAPLMG1_7_B2,LAPLMG1_7_B2,HASP,MCC,LMP_CONG_PRC,LAPLMG1_7_B2,ALL,1,-5.7054,1,10
2012-11-13T07:00:00-00:00,2012-11-13T07:15:00-00:00,2012-11-12,24,LAPLMG1_7_B2,LAPLMG1_7_B2,LAPLMG1_7_B2,HASP,MCC,LMP_CONG_PRC,LAPLMG1_7_B2,ALL,1,236.61364,1,10
2012-11-12T08:15:00-00:00,2012-11-12T08:30:00-00:00,2012-11-12,01,LAPLMG1_7_B2,LAPLMG1_7_B2,LAPLMG1_7_B2,HASP,MCC,LMP_CONG_PRC,LAPLMG1_7_B2,ALL,1,-1.42733,2,10
2012-11-12T09:15:00-00:00,2012-11-12T09:30:00-00:00,2012-11-12,02,LAPLMG1_7_B2,LAPLMG1_7_B2,LAPLMG1_7_B2,HASP,MCC,LMP_CONG_PRC,LAPLMG1_7_B2,ALL,1,0,2,10
2012-11-12T10:15:00-00:00,2012-11-12T10:30:00-00:00,2012-11-12,03,LAPLMG1_7_B2,LAPLMG1_7_B2,LAPLMG1_7_B2,HASP,MCC,LMP_CONG_PRC,LAPLMG1_7_B2,ALL,1,-6.03884,2,10
2012-11-12T11:15:00-00:00,2012-11-12T11:30:00-00:00,2012-11-12,04,LAPLMG1_7_B2,LAPLMG1_7_B2,LAPLMG1_7_B2,HASP,MCC,LMP_CONG_PRC,LAPLMG1_7_B2,ALL,1,0,2,10
2012-11-12T12:15:00-00:00,2012-11-12T12:30:00-00:00,2012-11-12,05,LAPLMG1_7_B2,LAPLMG1_7_B2,LAPLMG1_7_B2,HASP,MCC,LMP_CONG_PRC,LAPLMG1_7_B2,ALL,1,0.00048,2,10
2012-11-12T13:15:00-00:00,2012-11-12T13:30:00-00:00,2012-11-12,06,LAPLMG1_7_B2,LAPLMG1_7_B2,LAPLMG1_7_B2,HASP,MCC,LMP_CONG_PRC,LAPLMG1_7_B2,ALL,1,0.0101,2,10
2012-11-12T14:15:00-00:00,2012-11-12T14:30:00-00:00,2012-11-12,07,LAPLMG1_7_B2,LAPLMG1_7_B2,LAPLMG1_7_B2,HASP,MCC,LMP_CONG_PRC,LAPLMG1_7_B2,ALL,1,0.10387,2,10
2012-11-12T15:15:00-00:00,2012-11-12T15:30:00-00:00,2012-11-12,08,LAPLMG1_7_B2,LAPLMG1_7_B2,LAPLMG1_7_B2,HASP,MCC,LMP_CONG_PRC,LAPLMG1_7_B2,ALL,1,0.24,2,10
2012-11-12T16:15:00-00:00,2012-11-12T16:30:00-00:00,2012-11-12,09,LAPLMG1_7_B2,LAPLMG1_7_B2,LAPLMG1_7_B2,HASP,MCC,LMP_CONG_PRC,LAPLMG1_7_B2,ALL,1,-4.00046,2,10
2012-11-12T17:15:00-00:00,2012-11-12T17:30:00-00:00,2012-11-12,10,LAPLMG1_7_B2,LAPLMG1_7_B2,LAPLMG1_7_B2,HASP,MCC,LMP_CONG_PRC,LAPLMG1_7_B2,ALL,1,-5.5963,2,10
2012-11-12T18:15:00-00:00,2012-11-12T18:30:00-00:00,2012-11-12,11,LAPLMG1_7_B2,LAPLMG1_7_B2,LAPLMG1_7_B2,HASP,MCC,LMP_CONG_PRC,LAPLMG1_7_B2,ALL,1,-8.69058,2,10
2012-11-12T19:15:00-00:00,2012-11-12T19:30:00-00:00,2012-11-12,12,LAPLMG1_7_B2,LAPLMG1_7_B2,LAPLMG1_7_B2,HASP,MCC,LMP_CONG_PRC,LAPLMG1_7_B2,ALL,1,-9.63397,2,10
2012-11-12T20:15:00-00:00,2012-11-12T20:30:00-00:00,2012-11-12,13,LAPLMG1_7_B2,LAPLMG1_7_B2,LAPLMG1_7_B2,HASP,MCC,LMP_CONG_PRC,LAPLMG1_7_B2,ALL,1,-5.15832,2,10
2012-11-12T21:15:00-00:00,2012-11-12T21:30:00-00:00,2012-11-12,14,LAPLMG1_7_B2,LAPLMG1_7_B2,LAPLMG1_7_B2,HASP,MCC,LMP_CONG_PRC,LAPLMG1_7_B2,ALL,1,-5.50508,2,10
2012-11-12T22:15:00-00:00,2012-11-12T22:30:00-00:00,2012-11-12,15,LAPLMG1_7_B2,LAPLMG1_7_B2,LAPLMG1_7_B2,HASP,MCC,LMP_CONG_PRC,LAPLMG1_7_B2,ALL,1,0,2,10
2012-11-12T23:15:00-00:00,2012-11-12T23:30:00-00:00,2012-11-12,16,LAPLMG1_7_B2,LAPLMG1_7_B2,LAPLMG1_7_B2,HASP,MCC,LMP_CONG_PRC,LAPLMG1_7_B2,ALL,1,0,2,10
2012-11-13T00:15:00-00:00,2012-11-13T00:30:00-00:00,2012-11-12,17,LAPLMG1_7_B2,LAPLMG1_7_B2,LAPLMG1_7_B2,HASP,MCC,LMP_CONG_PRC,LAPLMG1_7_B2,ALL,1,-0.82873,2,10
2012-11-13T01:15:00-00:00,2012-11-13T01:30:00-00:00,2012-11-12,18,LAPLMG1_7_B2,LAPLMG1_7_B2,LAPLMG1_7_B2,HASP,MCC,LMP_CONG_PRC,LAPLMG1_7_B2,ALL,1,-1.95615,2,10
2012-11-13T02:15:00-00:00,2012-11-13T02:30:00-00:00,2012-11-12,19,LAPLMG1_7_B2,LAPLMG1_7_B2,LAPLMG1_7_B2,HASP,MCC,LMP_CONG_PRC,LAPLMG1_7_B2,ALL,1,-1.24041,2,10
2012-11-13T03:15:00-00:00,2012-11-13T03:30:00-00:00,2012-11-12,20,LAPLMG1_7_B2,LAPLMG1_7_B2,LAPLMG1_7_B2,HASP,MCC,LMP_CONG_PRC,LAPLMG1_7_B2,ALL,1,-1.51609,2,10
2012-11-13T04:15:00-00:00,2012-11-13T04:30:00-00:00,2012-11-12,21,LAPLMG1_7_B2,LAPLMG1_7_B2,LAPLMG1_7_B2,HASP,MCC,LMP_CONG_PRC,LAPLMG1_7_B2,ALL,1,4.5263,2,10
2012-11-13T05:15:00-00:00,2012-11-13T05:30:00-00:00,2012-11-12,22,LAPLMG1_7_B2,LAPLMG1_7_B2,LAPLMG1_7_B2,HASP,MCC,LMP_CONG_PRC,LAPLMG1_7_B2,ALL,1,-1.82861,2,10
2012-11-13T06:15:00-00:00,2012-11-13T06:30:00-00:00,2012-11-12,23,LAPLMG1_7_B2,LAPLMG1_7_B2,LAPLMG1_7_B2,HASP,MCC,LMP_CONG_PRC,LAPLMG1_7_B2,ALL,1,-5.42427,2,10
2012-11-13T07:15:00-00:00,2012-11-13T07:30:00-00:00,2012-11-12,24,LAPLMG1_7_B2,LAPLMG1_7_B2,LAPLMG1_7_B2,HASP,MCC,LMP_CONG_PRC,LAPLMG1_7_B2,ALL,1,12.56516,2,10
2012-11-12T08:30:00-00:00,2012-11-12T08:45:00-00:00,2012-11-12,01,LAPLMG1_7_B2,LAPLMG1_7_B2,LAPLMG1_7_B2,HASP,MCC,LMP_CONG_PRC,LAPLMG1_7_B2,ALL,1,0.00466,3,10
2012-11-12T09:30:00-00:00,2012-11-12T09:45:00-00:00,2012-11-12,02,LAPLMG1_7_B2,LAPLMG1_7_B2,LAPLMG1_7_B2,HASP,MCC,LMP_CONG_PRC,LAPLMG1_7_B2,ALL,1,0,3,10
2012-11-12T10:30:00-00:00,2012-11-12T10:45:00-00:00,2012-11-12,03,LAPLMG1_7_B2,LAPLMG1_7_B2,LAPLMG1_7_B2,HASP,MCC,LMP_CONG_PRC,LAPLMG1_7_B2,ALL,1,-6.05229,3,10
2012-11-12T11:30:00-00:00,2012-11-12T11:45:00-00:00,2012-11-12,04,LAPLMG1_7_B2,LAPLMG1_7_B2,LAPLMG1_7_B2,HASP,MCC,LMP_CONG_PRC,LAPLMG1_7_B2,ALL,1,0,3,10
2012-11-12T12:30:00-00:00,2012-11-12T12:45:00-00:00,2012-11-12,05,LAPLMG1_7_B2,LAPLMG1_7_B2,LAPLMG1_7_B2,HASP,MCC,LMP_CONG_PRC,LAPLMG1_7_B2,ALL,1,0,3,10
2012-11-12T13:30:00-00:00,2012-11-12T13:45:00-00:00,2012-11-12,06,LAPLMG1_7_B2,LAPLMG1_7_B2,LAPLMG1_7_B2,HASP,MCC,LMP_CONG_PRC,LAPLMG1_7_B2,ALL,1,0.01897,3,10
2012-11-12T14:30:00-00:00,2012-11-12T14:45:00-00:00,2012-11-12,07,LAPLMG1_7_B2,LAPLMG1_7_B2,LAPLMG1_7_B2,HASP,MCC,LMP_CONG_PRC,LAPLMG1_7_B2,ALL,1,0.23348,3,10
2012-11-12T15:30:00-00:00,2012-11-12T15:45:00-00:00,2012-11-12,08,LAPLMG1_7_B2,LAPLMG1_7_B2,LAPLMG1_7_B2,HASP,MCC,LMP_CONG_PRC,LAPLMG1_7_B2,ALL,1,0.18528,3,10
2012-11-12T16:30:00-00:00,2012-11-12T16:45:00-00:00,2012-11-12,09,LAPLMG1_7_B2,LAPLMG1_7_B2,LAPLMG1_7_B2,HASP,MCC,LMP_CONG_PRC,LAPLMG1_7_B2,ALL,1,-3.31696,3,10
2012-11-12T17:30:00-00:00,2012-11-12T17:45:00-00:00,2012-11-12,10,LAPLMG1_7_B2,LAPLMG1_7_B2,LAPLMG1_7_B2,HASP,MCC,LMP_CONG_PRC,LAPLMG1_7_B2,ALL,1,-6.02857,3,10
2012-11-12T18:30:00-00:00,2012-11-12T18:45:00-00:00,2012-11-12,11,LAPLMG1_7_B2,LAPLMG1_7_B2,LAPLMG1_7_B2,HASP,MCC,LMP_CONG_PRC,LAPLMG1_7_B2,ALL,1,-14.40016,3,10
2012-11-12T19:30:00-00:00,2012-11-12T19:45:00-00:00,2012-11-12,12,LAPLMG1_7_B2,LAPLMG1_7_B2,LAPLMG1_7_B2,HASP,MCC,LMP_CONG_PRC,LAPLMG1_7_B2,ALL,1,-9.57967,3,10
2012-11-12T20:30:00-00:00,2012-11-12T20:45:00-00:00,2012-11-12,13,LAPLMG1_7_B2,LAPLMG1_7_B2,LAPLMG1_7_B2,HASP,MCC,LMP_CONG_PRC,LAPLMG1_7_B2,ALL,1,-5.1383,3,10
2012-11-12T21:30:00-00:00,2012-11-12T21:45:00-00:00,2012-11-12,14,LAPLMG1_7_B2,LAPLMG1_7_B2,LAPLMG1_7_B2,HASP,MCC,LMP_CONG_PRC,LAPLMG1_7_B2,ALL,1,-5.90878,3,10
2012-11-12T22:30:00-00:00,2012-11-12T22:45:00-00:00,2012-11-12,15,LAPLMG1_7_B2,LAPLMG1_7_B2,LAPLMG1_7_B2,HASP,MCC,LMP_CONG_PRC,LAPLMG1_7_B2,ALL,1,0,3,10
2012-11-12T23:30:00-00:00,2012-11-12T23:45:00-00:00,2012-11-12,16,LAPLMG1_7_B2,LAPLMG1_7_B2,LAPLMG1_7_B2,HASP,MCC,LMP_CONG_PRC,LAPLMG1_7_B2,ALL,1,0,3,10
2012-11-13T00:30:00-00:00,2012-11-13T00:45:00-00:00,2012-11-12,17,LAPLMG1_7_B2,LAPLMG1_7_B2,LAPLMG1_7_B2,HASP,MCC,LMP_CONG_PRC,LAPLMG1_7_B2,ALL,1,-4.26209,3,10
2012-11-13T01:30:00-00:00,2012-11-13T01:45:00-00:00,2012-11-12,18,LAPLMG1_7_B2,LAPLMG1_7_B2,LAPLMG1_7_B2,HASP,MCC,LMP_CONG_PRC,LAPLMG1_7_B2,ALL,1,-1.83096,3,10
2012-11-13T02:30:00-00:00,2012-11-13T02:45:00-00:00,2012-11-12,19,LAPLMG1_7_B2,LAPLMG1_7_B2,LAPLMG1_7_B2,HASP,MCC,LMP_CONG_PRC,LAPLMG1_7_B2,ALL,1,-6.53279,3,10
2012-11-13T03:30:00-00:00,2012-11-13T03:45:00-00:00,2012-11-12,20,LAPLMG1_7_B2,LAPLMG1_7_B2,LAPLMG1_7_B2,HASP,MCC,LMP_CONG_PRC,LAPLMG1_7_B2,ALL,1,-3.7912,3,10
2012-11-13T04:30:00-00:00,2012-11-13T04:45:00-00:00,2012-11-12,21,LAPLMG1_7_B2,LAPLMG1_7_B2,LAPLMG1_7_B2,HASP,MCC,LMP_CONG_PRC,LAPLMG1_7_B2,ALL,1,0.45695,3,10
2012-11-13T05:30:00-00:00,2012-11-13T05:45:00-00:00,2012-11-12,22,LAPLMG1_7_B2,LAPLMG1_7_B2,LAPLMG1_7_B2,HASP,MCC,LMP_CONG_PRC,LAPLMG1_7_B2,ALL,1,0.3597,3,10
2012-11-13T06:30:00-00:00,2012-11-13T06:45:00-00:00,2012-11-12,23,LAPLMG1_7_B2,LAPLMG1_7_B2,LAPLMG1_7_B2,HASP,MCC,LMP_CONG_PRC,LAPLMG1_7_B2,ALL,1,-3.5394,3,10
2012-11-13T07:30:00-00:00,2012-11-13T07:45:00-00:00,2012-11-12,24,LAPLMG1_7_B2,LAPLMG1_7_B2,LAPLMG1_7_B2,HASP,MCC,LMP_CONG_PRC,LAPLMG1_7_B2,ALL,1,14.85762,3,10
2012-11-12T08:45:00-00:00,2012-11-12T09:00:00-00:00,2012-11-12,01,LAPLMG1_7_B2,LAPLMG1_7_B2,LAPLMG1_7_B2,HASP,MCC,LMP_CONG_PRC,LAPLMG1_7_B2,ALL,1,0,4,10
2012-11-12T09:45:00-00:00,2012-11-12T10:00:00-00:00,2012-11-12,02,LAPLMG1_7_B2,LAPLMG1_7_B2,LAPLMG1_7_B2,HASP,MCC,LMP_CONG_PRC,LAPLMG1_7_B2,ALL,1,0,4,10
2012-11-12T10:45:00-00:00,2012-11-12T11:00:00-00:00,2012-11-12,03,LAPLMG1_7_B2,LAPLMG1_7_B2,LAPLMG1_7_B2,HASP,MCC,LMP_CONG_PRC,LAPLMG1_7_B2,ALL,1,-6.39816,4,10
2012-11-12T11:45:00-00:00,2012-11-12T12:00:00-00:00,2012-11-12,04,LAPLMG1_7_B2,LAPLMG1_7_B2,LAPLMG1_7_B2,HASP,MCC,LMP_CONG_PRC,LAPLMG1_7_B2,ALL,1,0,4,10
2012-11-12T12:45:00-00:00,2012-11-12T13:00:00-00:00,2012-11-12,05,LAPLMG1_7_B2,LAPLMG1_7_B2,LAPLMG1_7_B2,HASP,MCC,LMP_CONG_PRC,LAPLMG1_7_B2,ALL,1,-5.34658,4,10
2012-11-12T13:45:00-00:00,2012-11-12T14:00:00-00:00,2012-11-12,06,LAPLMG1_7_B2,LAPLMG1_7_B2,LAPLMG1_7_B2,HASP,MCC,LMP_CONG_PRC,LAPLMG1_7_B2,ALL,1,-1.73653,4,10
2012-11-12T14:45:00-00:00,2012-11-12T15:00:00-00:00,2012-11-12,07,LAPLMG1_7_B2,LAPLMG1_7_B2,LAPLMG1_7_B2,HASP,MCC,LMP_CONG_PRC,LAPLMG1_7_B2,ALL,1,36.28098,4,10
2012-11-12T15:45:00-00:00,2012-11-12T16:00:00-00:00,2012-11-12,08,LAPLMG1_7_B2,LAPLMG1_7_B2,LAPLMG1_7_B2,HASP,MCC,LMP_CONG_PRC,LAPLMG1_7_B2,ALL,1,0.25968,4,10
2012-11-12T16:45:00-00:00,2012-11-12T17:00:00-00:00,2012-11-12,09,LAPLMG1_7_B2,LAPLMG1_7_B2,LAPLMG1_7_B2,HASP,MCC,LMP_CONG_PRC,LAPLMG1_7_B2,ALL,1,-3.29251,4,10
2012-11-12T17:45:00-00:00,2012-11-12T18:00:00-00:00,2012-11-12,10,LAPLMG1_7_B2,LAPLMG1_7_B2,LAPLMG1_7_B2,HASP,MCC,LMP_CONG_PRC,LAPLMG1_7_B2,ALL,1,-6.66524,4,10
2012-11-12T18:45:00-00:00,2012-11-12T19:00:00-00:00,2012-11-12,11,LAPLMG1_7_B2,LAPLMG1_7_B2,LAPLMG1_7_B2,HASP,MCC,LMP_CONG_PRC,LAPLMG1_7_B2,ALL,1,-12.89359,4,10
2012-11-12T19:45:00-00:00,2012-11-12T20:00:00-00:00,2012-11-12,12,LAPLMG1_7_B2,LAPLMG1_7_B2,LAPLMG1_7_B2,HASP,MCC,LMP_CONG_PRC,LAPLMG1_7_B2,ALL,1,-9.76273,4,10
2012-11-12T20:45:00-00:00,2012-11-12T21:00:00-00:00,2012-11-12,13,LAPLMG1_7_B2,LAPLMG1_7_B2,LAPLMG1_7_B2,HASP,MCC,LMP_CONG_PRC,LAPLMG1_7_B2,ALL,1,-5.51626,4,10
2012-11-12T21:45:00-00:00,2012-11-12T22:00:00-00:00,2012-11-12,14,LAPLMG1_7_B2,LAPLMG1_7_B2,LAPLMG1_7_B2,HASP,MCC,LMP_CONG_PRC,LAPLMG1_7_B2,ALL,1,-4.94307,4,10
2012-11-12T22:45:00-00:00,2012-11-12T23:00:00-00:00,2012-11-12,15,LAPLMG1_7_B2,LAPLMG1_7_B2,LAPLMG1_7_B2,HASP,MCC,LMP_CONG_PRC,LAPLMG1_7_B2,ALL,1,0,4,10
2012-11-12T23:45:00-00:00,2012-11-13T00:00:00-00:00,2012-11-12,16,LAPLMG1_7_B2,LAPLMG1_7_B2,LAPLMG1_7_B2,HASP,MCC,LMP_CONG_PRC,LAPLMG1_7_B2,ALL,1,0,4,10
2012-11-13T00:45:00-00:00,2012-11-13T01:00:00-00:00,2012-11-12,17,LAPLMG1_7_B2,LAPLMG1_7_B2,LAPLMG1_7_B2,HASP,MCC,LMP_CONG_PRC,LAPLMG1_7_B2,ALL,1,-7.9635,4,10
2012-11-13T01:45:00-00:00,2012-11-13T02:00:00-00:00,2012-11-12,18,LAPLMG1_7_B2,LAPLMG1_7_B2,LAPLMG1_7_B2,HASP,MCC,LMP_CONG_PRC,LAPLMG1_7_B2,ALL,1,-1.71605,4,10
2012-11-13T02:45:00-00:00,2012-11-13T03:00:00-00:00,2012-11-12,19,LAPLMG1_7_B2,LAPLMG1_7_B2,LAPLMG1_7_B2,HASP,MCC,LMP_CONG_PRC,LAPLMG1_7_B2,ALL,1,-8.41962,4,10
2012-11-13T03:45:00-00:00,2012-11-13T04:00:00-00:00,2012-11-12,20,LAPLMG1_7_B2,LAPLMG1_7_B2,LAPLMG1_7_B2,HASP,MCC,LMP_CONG_PRC,LAPLMG1_7_B2,ALL,1,-7.94876,4,10
2012-11-13T04:45:00-00:00,2012-11-13T05:00:00-00:00,2012-11-12,21,LAPLMG1_7_B2,LAPLMG1_7_B2,LAPLMG1_7_B2,HASP,MCC,LMP_CONG_PRC,LAPLMG1_7_B2,ALL,1,1.25127,4,10
2012-11-13T05:45:00-00:00,2012-11-13T06:00:00-00:00,2012-11-12,22,LAPLMG1_7_B2,LAPLMG1_7_B2,LAPLMG1_7_B2,HASP,MCC,LMP_CONG_PRC,LAPLMG1_7_B2,ALL,1,2.40694,4,10
2012-11-13T06:45:00-00:00,2012-11-13T07:00:00-00:00,2012-11-12,23,LAPLMG1_7_B2,LAPLMG1_7_B2,LAPLMG1_7_B2,HASP,MCC,LMP_CONG_PRC,LAPLMG1_7_B2,ALL,1,0.04917,4,10
2012-11-13T07:45:00-00:00,2012-11-13T08:00:00-00:00,2012-11-12,24,LAPLMG1_7_B2,LAPLMG1_7_B2,LAPLMG1_7_B2,HASP,MCC,LMP_CONG_PRC,LAPLMG1_7_B2,ALL,1,21,4,10
2012-11-12T08:00:00-00:00,2012-11-12T08:15:00-00:00,2012-11-12,01,LAPLMG1_7_B2,LAPLMG1_7_B2,LAPLMG1_7_B2,HASP,MCE,LMP_ENE_PRC,LAPLMG1_7_B2,ALL,1,36.20948,1,11
2012-11-12T09:00:00-00:00,2012-11-12T09:15:00-00:00,2012-11-12,02,LAPLMG1_7_B2,LAPLMG1_7_B2,LAPLMG1_7_B2,HASP,MCE,LMP_ENE_PRC,LAPLMG1_7_B2,ALL,1,30.75185,1,11
2012-11-12T10:00:00-00:00,2012-11-12T10:15:00-00:00,2012-11-12,03,LAPLMG1_7_B2,LAPLMG1_7_B2,LAPLMG1_7_B2,HASP,MCE,LMP_ENE_PRC,LAPLMG1_7_B2,ALL,1,35.87347,1,11
2012-11-12T11:00:00-00:00,2012-11-12T11:15:00-00:00,2012-11-12,04,LAPLMG1_7_B2,LAPLMG1_7_B2,LAPLMG1_7_B2,HASP,MCE,LMP_ENE_PRC,LAPLMG1_7_B2,ALL,1,26.54416,1,11
2012-11-12T12:00:00-00:00,2012-11-12T12:15:00-00:00,2012-11-12,05,LAPLMG1_7_B2,LAPLMG1_7_B2,LAPLMG1_7_B2,HASP,MCE,LMP_ENE_PRC,LAPLMG1_7_B2,ALL,1,26.3869,1,11
2012-11-12T13:00:00-00:00,2012-11-12T13:15:00-00:00,2012-11-12,06,LAPLMG1_7_B2,LAPLMG1_7_B2,LAPLMG1_7_B2,HASP,MCE,LMP_ENE_PRC,LAPLMG1_7_B2,ALL,1,27.61944,1,11
2012-11-12T14:00:00-00:00,2012-11-12T14:15:00-00:00,2012-11-12,07,LAPLMG1_7_B2,LAPLMG1_7_B2,LAPLMG1_7_B2,HASP,MCE,LMP_ENE_PRC,LAPLMG1_7_B2,ALL,1,31.66702,1,11
2012-11-12T15:00:00-00:00,2012-11-12T15:15:00-00:00,2012-11-12,08,LAPLMG1_7_B2,LAPLMG1_7_B2,LAPLMG1_7_B2,HASP,MCE,LMP_ENE_PRC,LAPLMG1_7_B2,ALL,1,41.62063,1,11
2012-11-12T16:00:00-00:00,2012-11-12T16:15:00-00:00,2012-11-12,09,LAPLMG1_7_B2,LAPLMG1_7_B2,LAPLMG1_7_B2,HASP,MCE,LMP_ENE_PRC,LAPLMG1_7_B2,ALL,1,38.07312,1,11
2012-11-12T17:00:00-00:00,2012-11-12T17:15:00-00:00,2012-11-12,10,LAPLMG1_7_B2,LAPLMG1_7_B2,LAPLMG1_7_B2,HASP,MCE,LMP_ENE_PRC,LAPLMG1_7_B2,ALL,1,34.72651,1,11
2012-11-12T18:00:00-00:00,2012-11-12T18:15:00-00:00,2012-11-12,11,LAPLMG1_7_B2,LAPLMG1_7_B2,LAPLMG1_7_B2,HASP,MCE,LMP_ENE_PRC,LAPLMG1_7_B2,ALL,1,37.1205,1,11
2012-11-12T19:00:00-00:00,2012-11-12T19:15:00-00:00,2012-11-12,12,LAPLMG1_7_B2,LAPLMG1_7_B2,LAPLMG1_7_B2,HASP,MCE,LMP_ENE_PRC,LAPLMG1_7_B2,ALL,1,43.68065,1,11
2012-11-12T20:00:00-00:00,2012-11-12T20:15:00-00:00,2012-11-12,13,LAPLMG1_7_B2,LAPLMG1_7_B2,LAPLMG1_7_B2,HASP,MCE,LMP_ENE_PRC,LAPLMG1_7_B2,ALL,1,38.44673,1,11
2012-11-12T21:00:00-00:00,2012-11-12T21:15:00-00:00,2012-11-12,14,LAPLMG1_7_B2,LAPLMG1_7_B2,LAPLMG1_7_B2,HASP,MCE,LMP_ENE_PRC,LAPLMG1_7_B2,ALL,1,36.58014,1,11
2012-11-12T22:00:00-00:00,2012-11-12T22:15:00-00:00,2012-11-12,15,LAPLMG1_7_B2,LAPLMG1_7_B2,LAPLMG1_7_B2,HASP,MCE,LMP_ENE_PRC,LAPLMG1_7_B2,ALL,1,33.42895,1,11
2012-11-12T23:00:00-00:00,2012-11-12T23:15:00-00:00,2012-11-12,16,LAPLMG1_7_B2,LAPLMG1_7_B2,LAPLMG1_7_B2,HASP,MCE,LMP_ENE_PRC,LAPLMG1_7_B2,ALL,1,30.47866,1,11
2012-11-13T00:00:00-00:00,2012-11-13T00:15:00-00:00,2012-11-12,17,LAPLMG1_7_B2,LAPLMG1_7_B2,LAPLMG1_7_B2,HASP,MCE,LMP_ENE_PRC,LAPLMG1_7_B2,ALL,1,29.10735,1,11
2012-11-13T01:00:00-00:00,2012-11-13T01:15:00-00:00,2012-11-12,18,LAPLMG1_7_B2,LAPLMG1_7_B2,LAPLMG1_7_B2,HASP,MCE,LMP_ENE_PRC,LAPLMG1_7_B2,ALL,1,40.70559,1,11
2012-11-13T02:00:00-00:00,2012-11-13T02:15:00-00:00,2012-11-12,19,LAPLMG1_7_B2,LAPLMG1_7_B2,LAPLMG1_7_B2,HASP,MCE,LMP_ENE_PRC,LAPLMG1_7_B2,ALL,1,59.84011,1,11
2012-11-13T03:00:00-00:00,2012-11-13T03:15:00-00:00,2012-11-12,20,LAPLMG1_7_B2,LAPLMG1_7_B2,LAPLMG1_7_B2,HASP,MCE,LMP_ENE_PRC,LAPLMG1_7_B2,ALL,1,90.60849,1,11
2012-11-13T04:00:00-00:00,2012-11-13T04:15:00-00:00,2012-11-12,21,LAPLMG1_7_B2,LAPLMG1_7_B2,LAPLMG1_7_B2,HASP,MCE,LMP_ENE_PRC,LAPLMG1_7_B2,ALL,1,48.877,1,11
2012-11-13T05:00:00-00:00,2012-11-13T05:15:00-00:00,2012-11-12,22,LAPLMG1_7_B2,LAPLMG1_7_B2,LAPLMG1_7_B2,HASP,MCE,LMP_ENE_PRC,LAPLMG1_7_B2,ALL,1,47.75771,1,11
2012-11-13T06:00:00-00:00,2012-11-13T06:15:00-00:00,2012-11-12,23,LAPLMG1_7_B2,LAPLMG1_7_B2,LAPLMG1_7_B2,HASP,MCE,LMP_ENE_PRC,LAPLMG1_7_B2,ALL,1,41.68954,1,11
2012-11-13T07:00:00-00:00,2012-11-13T07:15:00-00:00,2012-11-12,24,LAPLMG1_7_B2,LAPLMG1_7_B2,LAPLMG1_7_B2,HASP,MCE,LMP_ENE_PRC,LAPLMG1_7_B2,ALL,1,-211.86258,1,11
2012-11-12T08:15:00-00:00,2012-11-12T08:30:00-00:00,2012-11-12,01,LAPLMG1_7_B2,LAPLMG1_7_B2,LAPLMG1_7_B2,HASP,MCE,LMP_ENE_PRC,LAPLMG1_7_B2,ALL,1,28.68651,2,11
2012-11-12T09:15:00-00:00,2012-11-12T09:30:00-00:00,2012-11-12,02,LAPLMG1_7_B2,LAPLMG1_7_B2,LAPLMG1_7_B2,HASP,MCE,LMP_ENE_PRC,LAPLMG1_7_B2,ALL,1,28.32775,2,11
2012-11-12T10:15:00-00:00,2012-11-12T10:30:00-00:00,2012-11-12,03,LAPLMG1_7_B2,LAPLMG1_7_B2,LAPLMG1_7_B2,HASP,MCE,LMP_ENE_PRC,LAPLMG1_7_B2,ALL,1,34.3814,2,11
2012-11-12T11:15:00-00:00,2012-11-12T11:30:00-00:00,2012-11-12,04,LAPLMG1_7_B2,LAPLMG1_7_B2,LAPLMG1_7_B2,HASP,MCE,LMP_ENE_PRC,LAPLMG1_7_B2,ALL,1,26.59673,2,11
2012-11-12T12:15:00-00:00,2012-11-12T12:30:00-00:00,2012-11-12,05,LAPLMG1_7_B2,LAPLMG1_7_B2,LAPLMG1_7_B2,HASP,MCE,LMP_ENE_PRC,LAPLMG1_7_B2,ALL,1,30.62887,2,11
2012-11-12T13:15:00-00:00,2012-11-12T13:30:00-00:00,2012-11-12,06,LAPLMG1_7_B2,LAPLMG1_7_B2,LAPLMG1_7_B2,HASP,MCE,LMP_ENE_PRC,LAPLMG1_7_B2,ALL,1,30.85919,2,11
2012-11-12T14:15:00-00:00,2012-11-12T14:30:00-00:00,2012-11-12,07,LAPLMG1_7_B2,LAPLMG1_7_B2,LAPLMG1_7_B2,HASP,MCE,LMP_ENE_PRC,LAPLMG1_7_B2,ALL,1,35.5779,2,11
2012-11-12T15:15:00-00:00,2012-11-12T15:30:00-00:00,2012-11-12,08,LAPLMG1_7_B2,LAPLMG1_7_B2,LAPLMG1_7_B2,HASP,MCE,LMP_ENE_PRC,LAPLMG1_7_B2,ALL,1,42.38295,2,11
2012-11-12T16:15:00-00:00,2012-11-12T16:30:00-00:00,2012-11-12,09,LAPLMG1_7_B2,LAPLMG1_7_B2,LAPLMG1_7_B2,HASP,MCE,LMP_ENE_PRC,LAPLMG1_7_B2,ALL,1,38.06838,2,11
2012-11-12T17:15:00-00:00,2012-11-12T17:30:00-00:00,2012-11-12,10,LAPLMG1_7_B2,LAPLMG1_7_B2,LAPLMG1_7_B2,HASP,MCE,LMP_ENE_PRC,LAPLMG1_7_B2,ALL,1,36.04908,2,11
2012-11-12T18:15:00-00:00,2012-11-12T18:30:00-00:00,2012-11-12,11,LAPLMG1_7_B2,LAPLMG1_7_B2,LAPLMG1_7_B2,HASP,MCE,LMP_ENE_PRC,LAPLMG1_7_B2,ALL,1,40.24069,2,11
2012-11-12T19:15:00-00:00,2012-11-12T19:30:00-00:00,2012-11-12,12,LAPLMG1_7_B2,LAPLMG1_7_B2,LAPLMG1_7_B2,HASP,MCE,LMP_ENE_PRC,LAPLMG1_7_B2,ALL,1,43.74828,2,11
2012-11-12T20:15:00-00:00,2012-11-12T20:30:00-00:00,2012-11-12,13,LAPLMG1_7_B2,LAPLMG1_7_B2,LAPLMG1_7_B2,HASP,MCE,LMP_ENE_PRC,LAPLMG1_7_B2,ALL,1,37.48581,2,11
2012-11-12T21:15:00-00:00,2012-11-12T21:30:00-00:00,2012-11-12,14,LAPLMG1_7_B2,LAPLMG1_7_B2,LAPLMG1_7_B2,HASP,MCE,LMP_ENE_PRC,LAPLMG1_7_B2,ALL,1,37.07032,2,11
2012-11-12T22:15:00-00:00,2012-11-12T22:30:00-00:00,2012-11-12,15,LAPLMG1_7_B2,LAPLMG1_7_B2,LAPLMG1_7_B2,HASP,MCE,LMP_ENE_PRC,LAPLMG1_7_B2,ALL,1,31.94569,2,11
2012-11-12T23:15:00-00:00,2012-11-12T23:30:00-00:00,2012-11-12,16,LAPLMG1_7_B2,LAPLMG1_7_B2,LAPLMG1_7_B2,HASP,MCE,LMP_ENE_PRC,LAPLMG1_7_B2,ALL,1,30.23488,2,11
2012-11-13T00:15:00-00:00,2012-11-13T00:30:00-00:00,2012-11-12,17,LAPLMG1_7_B2,LAPLMG1_7_B2,LAPLMG1_7_B2,HASP,MCE,LMP_ENE_PRC,LAPLMG1_7_B2,ALL,1,29.28581,2,11
2012-11-13T01:15:00-00:00,2012-11-13T01:30:00-00:00,2012-11-12,18,LAPLMG1_7_B2,LAPLMG1_7_B2,LAPLMG1_7_B2,HASP,MCE,LMP_ENE_PRC,LAPLMG1_7_B2,ALL,1,45.10618,2,11
2012-11-13T02:15:00-00:00,2012-11-13T02:30:00-00:00,2012-11-12,19,LAPLMG1_7_B2,LAPLMG1_7_B2,LAPLMG1_7_B2,HASP,MCE,LMP_ENE_PRC,LAPLMG1_7_B2,ALL,1,58.83179,2,11
2012-11-13T03:15:00-00:00,2012-11-13T03:30:00-00:00,2012-11-12,20,LAPLMG1_7_B2,LAPLMG1_7_B2,LAPLMG1_7_B2,HASP,MCE,LMP_ENE_PRC,LAPLMG1_7_B2,ALL,1,78.4155,2,11
2012-11-13T04:15:00-00:00,2012-11-13T04:30:00-00:00,2012-11-12,21,LAPLMG1_7_B2,LAPLMG1_7_B2,LAPLMG1_7_B2,HASP,MCE,LMP_ENE_PRC,LAPLMG1_7_B2,ALL,1,74.82359,2,11
2012-11-13T05:15:00-00:00,2012-11-13T05:30:00-00:00,2012-11-12,22,LAPLMG1_7_B2,LAPLMG1_7_B2,LAPLMG1_7_B2,HASP,MCE,LMP_ENE_PRC,LAPLMG1_7_B2,ALL,1,44.02664,2,11
2012-11-13T06:15:00-00:00,2012-11-13T06:30:00-00:00,2012-11-12,23,LAPLMG1_7_B2,LAPLMG1_7_B2,LAPLMG1_7_B2,HASP,MCE,LMP_ENE_PRC,LAPLMG1_7_B2,ALL,1,36.98073,2,11
2012-11-13T07:15:00-00:00,2012-11-13T07:30:00-00:00,2012-11-12,24,LAPLMG1_7_B2,LAPLMG1_7_B2,LAPLMG1_7_B2,HASP,MCE,LMP_ENE_PRC,LAPLMG1_7_B2,ALL,1,22.48379,2,11
2012-11-12T08:30:00-00:00,2012-11-12T08:45:00-00:00,2012-11-12,01,LAPLMG1_7_B2,LAPLMG1_7_B2,LAPLMG1_7_B2,HASP,MCE,LMP_ENE_PRC,LAPLMG1_7_B2,ALL,1,30.78961,3,11
2012-11-12T09:30:00-00:00,2012-11-12T09:45:00-00:00,2012-11-12,02,LAPLMG1_7_B2,LAPLMG1_7_B2,LAPLMG1_7_B2,HASP,MCE,LMP_ENE_PRC,LAPLMG1_7_B2,ALL,1,27.37268,3,11
2012-11-12T10:30:00-00:00,2012-11-12T10:45:00-00:00,2012-11-12,03,LAPLMG1_7_B2,LAPLMG1_7_B2,LAPLMG1_7_B2,HASP,MCE,LMP_ENE_PRC,LAPLMG1_7_B2,ALL,1,34.38827,3,11
2012-11-12T11:30:00-00:00,2012-11-12T11:45:00-00:00,2012-11-12,04,LAPLMG1_7_B2,LAPLMG1_7_B2,LAPLMG1_7_B2,HASP,MCE,LMP_ENE_PRC,LAPLMG1_7_B2,ALL,1,26.94752,3,11
2012-11-12T12:30:00-00:00,2012-11-12T12:45:00-00:00,2012-11-12,05,LAPLMG1_7_B2,LAPLMG1_7_B2,LAPLMG1_7_B2,HASP,MCE,LMP_ENE_PRC,LAPLMG1_7_B2,ALL,1,27.37442,3,11
2012-11-12T13:30:00-00:00,2012-11-12T13:45:00-00:00,2012-11-12,06,LAPLMG1_7_B2,LAPLMG1_7_B2,LAPLMG1_7_B2,HASP,MCE,LMP_ENE_PRC,LAPLMG1_7_B2,ALL,1,31.27946,3,11
2012-11-12T14:30:00-00:00,2012-11-12T14:45:00-00:00,2012-11-12,07,LAPLMG1_7_B2,LAPLMG1_7_B2,LAPLMG1_7_B2,HASP,MCE,LMP_ENE_PRC,LAPLMG1_7_B2,ALL,1,42.02687,3,11
2012-11-12T15:30:00-00:00,2012-11-12T15:45:00-00:00,2012-11-12,08,LAPLMG1_7_B2,LAPLMG1_7_B2,LAPLMG1_7_B2,HASP,MCE,LMP_ENE_PRC,LAPLMG1_7_B2,ALL,1,39.70192,3,11
2012-11-12T16:30:00-00:00,2012-11-12T16:45:00-00:00,2012-11-12,09,LAPLMG1_7_B2,LAPLMG1_7_B2,LAPLMG1_7_B2,HASP,MCE,LMP_ENE_PRC,LAPLMG1_7_B2,ALL,1,38.92831,3,11
2012-11-12T17:30:00-00:00,2012-11-12T17:45:00-00:00,2012-11-12,10,LAPLMG1_7_B2,LAPLMG1_7_B2,LAPLMG1_7_B2,HASP,MCE,LMP_ENE_PRC,LAPLMG1_7_B2,ALL,1,35.52042,3,11
2012-11-12T18:30:00-00:00,2012-11-12T18:45:00-00:00,2012-11-12,11,LAPLMG1_7_B2,LAPLMG1_7_B2,LAPLMG1_7_B2,HASP,MCE,LMP_ENE_PRC,LAPLMG1_7_B2,ALL,1,46.22954,3,11
2012-11-12T19:30:00-00:00,2012-11-12T19:45:00-00:00,2012-11-12,12,LAPLMG1_7_B2,LAPLMG1_7_B2,LAPLMG1_7_B2,HASP,MCE,LMP_ENE_PRC,LAPLMG1_7_B2,ALL,1,43.69644,3,11
2012-11-12T20:30:00-00:00,2012-11-12T20:45:00-00:00,2012-11-12,13,LAPLMG1_7_B2,LAPLMG1_7_B2,LAPLMG1_7_B2,HASP,MCE,LMP_ENE_PRC,LAPLMG1_7_B2,ALL,1,37.47619,3,11
2012-11-12T21:30:00-00:00,2012-11-12T21:45:00-00:00,2012-11-12,14,LAPLMG1_7_B2,LAPLMG1_7_B2,LAPLMG1_7_B2,HASP,MCE,LMP_ENE_PRC,LAPLMG1_7_B2,ALL,1,36.59585,3,11
2012-11-12T22:30:00-00:00,2012-11-12T22:45:00-00:00,2012-11-12,15,LAPLMG1_7_B2,LAPLMG1_7_B2,LAPLMG1_7_B2,HASP,MCE,LMP_ENE_PRC,LAPLMG1_7_B2,ALL,1,31.72919,3,11
2012-11-12T23:30:00-00:00,2012-11-12T23:45:00-00:00,2012-11-12,16,LAPLMG1_7_B2,LAPLMG1_7_B2,LAPLMG1_7_B2,HASP,MCE,LMP_ENE_PRC,LAPLMG1_7_B2,ALL,1,31.89793,3,11
2012-11-13T00:30:00-00:00,2012-11-13T00:45:00-00:00,2012-11-12,17,LAPLMG1_7_B2,LAPLMG1_7_B2,LAPLMG1_7_B2,HASP,MCE,LMP_ENE_PRC,LAPLMG1_7_B2,ALL,1,38.51932,3,11
2012-11-13T01:30:00-00:00,2012-11-13T01:45:00-00:00,2012-11-12,18,LAPLMG1_7_B2,LAPLMG1_7_B2,LAPLMG1_7_B2,HASP,MCE,LMP_ENE_PRC,LAPLMG1_7_B2,ALL,1,45.32713,3,11
2012-11-13T02:30:00-00:00,2012-11-13T02:45:00-00:00,2012-11-12,19,LAPLMG1_7_B2,LAPLMG1_7_B2,LAPLMG1_7_B2,HASP,MCE,LMP_ENE_PRC,LAPLMG1_7_B2,ALL,1,51.74571,3,11
2012-11-13T03:30:00-00:00,2012-11-13T03:45:00-00:00,2012-11-12,20,LAPLMG1_7_B2,LAPLMG1_7_B2,LAPLMG1_7_B2,HASP,MCE,LMP_ENE_PRC,LAPLMG1_7_B2,ALL,1,58.20163,3,11
2012-11-13T04:30:00-00:00,2012-11-13T04:45:00-00:00,2012-11-12,21,LAPLMG1_7_B2,LAPLMG1_7_B2,LAPLMG1_7_B2,HASP,MCE,LMP_ENE_PRC,LAPLMG1_7_B2,ALL,1,45.90393,3,11
2012-11-13T05:30:00-00:00,2012-11-13T05:45:00-00:00,2012-11-12,22,LAPLMG1_7_B2,LAPLMG1_7_B2,LAPLMG1_7_B2,HASP,MCE,LMP_ENE_PRC,LAPLMG1_7_B2,ALL,1,41.21762,3,11
2012-11-13T06:30:00-00:00,2012-11-13T06:45:00-00:00,2012-11-12,23,LAPLMG1_7_B2,LAPLMG1_7_B2,LAPLMG1_7_B2,HASP,MCE,LMP_ENE_PRC,LAPLMG1_7_B2,ALL,1,34.92902,3,11
2012-11-13T07:30:00-00:00,2012-11-13T07:45:00-00:00,2012-11-12,24,LAPLMG1_7_B2,LAPLMG1_7_B2,LAPLMG1_7_B2,HASP,MCE,LMP_ENE_PRC,LAPLMG1_7_B2,ALL,1,15.0987,3,11
2012-11-12T08:45:00-00:00,2012-11-12T09:00:00-00:00,2012-11-12,01,LAPLMG1_7_B2,LAPLMG1_7_B2,LAPLMG1_7_B2,HASP,MCE,LMP_ENE_PRC,LAPLMG1_7_B2,ALL,1,27.36591,4,11
2012-11-12T09:45:00-00:00,2012-11-12T10:00:00-00:00,2012-11-12,02,LAPLMG1_7_B2,LAPLMG1_7_B2,LAPLMG1_7_B2,HASP,MCE,LMP_ENE_PRC,LAPLMG1_7_B2,ALL,1,27.30936,4,11
2012-11-12T10:45:00-00:00,2012-11-12T11:00:00-00:00,2012-11-12,03,LAPLMG1_7_B2,LAPLMG1_7_B2,LAPLMG1_7_B2,HASP,MCE,LMP_ENE_PRC,LAPLMG1_7_B2,ALL,1,33.95107,4,11
2012-11-12T11:45:00-00:00,2012-11-12T12:00:00-00:00,2012-11-12,04,LAPLMG1_7_B2,LAPLMG1_7_B2,LAPLMG1_7_B2,HASP,MCE,LMP_ENE_PRC,LAPLMG1_7_B2,ALL,1,28.05599,4,11
2012-11-12T12:45:00-00:00,2012-11-12T13:00:00-00:00,2012-11-12,05,LAPLMG1_7_B2,LAPLMG1_7_B2,LAPLMG1_7_B2,HASP,MCE,LMP_ENE_PRC,LAPLMG1_7_B2,ALL,1,34.98389,4,11
2012-11-12T13:45:00-00:00,2012-11-12T14:00:00-00:00,2012-11-12,06,LAPLMG1_7_B2,LAPLMG1_7_B2,LAPLMG1_7_B2,HASP,MCE,LMP_ENE_PRC,LAPLMG1_7_B2,ALL,1,53.72172,4,11
2012-11-12T14:45:00-00:00,2012-11-12T15:00:00-00:00,2012-11-12,07,LAPLMG1_7_B2,LAPLMG1_7_B2,LAPLMG1_7_B2,HASP,MCE,LMP_ENE_PRC,LAPLMG1_7_B2,ALL,1,11.52738,4,11
2012-11-12T15:45:00-00:00,2012-11-12T16:00:00-00:00,2012-11-12,08,LAPLMG1_7_B2,LAPLMG1_7_B2,LAPLMG1_7_B2,HASP,MCE,LMP_ENE_PRC,LAPLMG1_7_B2,ALL,1,43.37783,4,11
2012-11-12T16:45:00-00:00,2012-11-12T17:00:00-00:00,2012-11-12,09,LAPLMG1_7_B2,LAPLMG1_7_B2,LAPLMG1_7_B2,HASP,MCE,LMP_ENE_PRC,LAPLMG1_7_B2,ALL,1,38.93928,4,11
2012-11-12T17:45:00-00:00,2012-11-12T18:00:00-00:00,2012-11-12,10,LAPLMG1_7_B2,LAPLMG1_7_B2,LAPLMG1_7_B2,HASP,MCE,LMP_ENE_PRC,LAPLMG1_7_B2,ALL,1,34.84395,4,11
2012-11-12T18:45:00-00:00,2012-11-12T19:00:00-00:00,2012-11-12,11,LAPLMG1_7_B2,LAPLMG1_7_B2,LAPLMG1_7_B2,HASP,MCE,LMP_ENE_PRC,LAPLMG1_7_B2,ALL,1,44.67926,4,11
2012-11-12T19:45:00-00:00,2012-11-12T20:00:00-00:00,2012-11-12,12,LAPLMG1_7_B2,LAPLMG1_7_B2,LAPLMG1_7_B2,HASP,MCE,LMP_ENE_PRC,LAPLMG1_7_B2,ALL,1,43.49112,4,11
2012-11-12T20:45:00-00:00,2012-11-12T21:00:00-00:00,2012-11-12,13,LAPLMG1_7_B2,LAPLMG1_7_B2,LAPLMG1_7_B2,HASP,MCE,LMP_ENE_PRC,LAPLMG1_7_B2,ALL,1,37.20269,4,11
2012-11-12T21:45:00-00:00,2012-11-12T22:00:00-00:00,2012-11-12,14,LAPLMG1_7_B2,LAPLMG1_7_B2,LAPLMG1_7_B2,HASP,MCE,LMP_ENE_PRC,LAPLMG1_7_B2,ALL,1,33.44124,4,11
2012-11-12T22:45:00-00:00,2012-11-12T23:00:00-00:00,2012-11-12,15,LAPLMG1_7_B2,LAPLMG1_7_B2,LAPLMG1_7_B2,HASP,MCE,LMP_ENE_PRC,LAPLMG1_7_B2,ALL,1,30.94099,4,11
2012-11-12T23:45:00-00:00,2012-11-13T00:00:00-00:00,2012-11-12,16,LAPLMG1_7_B2,LAPLMG1_7_B2,LAPLMG1_7_B2,HASP,MCE,LMP_ENE_PRC,LAPLMG1_7_B2,ALL,1,33.31427,4,11
2012-11-13T00:45:00-00:00,2012-11-13T01:00:00-00:00,2012-11-12,17,LAPLMG1_7_B2,LAPLMG1_7_B2,LAPLMG1_7_B2,HASP,MCE,LMP_ENE_PRC,LAPLMG1_7_B2,ALL,1,53.27407,4,11
2012-11-13T01:45:00-00:00,2012-11-13T02:00:00-00:00,2012-11-12,18,LAPLMG1_7_B2,LAPLMG1_7_B2,LAPLMG1_7_B2,HASP,MCE,LMP_ENE_PRC,LAPLMG1_7_B2,ALL,1,45.25035,4,11
2012-11-13T02:45:00-00:00,2012-11-13T03:00:00-00:00,2012-11-12,19,LAPLMG1_7_B2,LAPLMG1_7_B2,LAPLMG1_7_B2,HASP,MCE,LMP_ENE_PRC,LAPLMG1_7_B2,ALL,1,52.77292,4,11
2012-11-13T03:45:00-00:00,2012-11-13T04:00:00-00:00,2012-11-12,20,LAPLMG1_7_B2,LAPLMG1_7_B2,LAPLMG1_7_B2,HASP,MCE,LMP_ENE_PRC,LAPLMG1_7_B2,ALL,1,54.72492,4,11
2012-11-13T04:45:00-00:00,2012-11-13T05:00:00-00:00,2012-11-12,21,LAPLMG1_7_B2,LAPLMG1_7_B2,LAPLMG1_7_B2,HASP,MCE,LMP_ENE_PRC,LAPLMG1_7_B2,ALL,1,41.56816,4,11
2012-11-13T05:45:00-00:00,2012-11-13T06:00:00-00:00,2012-11-12,22,LAPLMG1_7_B2,LAPLMG1_7_B2,LAPLMG1_7_B2,HASP,MCE,LMP_ENE_PRC,LAPLMG1_7_B2,ALL,1,37.58672,4,11
2012-11-13T06:45:00-00:00,2012-11-13T07:00:00-00:00,2012-11-12,23,LAPLMG1_7_B2,LAPLMG1_7_B2,LAPLMG1_7_B2,HASP,MCE,LMP_ENE_PRC,LAPLMG1_7_B2,ALL,1,27.54791,4,11
2012-11-13T07:45:00-00:00,2012-11-13T08:00:00-00:00,2012-11-12,24,LAPLMG1_7_B2,LAPLMG1_7_B2,LAPLMG1_7_B2,HASP,MCE,LMP_ENE_PRC,LAPLMG1_7_B2,ALL,1,8.51449,4,11
2012-11-12T08:00:00-00:00,2012-11-12T08:15:00-00:00,2012-11-12,01,LAPLMG1_7_B2,LAPLMG1_7_B2,LAPLMG1_7_B2,HASP,MCL,LMP_LOSS_PRC,LAPLMG1_7_B2,ALL,1,-1.35423,1,12
2012-11-12T09:00:00-00:00,2012-11-12T09:15:00-00:00,2012-11-12,02,LAPLMG1_7_B2,LAPLMG1_7_B2,LAPLMG1_7_B2,HASP,MCL,LMP_LOSS_PRC,LAPLMG1_7_B2,ALL,1,-1.15934,1,12
2012-11-12T10:00:00-00:00,2012-11-12T10:15:00-00:00,2012-11-12,03,LAPLMG1_7_B2,LAPLMG1_7_B2,LAPLMG1_7_B2,HASP,MCL,LMP_LOSS_PRC,LAPLMG1_7_B2,ALL,1,-1.28786,1,12
2012-11-12T11:00:00-00:00,2012-11-12T11:15:00-00:00,2012-11-12,04,LAPLMG1_7_B2,LAPLMG1_7_B2,LAPLMG1_7_B2,HASP,MCL,LMP_LOSS_PRC,LAPLMG1_7_B2,ALL,1,-0.84941,1,12
2012-11-12T12:00:00-00:00,2012-11-12T12:15:00-00:00,2012-11-12,05,LAPLMG1_7_B2,LAPLMG1_7_B2,LAPLMG1_7_B2,HASP,MCL,LMP_LOSS_PRC,LAPLMG1_7_B2,ALL,1,-0.84966,1,12
2012-11-12T13:00:00-00:00,2012-11-12T13:15:00-00:00,2012-11-12,06,LAPLMG1_7_B2,LAPLMG1_7_B2,LAPLMG1_7_B2,HASP,MCL,LMP_LOSS_PRC,LAPLMG1_7_B2,ALL,1,-1.00811,1,12
2012-11-12T14:00:00-00:00,2012-11-12T14:15:00-00:00,2012-11-12,07,LAPLMG1_7_B2,LAPLMG1_7_B2,LAPLMG1_7_B2,HASP,MCL,LMP_LOSS_PRC,LAPLMG1_7_B2,ALL,1,-1.26351,1,12
2012-11-12T15:00:00-00:00,2012-11-12T15:15:00-00:00,2012-11-12,08,LAPLMG1_7_B2,LAPLMG1_7_B2,LAPLMG1_7_B2,HASP,MCL,LMP_LOSS_PRC,LAPLMG1_7_B2,ALL,1,-1.76055,1,12
2012-11-12T16:00:00-00:00,2012-11-12T16:15:00-00:00,2012-11-12,09,LAPLMG1_7_B2,LAPLMG1_7_B2,LAPLMG1_7_B2,HASP,MCL,LMP_LOSS_PRC,LAPLMG1_7_B2,ALL,1,-1.67902,1,12
2012-11-12T17:00:00-00:00,2012-11-12T17:15:00-00:00,2012-11-12,10,LAPLMG1_7_B2,LAPLMG1_7_B2,LAPLMG1_7_B2,HASP,MCL,LMP_LOSS_PRC,LAPLMG1_7_B2,ALL,1,-1.4481,1,12
2012-11-12T18:00:00-00:00,2012-11-12T18:15:00-00:00,2012-11-12,11,LAPLMG1_7_B2,LAPLMG1_7_B2,LAPLMG1_7_B2,HASP,MCL,LMP_LOSS_PRC,LAPLMG1_7_B2,ALL,1,-1.59989,1,12
2012-11-12T19:00:00-00:00,2012-11-12T19:15:00-00:00,2012-11-12,12,LAPLMG1_7_B2,LAPLMG1_7_B2,LAPLMG1_7_B2,HASP,MCL,LMP_LOSS_PRC,LAPLMG1_7_B2,ALL,1,-1.99184,1,12
2012-11-12T20:00:00-00:00,2012-11-12T20:15:00-00:00,2012-11-12,13,LAPLMG1_7_B2,LAPLMG1_7_B2,LAPLMG1_7_B2,HASP,MCL,LMP_LOSS_PRC,LAPLMG1_7_B2,ALL,1,-1.78393,1,12
2012-11-12T21:00:00-00:00,2012-11-12T21:15:00-00:00,2012-11-12,14,LAPLMG1_7_B2,LAPLMG1_7_B2,LAPLMG1_7_B2,HASP,MCL,LMP_LOSS_PRC,LAPLMG1_7_B2,ALL,1,-1.60953,1,12
2012-11-12T22:00:00-00:00,2012-11-12T22:15:00-00:00,2012-11-12,15,LAPLMG1_7_B2,LAPLMG1_7_B2,LAPLMG1_7_B2,HASP,MCL,LMP_LOSS_PRC,LAPLMG1_7_B2,ALL,1,-1.47422,1,12
2012-11-12T23:00:00-00:00,2012-11-12T23:15:00-00:00,2012-11-12,16,LAPLMG1_7_B2,LAPLMG1_7_B2,LAPLMG1_7_B2,HASP,MCL,LMP_LOSS_PRC,LAPLMG1_7_B2,ALL,1,-1.31058,1,12
2012-11-13T00:00:00-00:00,2012-11-13T00:15:00-00:00,2012-11-12,17,LAPLMG1_7_B2,LAPLMG1_7_B2,LAPLMG1_7_B2,HASP,MCL,LMP_LOSS_PRC,LAPLMG1_7_B2,ALL,1,-1.29528,1,12
2012-11-13T01:00:00-00:00,2012-11-13T01:15:00-00:00,2012-11-12,18,LAPLMG1_7_B2,LAPLMG1_7_B2,LAPLMG1_7_B2,HASP,MCL,LMP_LOSS_PRC,LAPLMG1_7_B2,ALL,1,-1.9905,1,12
2012-11-13T02:00:00-00:00,2012-11-13T02:15:00-00:00,2012-11-12,19,LAPLMG1_7_B2,LAPLMG1_7_B2,LAPLMG1_7_B2,HASP,MCL,LMP_LOSS_PRC,LAPLMG1_7_B2,ALL,1,-2.90823,1,12
2012-11-13T03:00:00-00:00,2012-11-13T03:15:00-00:00,2012-11-12,20,LAPLMG1_7_B2,LAPLMG1_7_B2,LAPLMG1_7_B2,HASP,MCL,LMP_LOSS_PRC,LAPLMG1_7_B2,ALL,1,-4.39451,1,12
2012-11-13T04:00:00-00:00,2012-11-13T04:15:00-00:00,2012-11-12,21,LAPLMG1_7_B2,LAPLMG1_7_B2,LAPLMG1_7_B2,HASP,MCL,LMP_LOSS_PRC,LAPLMG1_7_B2,ALL,1,-2.23368,1,12
2012-11-13T05:00:00-00:00,2012-11-13T05:15:00-00:00,2012-11-12,22,LAPLMG1_7_B2,LAPLMG1_7_B2,LAPLMG1_7_B2,HASP,MCL,LMP_LOSS_PRC,LAPLMG1_7_B2,ALL,1,-2.29237,1,12
2012-11-13T06:00:00-00:00,2012-11-13T06:15:00-00:00,2012-11-12,23,LAPLMG1_7_B2,LAPLMG1_7_B2,LAPLMG1_7_B2,HASP,MCL,LMP_LOSS_PRC,LAPLMG1_7_B2,ALL,1,-1.85935,1,12
2012-11-13T07:00:00-00:00,2012-11-13T07:15:00-00:00,2012-11-12,24,LAPLMG1_7_B2,LAPLMG1_7_B2,LAPLMG1_7_B2,HASP,MCL,LMP_LOSS_PRC,LAPLMG1_7_B2,ALL,1,8.11434,1,12
2012-11-12T08:15:00-00:00,2012-11-12T08:30:00-00:00,2012-11-12,01,LAPLMG1_7_B2,LAPLMG1_7_B2,LAPLMG1_7_B2,HASP,MCL,LMP_LOSS_PRC,LAPLMG1_7_B2,ALL,1,-1.03845,2,12
2012-11-12T09:15:00-00:00,2012-11-12T09:30:00-00:00,2012-11-12,02,LAPLMG1_7_B2,LAPLMG1_7_B2,LAPLMG1_7_B2,HASP,MCL,LMP_LOSS_PRC,LAPLMG1_7_B2,ALL,1,-1.05663,2,12
2012-11-12T10:15:00-00:00,2012-11-12T10:30:00-00:00,2012-11-12,03,LAPLMG1_7_B2,LAPLMG1_7_B2,LAPLMG1_7_B2,HASP,MCL,LMP_LOSS_PRC,LAPLMG1_7_B2,ALL,1,-1.22742,2,12
2012-11-12T11:15:00-00:00,2012-11-12T11:30:00-00:00,2012-11-12,04,LAPLMG1_7_B2,LAPLMG1_7_B2,LAPLMG1_7_B2,HASP,MCL,LMP_LOSS_PRC,LAPLMG1_7_B2,ALL,1,-0.87769,2,12
2012-11-12T12:15:00-00:00,2012-11-12T12:30:00-00:00,2012-11-12,05,LAPLMG1_7_B2,LAPLMG1_7_B2,LAPLMG1_7_B2,HASP,MCL,LMP_LOSS_PRC,LAPLMG1_7_B2,ALL,1,-1.04444,2,12
2012-11-12T13:15:00-00:00,2012-11-12T13:30:00-00:00,2012-11-12,06,LAPLMG1_7_B2,LAPLMG1_7_B2,LAPLMG1_7_B2,HASP,MCL,LMP_LOSS_PRC,LAPLMG1_7_B2,ALL,1,-1.17574,2,12
2012-11-12T14:15:00-00:00,2012-11-12T14:30:00-00:00,2012-11-12,07,LAPLMG1_7_B2,LAPLMG1_7_B2,LAPLMG1_7_B2,HASP,MCL,LMP_LOSS_PRC,LAPLMG1_7_B2,ALL,1,-1.44091,2,12
2012-11-12T15:15:00-00:00,2012-11-12T15:30:00-00:00,2012-11-12,08,LAPLMG1_7_B2,LAPLMG1_7_B2,LAPLMG1_7_B2,HASP,MCL,LMP_LOSS_PRC,LAPLMG1_7_B2,ALL,1,-1.85637,2,12
2012-11-12T16:15:00-00:00,2012-11-12T16:30:00-00:00,2012-11-12,09,LAPLMG1_7_B2,LAPLMG1_7_B2,LAPLMG1_7_B2,HASP,MCL,LMP_LOSS_PRC,LAPLMG1_7_B2,ALL,1,-1.70166,2,12
2012-11-12T17:15:00-00:00,2012-11-12T17:30:00-00:00,2012-11-12,10,LAPLMG1_7_B2,LAPLMG1_7_B2,LAPLMG1_7_B2,HASP,MCL,LMP_LOSS_PRC,LAPLMG1_7_B2,ALL,1,-1.50685,2,12
2012-11-12T18:15:00-00:00,2012-11-12T18:30:00-00:00,2012-11-12,11,LAPLMG1_7_B2,LAPLMG1_7_B2,LAPLMG1_7_B2,HASP,MCL,LMP_LOSS_PRC,LAPLMG1_7_B2,ALL,1,-1.74242,2,12
2012-11-12T19:15:00-00:00,2012-11-12T19:30:00-00:00,2012-11-12,12,LAPLMG1_7_B2,LAPLMG1_7_B2,LAPLMG1_7_B2,HASP,MCL,LMP_LOSS_PRC,LAPLMG1_7_B2,ALL,1,-2.00367,2,12
2012-11-12T20:15:00-00:00,2012-11-12T20:30:00-00:00,2012-11-12,13,LAPLMG1_7_B2,LAPLMG1_7_B2,LAPLMG1_7_B2,HASP,MCL,LMP_LOSS_PRC,LAPLMG1_7_B2,ALL,1,-1.67187,2,12
2012-11-12T21:15:00-00:00,2012-11-12T21:30:00-00:00,2012-11-12,14,LAPLMG1_7_B2,LAPLMG1_7_B2,LAPLMG1_7_B2,HASP,MCL,LMP_LOSS_PRC,LAPLMG1_7_B2,ALL,1,-1.63109,2,12
2012-11-12T22:15:00-00:00,2012-11-12T22:30:00-00:00,2012-11-12,15,LAPLMG1_7_B2,LAPLMG1_7_B2,LAPLMG1_7_B2,HASP,MCL,LMP_LOSS_PRC,LAPLMG1_7_B2,ALL,1,-1.41519,2,12
2012-11-12T23:15:00-00:00,2012-11-12T23:30:00-00:00,2012-11-12,16,LAPLMG1_7_B2,LAPLMG1_7_B2,LAPLMG1_7_B2,HASP,MCL,LMP_LOSS_PRC,LAPLMG1_7_B2,ALL,1,-1.30615,2,12
2012-11-13T00:15:00-00:00,2012-11-13T00:30:00-00:00,2012-11-12,17,LAPLMG1_7_B2,LAPLMG1_7_B2,LAPLMG1_7_B2,HASP,MCL,LMP_LOSS_PRC,LAPLMG1_7_B2,ALL,1,-1.32079,2,12
2012-11-13T01:15:00-00:00,2012-11-13T01:30:00-00:00,2012-11-12,18,LAPLMG1_7_B2,LAPLMG1_7_B2,LAPLMG1_7_B2,HASP,MCL,LMP_LOSS_PRC,LAPLMG1_7_B2,ALL,1,-2.22825,2,12
2012-11-13T02:15:00-00:00,2012-11-13T02:30:00-00:00,2012-11-12,19,LAPLMG1_7_B2,LAPLMG1_7_B2,LAPLMG1_7_B2,HASP,MCL,LMP_LOSS_PRC,LAPLMG1_7_B2,ALL,1,-2.87687,2,12
2012-11-13T03:15:00-00:00,2012-11-13T03:30:00-00:00,2012-11-12,20,LAPLMG1_7_B2,LAPLMG1_7_B2,LAPLMG1_7_B2,HASP,MCL,LMP_LOSS_PRC,LAPLMG1_7_B2,ALL,1,-3.83452,2,12
2012-11-13T04:15:00-00:00,2012-11-13T04:30:00-00:00,2012-11-12,21,LAPLMG1_7_B2,LAPLMG1_7_B2,LAPLMG1_7_B2,HASP,MCL,LMP_LOSS_PRC,LAPLMG1_7_B2,ALL,1,-3.4344,2,12
2012-11-13T05:15:00-00:00,2012-11-13T05:30:00-00:00,2012-11-12,22,LAPLMG1_7_B2,LAPLMG1_7_B2,LAPLMG1_7_B2,HASP,MCL,LMP_LOSS_PRC,LAPLMG1_7_B2,ALL,1,-2.13089,2,12
2012-11-13T06:15:00-00:00,2012-11-13T06:30:00-00:00,2012-11-12,23,LAPLMG1_7_B2,LAPLMG1_7_B2,LAPLMG1_7_B2,HASP,MCL,LMP_LOSS_PRC,LAPLMG1_7_B2,ALL,1,-1.58278,2,12
2012-11-13T07:15:00-00:00,2012-11-13T07:30:00-00:00,2012-11-12,24,LAPLMG1_7_B2,LAPLMG1_7_B2,LAPLMG1_7_B2,HASP,MCL,LMP_LOSS_PRC,LAPLMG1_7_B2,ALL,1,-0.72847,2,12
2012-11-12T08:30:00-00:00,2012-11-12T08:45:00-00:00,2012-11-12,01,LAPLMG1_7_B2,LAPLMG1_7_B2,LAPLMG1_7_B2,HASP,MCL,LMP_LOSS_PRC,LAPLMG1_7_B2,ALL,1,-1.20695,3,12
2012-11-12T09:30:00-00:00,2012-11-12T09:45:00-00:00,2012-11-12,02,LAPLMG1_7_B2,LAPLMG1_7_B2,LAPLMG1_7_B2,HASP,MCL,LMP_LOSS_PRC,LAPLMG1_7_B2,ALL,1,-0.99637,3,12
2012-11-12T10:30:00-00:00,2012-11-12T10:45:00-00:00,2012-11-12,03,LAPLMG1_7_B2,LAPLMG1_7_B2,LAPLMG1_7_B2,HASP,MCL,LMP_LOSS_PRC,LAPLMG1_7_B2,ALL,1,-1.22422,3,12
2012-11-12T11:30:00-00:00,2012-11-12T11:45:00-00:00,2012-11-12,04,LAPLMG1_7_B2,LAPLMG1_7_B2,LAPLMG1_7_B2,HASP,MCL,LMP_LOSS_PRC,LAPLMG1_7_B2,ALL,1,-0.90544,3,12
2012-11-12T12:30:00-00:00,2012-11-12T12:45:00-00:00,2012-11-12,05,LAPLMG1_7_B2,LAPLMG1_7_B2,LAPLMG1_7_B2,HASP,MCL,LMP_LOSS_PRC,LAPLMG1_7_B2,ALL,1,-0.89241,3,12
2012-11-12T13:30:00-00:00,2012-11-12T13:45:00-00:00,2012-11-12,06,LAPLMG1_7_B2,LAPLMG1_7_B2,LAPLMG1_7_B2,HASP,MCL,LMP_LOSS_PRC,LAPLMG1_7_B2,ALL,1,-1.18236,3,12
2012-11-12T14:30:00-00:00,2012-11-12T14:45:00-00:00,2012-11-12,07,LAPLMG1_7_B2,LAPLMG1_7_B2,LAPLMG1_7_B2,HASP,MCL,LMP_LOSS_PRC,LAPLMG1_7_B2,ALL,1,-1.70629,3,12
2012-11-12T15:30:00-00:00,2012-11-12T15:45:00-00:00,2012-11-12,08,LAPLMG1_7_B2,LAPLMG1_7_B2,LAPLMG1_7_B2,HASP,MCL,LMP_LOSS_PRC,LAPLMG1_7_B2,ALL,1,-1.85408,3,12
2012-11-12T16:30:00-00:00,2012-11-12T16:45:00-00:00,2012-11-12,09,LAPLMG1_7_B2,LAPLMG1_7_B2,LAPLMG1_7_B2,HASP,MCL,LMP_LOSS_PRC,LAPLMG1_7_B2,ALL,1,-1.77124,3,12
2012-11-12T17:30:00-00:00,2012-11-12T17:45:00-00:00,2012-11-12,10,LAPLMG1_7_B2,LAPLMG1_7_B2,LAPLMG1_7_B2,HASP,MCL,LMP_LOSS_PRC,LAPLMG1_7_B2,ALL,1,-1.48475,3,12
2012-11-12T18:30:00-00:00,2012-11-12T18:45:00-00:00,2012-11-12,11,LAPLMG1_7_B2,LAPLMG1_7_B2,LAPLMG1_7_B2,HASP,MCL,LMP_LOSS_PRC,LAPLMG1_7_B2,ALL,1,-2.02485,3,12
2012-11-12T19:30:00-00:00,2012-11-12T19:45:00-00:00,2012-11-12,12,LAPLMG1_7_B2,LAPLMG1_7_B2,LAPLMG1_7_B2,HASP,MCL,LMP_LOSS_PRC,LAPLMG1_7_B2,ALL,1,-2.0013,3,12
2012-11-12T20:30:00-00:00,2012-11-12T20:45:00-00:00,2012-11-12,13,LAPLMG1_7_B2,LAPLMG1_7_B2,LAPLMG1_7_B2,HASP,MCL,LMP_LOSS_PRC,LAPLMG1_7_B2,ALL,1,-1.66394,3,12
2012-11-12T21:30:00-00:00,2012-11-12T21:45:00-00:00,2012-11-12,14,LAPLMG1_7_B2,LAPLMG1_7_B2,LAPLMG1_7_B2,HASP,MCL,LMP_LOSS_PRC,LAPLMG1_7_B2,ALL,1,-1.6029,3,12
2012-11-12T22:30:00-00:00,2012-11-12T22:45:00-00:00,2012-11-12,15,LAPLMG1_7_B2,LAPLMG1_7_B2,LAPLMG1_7_B2,HASP,MCL,LMP_LOSS_PRC,LAPLMG1_7_B2,ALL,1,-1.41512,3,12
2012-11-12T23:30:00-00:00,2012-11-12T23:45:00-00:00,2012-11-12,16,LAPLMG1_7_B2,LAPLMG1_7_B2,LAPLMG1_7_B2,HASP,MCL,LMP_LOSS_PRC,LAPLMG1_7_B2,ALL,1,-1.38118,3,12
2012-11-13T00:30:00-00:00,2012-11-13T00:45:00-00:00,2012-11-12,17,LAPLMG1_7_B2,LAPLMG1_7_B2,LAPLMG1_7_B2,HASP,MCL,LMP_LOSS_PRC,LAPLMG1_7_B2,ALL,1,-1.83737,3,12
2012-11-13T01:30:00-00:00,2012-11-13T01:45:00-00:00,2012-11-12,18,LAPLMG1_7_B2,LAPLMG1_7_B2,LAPLMG1_7_B2,HASP,MCL,LMP_LOSS_PRC,LAPLMG1_7_B2,ALL,1,-2.24823,3,12
2012-11-13T02:30:00-00:00,2012-11-13T02:45:00-00:00,2012-11-12,19,LAPLMG1_7_B2,LAPLMG1_7_B2,LAPLMG1_7_B2,HASP,MCL,LMP_LOSS_PRC,LAPLMG1_7_B2,ALL,1,-2.52519,3,12
2012-11-13T03:30:00-00:00,2012-11-13T03:45:00-00:00,2012-11-12,20,LAPLMG1_7_B2,LAPLMG1_7_B2,LAPLMG1_7_B2,HASP,MCL,LMP_LOSS_PRC,LAPLMG1_7_B2,ALL,1,-2.85188,3,12
2012-11-13T04:30:00-00:00,2012-11-13T04:45:00-00:00,2012-11-12,21,LAPLMG1_7_B2,LAPLMG1_7_B2,LAPLMG1_7_B2,HASP,MCL,LMP_LOSS_PRC,LAPLMG1_7_B2,ALL,1,-2.1024,3,12
2012-11-13T05:30:00-00:00,2012-11-13T05:45:00-00:00,2012-11-12,22,LAPLMG1_7_B2,LAPLMG1_7_B2,LAPLMG1_7_B2,HASP,MCL,LMP_LOSS_PRC,LAPLMG1_7_B2,ALL,1,-1.99081,3,12
2012-11-13T06:30:00-00:00,2012-11-13T06:45:00-00:00,2012-11-12,23,LAPLMG1_7_B2,LAPLMG1_7_B2,LAPLMG1_7_B2,HASP,MCL,LMP_LOSS_PRC,LAPLMG1_7_B2,ALL,1,-1.50195,3,12
2012-11-13T07:30:00-00:00,2012-11-13T07:45:00-00:00,2012-11-12,24,LAPLMG1_7_B2,LAPLMG1_7_B2,LAPLMG1_7_B2,HASP,MCL,LMP_LOSS_PRC,LAPLMG1_7_B2,ALL,1,-0.48467,3,12
2012-11-12T08:45:00-00:00,2012-11-12T09:00:00-00:00,2012-11-12,01,LAPLMG1_7_B2,LAPLMG1_7_B2,LAPLMG1_7_B2,HASP,MCL,LMP_LOSS_PRC,LAPLMG1_7_B2,ALL,1,-1.01528,4,12
2012-11-12T09:45:00-00:00,2012-11-12T10:00:00-00:00,2012-11-12,02,LAPLMG1_7_B2,LAPLMG1_7_B2,LAPLMG1_7_B2,HASP,MCL,LMP_LOSS_PRC,LAPLMG1_7_B2,ALL,1,-0.95583,4,12
2012-11-12T10:45:00-00:00,2012-11-12T11:00:00-00:00,2012-11-12,03,LAPLMG1_7_B2,LAPLMG1_7_B2,LAPLMG1_7_B2,HASP,MCL,LMP_LOSS_PRC,LAPLMG1_7_B2,ALL,1,-1.20526,4,12
2012-11-12T11:45:00-00:00,2012-11-12T12:00:00-00:00,2012-11-12,04,LAPLMG1_7_B2,LAPLMG1_7_B2,LAPLMG1_7_B2,HASP,MCL,LMP_LOSS_PRC,LAPLMG1_7_B2,ALL,1,-0.94829,4,12
2012-11-12T12:45:00-00:00,2012-11-12T13:00:00-00:00,2012-11-12,05,LAPLMG1_7_B2,LAPLMG1_7_B2,LAPLMG1_7_B2,HASP,MCL,LMP_LOSS_PRC,LAPLMG1_7_B2,ALL,1,-1.11948,4,12
2012-11-12T13:45:00-00:00,2012-11-12T14:00:00-00:00,2012-11-12,06,LAPLMG1_7_B2,LAPLMG1_7_B2,LAPLMG1_7_B2,HASP,MCL,LMP_LOSS_PRC,LAPLMG1_7_B2,ALL,1,-2.01994,4,12
2012-11-12T14:45:00-00:00,2012-11-12T15:00:00-00:00,2012-11-12,07,LAPLMG1_7_B2,LAPLMG1_7_B2,LAPLMG1_7_B2,HASP,MCL,LMP_LOSS_PRC,LAPLMG1_7_B2,ALL,1,-0.46686,4,12
2012-11-12T15:45:00-00:00,2012-11-12T16:00:00-00:00,2012-11-12,08,LAPLMG1_7_B2,LAPLMG1_7_B2,LAPLMG1_7_B2,HASP,MCL,LMP_LOSS_PRC,LAPLMG1_7_B2,ALL,1,-2.03008,4,12
2012-11-12T16:45:00-00:00,2012-11-12T17:00:00-00:00,2012-11-12,09,LAPLMG1_7_B2,LAPLMG1_7_B2,LAPLMG1_7_B2,HASP,MCL,LMP_LOSS_PRC,LAPLMG1_7_B2,ALL,1,-1.79899,4,12
2012-11-12T17:45:00-00:00,2012-11-12T18:00:00-00:00,2012-11-12,10,LAPLMG1_7_B2,LAPLMG1_7_B2,LAPLMG1_7_B2,HASP,MCL,LMP_LOSS_PRC,LAPLMG1_7_B2,ALL,1,-1.45648,4,12
2012-11-12T18:45:00-00:00,2012-11-12T19:00:00-00:00,2012-11-12,11,LAPLMG1_7_B2,LAPLMG1_7_B2,LAPLMG1_7_B2,HASP,MCL,LMP_LOSS_PRC,LAPLMG1_7_B2,ALL,1,-1.98823,4,12
2012-11-12T19:45:00-00:00,2012-11-12T20:00:00-00:00,2012-11-12,12,LAPLMG1_7_B2,LAPLMG1_7_B2,LAPLMG1_7_B2,HASP,MCL,LMP_LOSS_PRC,LAPLMG1_7_B2,ALL,1,-1.98319,4,12
2012-11-12T20:45:00-00:00,2012-11-12T21:00:00-00:00,2012-11-12,13,LAPLMG1_7_B2,LAPLMG1_7_B2,LAPLMG1_7_B2,HASP,MCL,LMP_LOSS_PRC,LAPLMG1_7_B2,ALL,1,-1.6332,4,12
2012-11-12T21:45:00-00:00,2012-11-12T22:00:00-00:00,2012-11-12,14,LAPLMG1_7_B2,LAPLMG1_7_B2,LAPLMG1_7_B2,HASP,MCL,LMP_LOSS_PRC,LAPLMG1_7_B2,ALL,1,-1.46473,4,12
2012-11-12T22:45:00-00:00,2012-11-12T23:00:00-00:00,2012-11-12,15,LAPLMG1_7_B2,LAPLMG1_7_B2,LAPLMG1_7_B2,HASP,MCL,LMP_LOSS_PRC,LAPLMG1_7_B2,ALL,1,-1.38616,4,12
2012-11-12T23:45:00-00:00,2012-11-13T00:00:00-00:00,2012-11-12,16,LAPLMG1_7_B2,LAPLMG1_7_B2,LAPLMG1_7_B2,HASP,MCL,LMP_LOSS_PRC,LAPLMG1_7_B2,ALL,1,-1.43918,4,12
2012-11-13T00:45:00-00:00,2012-11-13T01:00:00-00:00,2012-11-12,17,LAPLMG1_7_B2,LAPLMG1_7_B2,LAPLMG1_7_B2,HASP,MCL,LMP_LOSS_PRC,LAPLMG1_7_B2,ALL,1,-2.5465,4,12
2012-11-13T01:45:00-00:00,2012-11-13T02:00:00-00:00,2012-11-12,18,LAPLMG1_7_B2,LAPLMG1_7_B2,LAPLMG1_7_B2,HASP,MCL,LMP_LOSS_PRC,LAPLMG1_7_B2,ALL,1,-2.23989,4,12
2012-11-13T02:45:00-00:00,2012-11-13T03:00:00-00:00,2012-11-12,19,LAPLMG1_7_B2,LAPLMG1_7_B2,LAPLMG1_7_B2,HASP,MCL,LMP_LOSS_PRC,LAPLMG1_7_B2,ALL,1,-2.59643,4,12
2012-11-13T03:45:00-00:00,2012-11-13T04:00:00-00:00,2012-11-12,20,LAPLMG1_7_B2,LAPLMG1_7_B2,LAPLMG1_7_B2,HASP,MCL,LMP_LOSS_PRC,LAPLMG1_7_B2,ALL,1,-2.67058,4,12
2012-11-13T04:45:00-00:00,2012-11-13T05:00:00-00:00,2012-11-12,21,LAPLMG1_7_B2,LAPLMG1_7_B2,LAPLMG1_7_B2,HASP,MCL,LMP_LOSS_PRC,LAPLMG1_7_B2,ALL,1,-1.89966,4,12
2012-11-13T05:45:00-00:00,2012-11-13T06:00:00-00:00,2012-11-12,22,LAPLMG1_7_B2,LAPLMG1_7_B2,LAPLMG1_7_B2,HASP,MCL,LMP_LOSS_PRC,LAPLMG1_7_B2,ALL,1,-1.7102,4,12
2012-11-13T06:45:00-00:00,2012-11-13T07:00:00-00:00,2012-11-12,23,LAPLMG1_7_B2,LAPLMG1_7_B2,LAPLMG1_7_B2,HASP,MCL,LMP_LOSS_PRC,LAPLMG1_7_B2,ALL,1,-1.17354,4,12
2012-11-13T07:45:00-00:00,2012-11-13T08:00:00-00:00,2012-11-12,24,LAPLMG1_7_B2,LAPLMG1_7_B2,LAPLMG1_7_B2,HASP,MCL,LMP_LOSS_PRC,LAPLMG1_7_B2,ALL,1,-0.27587,4,12
2012-11-13T08:00:00-00:00,2012-11-13T08:15:00-00:00,2012-11-13,01,LAPLMG1_7_B2,LAPLMG1_7_B2,LAPLMG1_7_B2,HASP,LMP,LMP_PRC,LAPLMG1_7_B2,ALL,1,27.96823,1,13
2012-11-13T09:00:00-00:00,2012-11-13T09:15:00-00:00,2012-11-13,02,LAPLMG1_7_B2,LAPLMG1_7_B2,LAPLMG1_7_B2,HASP,LMP,LMP_PRC,LAPLMG1_7_B2,ALL,1,25.8703,1,13
2012-11-13T10:00:00-00:00,2012-11-13T10:15:00-00:00,2012-11-13,03,LAPLMG1_7_B2,LAPLMG1_7_B2,LAPLMG1_7_B2,HASP,LMP,LMP_PRC,LAPLMG1_7_B2,ALL,1,25.79974,1,13
2012-11-13T11:00:00-00:00,2012-11-13T11:15:00-00:00,2012-11-13,04,LAPLMG1_7_B2,LAPLMG1_7_B2,LAPLMG1_7_B2,HASP,LMP,LMP_PRC,LAPLMG1_7_B2,ALL,1,25.47144,1,13
2012-11-13T12:00:00-00:00,2012-11-13T12:15:00-00:00,2012-11-13,05,LAPLMG1_7_B2,LAPLMG1_7_B2,LAPLMG1_7_B2,HASP,LMP,LMP_PRC,LAPLMG1_7_B2,ALL,1,25.44309,1,13
2012-11-13T13:00:00-00:00,2012-11-13T13:15:00-00:00,2012-11-13,06,LAPLMG1_7_B2,LAPLMG1_7_B2,LAPLMG1_7_B2,HASP,LMP,LMP_PRC,LAPLMG1_7_B2,ALL,1,27.62318,1,13
2012-11-13T14:00:00-00:00,2012-11-13T14:15:00-00:00,2012-11-13,07,LAPLMG1_7_B2,LAPLMG1_7_B2,LAPLMG1_7_B2,HASP,LMP,LMP_PRC,LAPLMG1_7_B2,ALL,1,31.22284,1,13
2012-11-13T15:00:00-00:00,2012-11-13T15:15:00-00:00,2012-11-13,08,LAPLMG1_7_B2,LAPLMG1_7_B2,LAPLMG1_7_B2,HASP,LMP,LMP_PRC,LAPLMG1_7_B2,ALL,1,43.8965,1,13
2012-11-13T16:00:00-00:00,2012-11-13T16:15:00-00:00,2012-11-13,09,LAPLMG1_7_B2,LAPLMG1_7_B2,LAPLMG1_7_B2,HASP,LMP,LMP_PRC,LAPLMG1_7_B2,ALL,1,30.4555,1,13
2012-11-13T17:00:00-00:00,2012-11-13T17:15:00-00:00,2012-11-13,10,LAPLMG1_7_B2,LAPLMG1_7_B2,LAPLMG1_7_B2,HASP,LMP,LMP_PRC,LAPLMG1_7_B2,ALL,1,38.86517,1,13
2012-11-13T18:00:00-00:00,2012-11-13T18:15:00-00:00,2012-11-13,11,LAPLMG1_7_B2,LAPLMG1_7_B2,LAPLMG1_7_B2,HASP,LMP,LMP_PRC,LAPLMG1_7_B2,ALL,1,35.38201,1,13
2012-11-13T19:00:00-00:00,2012-11-13T19:15:00-00:00,2012-11-13,12,LAPLMG1_7_B2,LAPLMG1_7_B2,LAPLMG1_7_B2,HASP,LMP,LMP_PRC,LAPLMG1_7_B2,ALL,1,37.81119,1,13
2012-11-13T20:00:00-00:00,2012-11-13T20:15:00-00:00,2012-11-13,13,LAPLMG1_7_B2,LAPLMG1_7_B2,LAPLMG1_7_B2,HASP,LMP,LMP_PRC,LAPLMG1_7_B2,ALL,1,34.25422,1,13
2012-11-13T21:00:00-00:00,2012-11-13T21:15:00-00:00,2012-11-13,14,LAPLMG1_7_B2,LAPLMG1_7_B2,LAPLMG1_7_B2,HASP,LMP,LMP_PRC,LAPLMG1_7_B2,ALL,1,38.45118,1,13
2012-11-13T22:00:00-00:00,2012-11-13T22:15:00-00:00,2012-11-13,15,LAPLMG1_7_B2,LAPLMG1_7_B2,LAPLMG1_7_B2,HASP,LMP,LMP_PRC,LAPLMG1_7_B2,ALL,1,37.98415,1,13
2012-11-13T23:00:00-00:00,2012-11-13T23:15:00-00:00,2012-11-13,16,LAPLMG1_7_B2,LAPLMG1_7_B2,LAPLMG1_7_B2,HASP,LMP,LMP_PRC,LAPLMG1_7_B2,ALL,1,40.72242,1,13
2012-11-14T00:00:00-00:00,2012-11-14T00:15:00-00:00,2012-11-13,17,LAPLMG1_7_B2,LAPLMG1_7_B2,LAPLMG1_7_B2,HASP,LMP,LMP_PRC,LAPLMG1_7_B2,ALL,1,32.251,1,13
2012-11-14T01:00:00-00:00,2012-11-14T01:15:00-00:00,2012-11-13,18,LAPLMG1_7_B2,LAPLMG1_7_B2,LAPLMG1_7_B2,HASP,LMP,LMP_PRC,LAPLMG1_7_B2,ALL,1,41.19039,1,13
2012-11-14T02:00:00-00:00,2012-11-14T02:15:00-00:00,2012-11-13,19,LAPLMG1_7_B2,LAPLMG1_7_B2,LAPLMG1_7_B2,HASP,LMP,LMP_PRC,LAPLMG1_7_B2,ALL,1,47.89199,1,13
2012-11-14T03:00:00-00:00,2012-11-14T03:15:00-00:00,2012-11-13,20,LAPLMG1_7_B2,LAPLMG1_7_B2,LAPLMG1_7_B2,HASP,LMP,LMP_PRC,LAPLMG1_7_B2,ALL,1,44.85139,1,13
2012-11-14T04:00:00-00:00,2012-11-14T04:15:00-00:00,2012-11-13,21,LAPLMG1_7_B2,LAPLMG1_7_B2,LAPLMG1_7_B2,HASP,LMP,LMP_PRC,LAPLMG1_7_B2,ALL,1,46.89738,1,13
2012-11-14T05:00:00-00:00,2012-11-14T05:15:00-00:00,2012-11-13,22,LAPLMG1_7_B2,LAPLMG1_7_B2,LAPLMG1_7_B2,HASP,LMP,LMP_PRC,LAPLMG1_7_B2,ALL,1,46.44095,1,13
2012-11-14T06:00:00-00:00,2012-11-14T06:15:00-00:00,2012-11-13,23,LAPLMG1_7_B2,LAPLMG1_7_B2,LAPLMG1_7_B2,HASP,LMP,LMP_PRC,LAPLMG1_7_B2,ALL,1,47.88739,1,13
2012-11-14T07:00:00-00:00,2012-11-14T07:15:00-00:00,2012-11-13,24,LAPLMG1_7_B2,LAPLMG1_7_B2,LAPLMG1_7_B2,HASP,LMP,LMP_PRC,LAPLMG1_7_B2,ALL,1,41.84351,1,13
2012-11-13T08:15:00-00:00,2012-11-13T08:30:00-00:00,2012-11-13,01,LAPLMG1_7_B2,LAPLMG1_7_B2,LAPLMG1_7_B2,HASP,LMP,LMP_PRC,LAPLMG1_7_B2,ALL,1,26.08132,2,13
2012-11-13T09:15:00-00:00,2012-11-13T09:30:00-00:00,2012-11-13,02,LAPLMG1_7_B2,LAPLMG1_7_B2,LAPLMG1_7_B2,HASP,LMP,LMP_PRC,LAPLMG1_7_B2,ALL,1,25.83108,2,13
2012-11-13T10:15:00-00:00,2012-11-13T10:30:00-00:00,2012-11-13,03,LAPLMG1_7_B2,LAPLMG1_7_B2,LAPLMG1_7_B2,HASP,LMP,LMP_PRC,LAPLMG1_7_B2,ALL,1,25.91491,2,13
2012-11-13T11:15:00-00:00,2012-11-13T11:30:00-00:00,2012-11-13,04,LAPLMG1_7_B2,LAPLMG1_7_B2,LAPLMG1_7_B2,HASP,LMP,LMP_PRC,LAPLMG1_7_B2,ALL,1,25.47142,2,13
2012-11-13T12:15:00-00:00,2012-11-13T12:30:00-00:00,2012-11-13,05,LAPLMG1_7_B2,LAPLMG1_7_B2,LAPLMG1_7_B2,HASP,LMP,LMP_PRC,LAPLMG1_7_B2,ALL,1,25.67267,2,13
2012-11-13T13:15:00-00:00,2012-11-13T13:30:00-00:00,2012-11-13,06,LAPLMG1_7_B2,LAPLMG1_7_B2,LAPLMG1_7_B2,HASP,LMP,LMP_PRC,LAPLMG1_7_B2,ALL,1,30.63458,2,13
2012-11-13T14:15:00-00:00,2012-11-13T14:30:00-00:00,2012-11-13,07,LAPLMG1_7_B2,LAPLMG1_7_B2,LAPLMG1_7_B2,HASP,LMP,LMP_PRC,LAPLMG1_7_B2,ALL,1,31.9689,2,13
2012-11-13T15:15:00-00:00,2012-11-13T15:30:00-00:00,2012-11-13,08,LAPLMG1_7_B2,LAPLMG1_7_B2,LAPLMG1_7_B2,HASP,LMP,LMP_PRC,LAPLMG1_7_B2,ALL,1,35.77673,2,13
2012-11-13T16:15:00-00:00,2012-11-13T16:30:00-00:00,2012-11-13,09,LAPLMG1_7_B2,LAPLMG1_7_B2,LAPLMG1_7_B2,HASP,LMP,LMP_PRC,LAPLMG1_7_B2,ALL,1,34.86175,2,13
2012-11-13T17:15:00-00:00,2012-11-13T17:30:00-00:00,2012-11-13,10,LAPLMG1_7_B2,LAPLMG1_7_B2,LAPLMG1_7_B2,HASP,LMP,LMP_PRC,LAPLMG1_7_B2,ALL,1,35.45362,2,13
2012-11-13T18:15:00-00:00,2012-11-13T18:30:00-00:00,2012-11-13,11,LAPLMG1_7_B2,LAPLMG1_7_B2,LAPLMG1_7_B2,HASP,LMP,LMP_PRC,LAPLMG1_7_B2,ALL,1,34.87752,2,13
2012-11-13T19:15:00-00:00,2012-11-13T19:30:00-00:00,2012-11-13,12,LAPLMG1_7_B2,LAPLMG1_7_B2,LAPLMG1_7_B2,HASP,LMP,LMP_PRC,LAPLMG1_7_B2,ALL,1,37.88413,2,13
2012-11-13T20:15:00-00:00,2012-11-13T20:30:00-00:00,2012-11-13,13,LAPLMG1_7_B2,LAPLMG1_7_B2,LAPLMG1_7_B2,HASP,LMP,LMP_PRC,LAPLMG1_7_B2,ALL,1,31.48367,2,13
2012-11-13T21:15:00-00:00,2012-11-13T21:30:00-00:00,2012-11-13,14,LAPLMG1_7_B2,LAPLMG1_7_B2,LAPLMG1_7_B2,HASP,LMP,LMP_PRC,LAPLMG1_7_B2,ALL,1,35.80433,2,13
2012-11-13T22:15:00-00:00,2012-11-13T22:30:00-00:00,2012-11-13,15,LAPLMG1_7_B2,LAPLMG1_7_B2,LAPLMG1_7_B2,HASP,LMP,LMP_PRC,LAPLMG1_7_B2,ALL,1,35.86428,2,13
2012-11-13T23:15:00-00:00,2012-11-13T23:30:00-00:00,2012-11-13,16,LAPLMG1_7_B2,LAPLMG1_7_B2,LAPLMG1_7_B2,HASP,LMP,LMP_PRC,LAPLMG1_7_B2,ALL,1,37.67968,2,13
2012-11-14T00:15:00-00:00,2012-11-14T00:30:00-00:00,2012-11-13,17,LAPLMG1_7_B2,LAPLMG1_7_B2,LAPLMG1_7_B2,HASP,LMP,LMP_PRC,LAPLMG1_7_B2,ALL,1,32.17414,2,13
2012-11-14T01:15:00-00:00,2012-11-14T01:30:00-00:00,2012-11-13,18,LAPLMG1_7_B2,LAPLMG1_7_B2,LAPLMG1_7_B2,HASP,LMP,LMP_PRC,LAPLMG1_7_B2,ALL,1,46.22142,2,13
2012-11-14T02:15:00-00:00,2012-11-14T02:30:00-00:00,2012-11-13,19,LAPLMG1_7_B2,LAPLMG1_7_B2,LAPLMG1_7_B2,HASP,LMP,LMP_PRC,LAPLMG1_7_B2,ALL,1,45.87825,2,13
2012-11-14T03:15:00-00:00,2012-11-14T03:30:00-00:00,2012-11-13,20,LAPLMG1_7_B2,LAPLMG1_7_B2,LAPLMG1_7_B2,HASP,LMP,LMP_PRC,LAPLMG1_7_B2,ALL,1,42.59951,2,13
2012-11-14T04:15:00-00:00,2012-11-14T04:30:00-00:00,2012-11-13,21,LAPLMG1_7_B2,LAPLMG1_7_B2,LAPLMG1_7_B2,HASP,LMP,LMP_PRC,LAPLMG1_7_B2,ALL,1,43.67346,2,13
2012-11-14T05:15:00-00:00,2012-11-14T05:30:00-00:00,2012-11-13,22,LAPLMG1_7_B2,LAPLMG1_7_B2,LAPLMG1_7_B2,HASP,LMP,LMP_PRC,LAPLMG1_7_B2,ALL,1,48.28621,2,13
2012-11-14T06:15:00-00:00,2012-11-14T06:30:00-00:00,2012-11-13,23,LAPLMG1_7_B2,LAPLMG1_7_B2,LAPLMG1_7_B2,HASP,LMP,LMP_PRC,LAPLMG1_7_B2,ALL,1,41.01374,2,13
2012-11-14T07:15:00-00:00,2012-11-14T07:30:00-00:00,2012-11-13,24,LAPLMG1_7_B2,LAPLMG1_7_B2,LAPLMG1_7_B2,HASP,LMP,LMP_PRC,LAPLMG1_7_B2,ALL,1,37.37475,2,13
2012-11-13T08:30:00-00:00,2012-11-13T08:45:00-00:00,2012-11-13,01,LAPLMG1_7_B2,LAPLMG1_7_B2,LAPLMG1_7_B2,HASP,LMP,LMP_PRC,LAPLMG1_7_B2,ALL,1,25.84706,3,13
2012-11-13T09:30:00-00:00,2012-11-13T09:45:00-00:00,2012-11-13,02,LAPLMG1_7_B2,LAPLMG1_7_B2,LAPLMG1_7_B2,HASP,LMP,LMP_PRC,LAPLMG1_7_B2,ALL,1,25.62054,3,13
2012-11-13T10:30:00-00:00,2012-11-13T10:45:00-00:00,2012-11-13,03,LAPLMG1_7_B2,LAPLMG1_7_B2,LAPLMG1_7_B2,HASP,LMP,LMP_PRC,LAPLMG1_7_B2,ALL,1,25.88125,3,13
2012-11-13T11:30:00-00:00,2012-11-13T11:45:00-00:00,2012-11-13,04,LAPLMG1_7_B2,LAPLMG1_7_B2,LAPLMG1_7_B2,HASP,LMP,LMP_PRC,LAPLMG1_7_B2,ALL,1,25.50201,3,13
2012-11-13T12:30:00-00:00,2012-11-13T12:45:00-00:00,2012-11-13,05,LAPLMG1_7_B2,LAPLMG1_7_B2,LAPLMG1_7_B2,HASP,LMP,LMP_PRC,LAPLMG1_7_B2,ALL,1,25.98201,3,13
2012-11-13T13:30:00-00:00,2012-11-13T13:45:00-00:00,2012-11-13,06,LAPLMG1_7_B2,LAPLMG1_7_B2,LAPLMG1_7_B2,HASP,LMP,LMP_PRC,LAPLMG1_7_B2,ALL,1,32.82555,3,13
2012-11-13T14:30:00-00:00,2012-11-13T14:45:00-00:00,2012-11-13,07,LAPLMG1_7_B2,LAPLMG1_7_B2,LAPLMG1_7_B2,HASP,LMP,LMP_PRC,LAPLMG1_7_B2,ALL,1,38.76356,3,13
2012-11-13T15:30:00-00:00,2012-11-13T15:45:00-00:00,2012-11-13,08,LAPLMG1_7_B2,LAPLMG1_7_B2,LAPLMG1_7_B2,HASP,LMP,LMP_PRC,LAPLMG1_7_B2,ALL,1,34.86792,3,13
2012-11-13T16:30:00-00:00,2012-11-13T16:45:00-00:00,2012-11-13,09,LAPLMG1_7_B2,LAPLMG1_7_B2,LAPLMG1_7_B2,HASP,LMP,LMP_PRC,LAPLMG1_7_B2,ALL,1,33.67864,3,13
2012-11-13T17:30:00-00:00,2012-11-13T17:45:00-00:00,2012-11-13,10,LAPLMG1_7_B2,LAPLMG1_7_B2,LAPLMG1_7_B2,HASP,LMP,LMP_PRC,LAPLMG1_7_B2,ALL,1,42.05049,3,13
2012-11-13T18:30:00-00:00,2012-11-13T18:45:00-00:00,2012-11-13,11,LAPLMG1_7_B2,LAPLMG1_7_B2,LAPLMG1_7_B2,HASP,LMP,LMP_PRC,LAPLMG1_7_B2,ALL,1,34.88395,3,13
2012-11-13T19:30:00-00:00,2012-11-13T19:45:00-00:00,2012-11-13,12,LAPLMG1_7_B2,LAPLMG1_7_B2,LAPLMG1_7_B2,HASP,LMP,LMP_PRC,LAPLMG1_7_B2,ALL,1,37.86938,3,13
2012-11-13T20:30:00-00:00,2012-11-13T20:45:00-00:00,2012-11-13,13,LAPLMG1_7_B2,LAPLMG1_7_B2,LAPLMG1_7_B2,HASP,LMP,LMP_PRC,LAPLMG1_7_B2,ALL,1,30.59809,3,13
2012-11-13T21:30:00-00:00,2012-11-13T21:45:00-00:00,2012-11-13,14,LAPLMG1_7_B2,LAPLMG1_7_B2,LAPLMG1_7_B2,HASP,LMP,LMP_PRC,LAPLMG1_7_B2,ALL,1,35.48205,3,13
2012-11-13T22:30:00-00:00,2012-11-13T22:45:00-00:00,2012-11-13,15,LAPLMG1_7_B2,LAPLMG1_7_B2,LAPLMG1_7_B2,HASP,LMP,LMP_PRC,LAPLMG1_7_B2,ALL,1,34.88804,3,13
2012-11-13T23:30:00-00:00,2012-11-13T23:45:00-00:00,2012-11-13,16,LAPLMG1_7_B2,LAPLMG1_7_B2,LAPLMG1_7_B2,HASP,LMP,LMP_PRC,LAPLMG1_7_B2,ALL,1,38.55203,3,13
2012-11-14T00:30:00-00:00,2012-11-14T00:45:00-00:00,2012-11-13,17,LAPLMG1_7_B2,LAPLMG1_7_B2,LAPLMG1_7_B2,HASP,LMP,LMP_PRC,LAPLMG1_7_B2,ALL,1,37.80692,3,13
2012-11-14T01:30:00-00:00,2012-11-14T01:45:00-00:00,2012-11-13,18,LAPLMG1_7_B2,LAPLMG1_7_B2,LAPLMG1_7_B2,HASP,LMP,LMP_PRC,LAPLMG1_7_B2,ALL,1,46.32654,3,13
2012-11-14T02:30:00-00:00,2012-11-14T02:45:00-00:00,2012-11-13,19,LAPLMG1_7_B2,LAPLMG1_7_B2,LAPLMG1_7_B2,HASP,LMP,LMP_PRC,LAPLMG1_7_B2,ALL,1,44.4611,3,13
2012-11-14T03:30:00-00:00,2012-11-14T03:45:00-00:00,2012-11-13,20,LAPLMG1_7_B2,LAPLMG1_7_B2,LAPLMG1_7_B2,HASP,LMP,LMP_PRC,LAPLMG1_7_B2,ALL,1,41.5036,3,13
2012-11-14T04:30:00-00:00,2012-11-14T04:45:00-00:00,2012-11-13,21,LAPLMG1_7_B2,LAPLMG1_7_B2,LAPLMG1_7_B2,HASP,LMP,LMP_PRC,LAPLMG1_7_B2,ALL,1,43.8968,3,13
2012-11-14T05:30:00-00:00,2012-11-14T05:45:00-00:00,2012-11-13,22,LAPLMG1_7_B2,LAPLMG1_7_B2,LAPLMG1_7_B2,HASP,LMP,LMP_PRC,LAPLMG1_7_B2,ALL,1,41.95842,3,13
2012-11-14T06:30:00-00:00,2012-11-14T06:45:00-00:00,2012-11-13,23,LAPLMG1_7_B2,LAPLMG1_7_B2,LAPLMG1_7_B2,HASP,LMP,LMP_PRC,LAPLMG1_7_B2,ALL,1,34.89311,3,13
2012-11-14T07:30:00-00:00,2012-11-14T07:45:00-00:00,2012-11-13,24,LAPLMG1_7_B2,LAPLMG1_7_B2,LAPLMG1_7_B2,HASP,LMP,LMP_PRC,LAPLMG1_7_B2,ALL,1,34.71107,3,13
2012-11-13T08:45:00-00:00,2012-11-13T09:00:00-00:00,2012-11-13,01,LAPLMG1_7_B2,LAPLMG1_7_B2,LAPLMG1_7_B2,HASP,LMP,LMP_PRC,LAPLMG1_7_B2,ALL,1,24.89329,4,13
2012-11-13T09:45:00-00:00,2012-11-13T10:00:00-00:00,2012-11-13,02,LAPLMG1_7_B2,LAPLMG1_7_B2,LAPLMG1_7_B2,HASP,LMP,LMP_PRC,LAPLMG1_7_B2,ALL,1,25.6736,4,13
2012-11-13T10:45:00-00:00,2012-11-13T11:00:00-00:00,2012-11-13,03,LAPLMG1_7_B2,LAPLMG1_7_B2,LAPLMG1_7_B2,HASP,LMP,LMP_PRC,LAPLMG1_7_B2,ALL,1,25.86985,4,13
2012-11-13T11:45:00-00:00,2012-11-13T12:00:00-00:00,2012-11-13,04,LAPLMG1_7_B2,LAPLMG1_7_B2,LAPLMG1_7_B2,HASP,LMP,LMP_PRC,LAPLMG1_7_B2,ALL,1,25.50581,4,13
2012-11-13T12:45:00-00:00,2012-11-13T13:00:00-00:00,2012-11-13,05,LAPLMG1_7_B2,LAPLMG1_7_B2,LAPLMG1_7_B2,HASP,LMP,LMP_PRC,LAPLMG1_7_B2,ALL,1,26.32369,4,13
2012-11-13T13:45:00-00:00,2012-11-13T14:00:00-00:00,2012-11-13,06,LAPLMG1_7_B2,LAPLMG1_7_B2,LAPLMG1_7_B2,HASP,LMP,LMP_PRC,LAPLMG1_7_B2,ALL,1,47.72665,4,13
2012-11-13T14:45:00-00:00,2012-11-13T15:00:00-00:00,2012-11-13,07,LAPLMG1_7_B2,LAPLMG1_7_B2,LAPLMG1_7_B2,HASP,LMP,LMP_PRC,LAPLMG1_7_B2,ALL,1,37.71537,4,13
2012-11-13T15:45:00-00:00,2012-11-13T16:00:00-00:00,2012-11-13,08,LAPLMG1_7_B2,LAPLMG1_7_B2,LAPLMG1_7_B2,HASP,LMP,LMP_PRC,LAPLMG1_7_B2,ALL,1,34.8675,4,13
2012-11-13T16:45:00-00:00,2012-11-13T17:00:00-00:00,2012-11-13,09,LAPLMG1_7_B2,LAPLMG1_7_B2,LAPLMG1_7_B2,HASP,LMP,LMP_PRC,LAPLMG1_7_B2,ALL,1,33.66144,4,13
2012-11-13T17:45:00-00:00,2012-11-13T18:00:00-00:00,2012-11-13,10,LAPLMG1_7_B2,LAPLMG1_7_B2,LAPLMG1_7_B2,HASP,LMP,LMP_PRC,LAPLMG1_7_B2,ALL,1,42.52798,4,13
2012-11-13T18:45:00-00:00,2012-11-13T19:00:00-00:00,2012-11-13,11,LAPLMG1_7_B2,LAPLMG1_7_B2,LAPLMG1_7_B2,HASP,LMP,LMP_PRC,LAPLMG1_7_B2,ALL,1,34.88254,4,13
2012-11-13T19:45:00-00:00,2012-11-13T20:00:00-00:00,2012-11-13,12,LAPLMG1_7_B2,LAPLMG1_7_B2,LAPLMG1_7_B2,HASP,LMP,LMP_PRC,LAPLMG1_7_B2,ALL,1,35.62839,4,13
2012-11-13T20:45:00-00:00,2012-11-13T21:00:00-00:00,2012-11-13,13,LAPLMG1_7_B2,LAPLMG1_7_B2,LAPLMG1_7_B2,HASP,LMP,LMP_PRC,LAPLMG1_7_B2,ALL,1,30.61406,4,13
2012-11-13T21:45:00-00:00,2012-11-13T22:00:00-00:00,2012-11-13,14,LAPLMG1_7_B2,LAPLMG1_7_B2,LAPLMG1_7_B2,HASP,LMP,LMP_PRC,LAPLMG1_7_B2,ALL,1,34.89192,4,13
2012-11-13T22:45:00-00:00,2012-11-13T23:00:00-00:00,2012-11-13,15,LAPLMG1_7_B2,LAPLMG1_7_B2,LAPLMG1_7_B2,HASP,LMP,LMP_PRC,LAPLMG1_7_B2,ALL,1,33.37639,4,13
2012-11-13T23:45:00-00:00,2012-11-14T00:00:00-00:00,2012-11-13,16,LAPLMG1_7_B2,LAPLMG1_7_B2,LAPLMG1_7_B2,HASP,LMP,LMP_PRC,LAPLMG1_7_B2,ALL,1,38.56012,4,13
2012-11-14T00:45:00-00:00,2012-11-14T01:00:00-00:00,2012-11-13,17,LAPLMG1_7_B2,LAPLMG1_7_B2,LAPLMG1_7_B2,HASP,LMP,LMP_PRC,LAPLMG1_7_B2,ALL,1,48.16641,4,13
2012-11-14T01:45:00-00:00,2012-11-14T02:00:00-00:00,2012-11-13,18,LAPLMG1_7_B2,LAPLMG1_7_B2,LAPLMG1_7_B2,HASP,LMP,LMP_PRC,LAPLMG1_7_B2,ALL,1,45.6985,4,13
2012-11-14T02:45:00-00:00,2012-11-14T03:00:00-00:00,2012-11-13,19,LAPLMG1_7_B2,LAPLMG1_7_B2,LAPLMG1_7_B2,HASP,LMP,LMP_PRC,LAPLMG1_7_B2,ALL,1,44.29868,4,13
2012-11-14T03:45:00-00:00,2012-11-14T04:00:00-00:00,2012-11-13,20,LAPLMG1_7_B2,LAPLMG1_7_B2,LAPLMG1_7_B2,HASP,LMP,LMP_PRC,LAPLMG1_7_B2,ALL,1,37.36735,4,13
2012-11-14T04:45:00-00:00,2012-11-14T05:00:00-00:00,2012-11-13,21,LAPLMG1_7_B2,LAPLMG1_7_B2,LAPLMG1_7_B2,HASP,LMP,LMP_PRC,LAPLMG1_7_B2,ALL,1,34.91173,4,13
2012-11-14T05:45:00-00:00,2012-11-14T06:00:00-00:00,2012-11-13,22,LAPLMG1_7_B2,LAPLMG1_7_B2,LAPLMG1_7_B2,HASP,LMP,LMP_PRC,LAPLMG1_7_B2,ALL,1,30.2544,4,13
2012-11-14T06:45:00-00:00,2012-11-14T07:00:00-00:00,2012-11-13,23,LAPLMG1_7_B2,LAPLMG1_7_B2,LAPLMG1_7_B2,HASP,LMP,LMP_PRC,LAPLMG1_7_B2,ALL,1,27.36853,4,13
2012-11-14T07:45:00-00:00,2012-11-14T08:00:00-00:00,2012-11-13,24,LAPLMG1_7_B2,LAPLMG1_7_B2,LAPLMG1_7_B2,HASP,LMP,LMP_PRC,LAPLMG1_7_B2,ALL,1,27.72629,4,13
2012-11-13T08:00:00-00:00,2012-11-13T08:15:00-00:00,2012-11-13,01,LAPLMG1_7_B2,LAPLMG1_7_B2,LAPLMG1_7_B2,HASP,MCC,LMP_CONG_PRC,LAPLMG1_7_B2,ALL,1,-17.46898,1,14
2012-11-13T09:00:00-00:00,2012-11-13T09:15:00-00:00,2012-11-13,02,LAPLMG1_7_B2,LAPLMG1_7_B2,LAPLMG1_7_B2,HASP,MCC,LMP_CONG_PRC,LAPLMG1_7_B2,ALL,1,-8.09066,1,14
2012-11-13T10:00:00-00:00,2012-11-13T10:15:00-00:00,2012-11-13,03,LAPLMG1_7_B2,LAPLMG1_7_B2,LAPLMG1_7_B2,HASP,MCC,LMP_CONG_PRC,LAPLMG1_7_B2,ALL,1,-12.13348,1,14
2012-11-13T11:00:00-00:00,2012-11-13T11:15:00-00:00,2012-11-13,04,LAPLMG1_7_B2,LAPLMG1_7_B2,LAPLMG1_7_B2,HASP,MCC,LMP_CONG_PRC,LAPLMG1_7_B2,ALL,1,-11.43221,1,14
2012-11-13T12:00:00-00:00,2012-11-13T12:15:00-00:00,2012-11-13,05,LAPLMG1_7_B2,LAPLMG1_7_B2,LAPLMG1_7_B2,HASP,MCC,LMP_CONG_PRC,LAPLMG1_7_B2,ALL,1,-12.00335,1,14
2012-11-13T13:00:00-00:00,2012-11-13T13:15:00-00:00,2012-11-13,06,LAPLMG1_7_B2,LAPLMG1_7_B2,LAPLMG1_7_B2,HASP,MCC,LMP_CONG_PRC,LAPLMG1_7_B2,ALL,1,-6.63194,1,14
2012-11-13T14:00:00-00:00,2012-11-13T14:15:00-00:00,2012-11-13,07,LAPLMG1_7_B2,LAPLMG1_7_B2,LAPLMG1_7_B2,HASP,MCC,LMP_CONG_PRC,LAPLMG1_7_B2,ALL,1,-8.34224,1,14
2012-11-13T15:00:00-00:00,2012-11-13T15:15:00-00:00,2012-11-13,08,LAPLMG1_7_B2,LAPLMG1_7_B2,LAPLMG1_7_B2,HASP,MCC,LMP_CONG_PRC,LAPLMG1_7_B2,ALL,1,-4.06909,1,14
2012-11-13T16:00:00-00:00,2012-11-13T16:15:00-00:00,2012-11-13,09,LAPLMG1_7_B2,LAPLMG1_7_B2,LAPLMG1_7_B2,HASP,MCC,LMP_CONG_PRC,LAPLMG1_7_B2,ALL,1,-4.76308,1,14
2012-11-13T17:00:00-00:00,2012-11-13T17:15:00-00:00,2012-11-13,10,LAPLMG1_7_B2,LAPLMG1_7_B2,LAPLMG1_7_B2,HASP,MCC,LMP_CONG_PRC,LAPLMG1_7_B2,ALL,1,-4.02189,1,14
2012-11-13T18:00:00-00:00,2012-11-13T18:15:00-00:00,2012-11-13,11,LAPLMG1_7_B2,LAPLMG1_7_B2,LAPLMG1_7_B2,HASP,MCC,LMP_CONG_PRC,LAPLMG1_7_B2,ALL,1,-2.25427,1,14
2012-11-13T19:00:00-00:00,2012-11-13T19:15:00-00:00,2012-11-13,12,LAPLMG1_7_B2,LAPLMG1_7_B2,LAPLMG1_7_B2,HASP,MCC,LMP_CONG_PRC,LAPLMG1_7_B2,ALL,1,-9.64381,1,14
2012-11-13T20:00:00-00:00,2012-11-13T20:15:00-00:00,2012-11-13,13,LAPLMG1_7_B2,LAPLMG1_7_B2,LAPLMG1_7_B2,HASP,MCC,LMP_CONG_PRC,LAPLMG1_7_B2,ALL,1,0.29996,1,14
2012-11-13T21:00:00-00:00,2012-11-13T21:15:00-00:00,2012-11-13,14,LAPLMG1_7_B2,LAPLMG1_7_B2,LAPLMG1_7_B2,HASP,MCC,LMP_CONG_PRC,LAPLMG1_7_B2,ALL,1,0,1,14
2012-11-13T22:00:00-00:00,2012-11-13T22:15:00-00:00,2012-11-13,15,LAPLMG1_7_B2,LAPLMG1_7_B2,LAPLMG1_7_B2,HASP,MCC,LMP_CONG_PRC,LAPLMG1_7_B2,ALL,1,0,1,14
2012-11-13T23:00:00-00:00,2012-11-13T23:15:00-00:00,2012-11-13,16,LAPLMG1_7_B2,LAPLMG1_7_B2,LAPLMG1_7_B2,HASP,MCC,LMP_CONG_PRC,LAPLMG1_7_B2,ALL,1,0,1,14
2012-11-14T00:00:00-00:00,2012-11-14T00:15:00-00:00,2012-11-13,17,LAPLMG1_7_B2,LAPLMG1_7_B2,LAPLMG1_7_B2,HASP,MCC,LMP_CONG_PRC,LAPLMG1_7_B2,ALL,1,0,1,14
2012-11-14T01:00:00-00:00,2012-11-14T01:15:00-00:00,2012-11-13,18,LAPLMG1_7_B2,LAPLMG1_7_B2,LAPLMG1_7_B2,HASP,MCC,LMP_CONG_PRC,LAPLMG1_7_B2,ALL,1,0,1,14
2012-11-14T02:00:00-00:00,2012-11-14T02:15:00-00:00,2012-11-13,19,LAPLMG1_7_B2,LAPLMG1_7_B2,LAPLMG1_7_B2,HASP,MCC,LMP_CONG_PRC,LAPLMG1_7_B2,ALL,1,0,1,14
2012-11-14T03:00:00-00:00,2012-11-14T03:15:00-00:00,2012-11-13,20,LAPLMG1_7_B2,LAPLMG1_7_B2,LAPLMG1_7_B2,HASP,MCC,LMP_CONG_PRC,LAPLMG1_7_B2,ALL,1,0,1,14
2012-11-14T04:00:00-00:00,2012-11-14T04:15:00-00:00,2012-11-13,21,LAPLMG1_7_B2,LAPLMG1_7_B2,LAPLMG1_7_B2,HASP,MCC,LMP_CONG_PRC,LAPLMG1_7_B2,ALL,1,0,1,14
2012-11-14T05:00:00-00:00,2012-11-14T05:15:00-00:00,2012-11-13,22,LAPLMG1_7_B2,LAPLMG1_7_B2,LAPLMG1_7_B2,HASP,MCC,LMP_CONG_PRC,LAPLMG1_7_B2,ALL,1,0.57727,1,14
2012-11-14T06:00:00-00:00,2012-11-14T06:15:00-00:00,2012-11-13,23,LAPLMG1_7_B2,LAPLMG1_7_B2,LAPLMG1_7_B2,HASP,MCC,LMP_CONG_PRC,LAPLMG1_7_B2,ALL,1,0.60619,1,14
2012-11-14T07:00:00-00:00,2012-11-14T07:15:00-00:00,2012-11-13,24,LAPLMG1_7_B2,LAPLMG1_7_B2,LAPLMG1_7_B2,HASP,MCC,LMP_CONG_PRC,LAPLMG1_7_B2,ALL,1,0.19633,1,14
2012-11-13T08:15:00-00:00,2012-11-13T08:30:00-00:00,2012-11-13,01,LAPLMG1_7_B2,LAPLMG1_7_B2,LAPLMG1_7_B2,HASP,MCC,LMP_CONG_PRC,LAPLMG1_7_B2,ALL,1,-10.61313,2,14
2012-11-13T09:15:00-00:00,2012-11-13T09:30:00-00:00,2012-11-13,02,LAPLMG1_7_B2,LAPLMG1_7_B2,LAPLMG1_7_B2,HASP,MCC,LMP_CONG_PRC,LAPLMG1_7_B2,ALL,1,-7.78371,2,14
2012-11-13T10:15:00-00:00,2012-11-13T10:30:00-00:00,2012-11-13,03,LAPLMG1_7_B2,LAPLMG1_7_B2,LAPLMG1_7_B2,HASP,MCC,LMP_CONG_PRC,LAPLMG1_7_B2,ALL,1,-11.54586,2,14
2012-11-13T11:15:00-00:00,2012-11-13T11:30:00-00:00,2012-11-13,04,LAPLMG1_7_B2,LAPLMG1_7_B2,LAPLMG1_7_B2,HASP,MCC,LMP_CONG_PRC,LAPLMG1_7_B2,ALL,1,-11.43053,2,14
2012-11-13T12:15:00-00:00,2012-11-13T12:30:00-00:00,2012-11-13,05,LAPLMG1_7_B2,LAPLMG1_7_B2,LAPLMG1_7_B2,HASP,MCC,LMP_CONG_PRC,LAPLMG1_7_B2,ALL,1,-12.98746,2,14
2012-11-13T13:15:00-00:00,2012-11-13T13:30:00-00:00,2012-11-13,06,LAPLMG1_7_B2,LAPLMG1_7_B2,LAPLMG1_7_B2,HASP,MCC,LMP_CONG_PRC,LAPLMG1_7_B2,ALL,1,-9.93583,2,14
2012-11-13T14:15:00-00:00,2012-11-13T14:30:00-00:00,2012-11-13,07,LAPLMG1_7_B2,LAPLMG1_7_B2,LAPLMG1_7_B2,HASP,MCC,LMP_CONG_PRC,LAPLMG1_7_B2,ALL,1,-8.48234,2,14
2012-11-13T15:15:00-00:00,2012-11-13T15:30:00-00:00,2012-11-13,08,LAPLMG1_7_B2,LAPLMG1_7_B2,LAPLMG1_7_B2,HASP,MCC,LMP_CONG_PRC,LAPLMG1_7_B2,ALL,1,-7.09072,2,14
2012-11-13T16:15:00-00:00,2012-11-13T16:30:00-00:00,2012-11-13,09,LAPLMG1_7_B2,LAPLMG1_7_B2,LAPLMG1_7_B2,HASP,MCC,LMP_CONG_PRC,LAPLMG1_7_B2,ALL,1,-3.52666,2,14
2012-11-13T17:15:00-00:00,2012-11-13T17:30:00-00:00,2012-11-13,10,LAPLMG1_7_B2,LAPLMG1_7_B2,LAPLMG1_7_B2,HASP,MCC,LMP_CONG_PRC,LAPLMG1_7_B2,ALL,1,-6.96007,2,14
2012-11-13T18:15:00-00:00,2012-11-13T18:30:00-00:00,2012-11-13,11,LAPLMG1_7_B2,LAPLMG1_7_B2,LAPLMG1_7_B2,HASP,MCC,LMP_CONG_PRC,LAPLMG1_7_B2,ALL,1,-3.50935,2,14
2012-11-13T19:15:00-00:00,2012-11-13T19:30:00-00:00,2012-11-13,12,LAPLMG1_7_B2,LAPLMG1_7_B2,LAPLMG1_7_B2,HASP,MCC,LMP_CONG_PRC,LAPLMG1_7_B2,ALL,1,-9.20406,2,14
2012-11-13T20:15:00-00:00,2012-11-13T20:30:00-00:00,2012-11-13,13,LAPLMG1_7_B2,LAPLMG1_7_B2,LAPLMG1_7_B2,HASP,MCC,LMP_CONG_PRC,LAPLMG1_7_B2,ALL,1,0.05639,2,14
2012-11-13T21:15:00-00:00,2012-11-13T21:30:00-00:00,2012-11-13,14,LAPLMG1_7_B2,LAPLMG1_7_B2,LAPLMG1_7_B2,HASP,MCC,LMP_CONG_PRC,LAPLMG1_7_B2,ALL,1,0,2,14
2012-11-13T22:15:00-00:00,2012-11-13T22:30:00-00:00,2012-11-13,15,LAPLMG1_7_B2,LAPLMG1_7_B2,LAPLMG1_7_B2,HASP,MCC,LMP_CONG_PRC,LAPLMG1_7_B2,ALL,1,0,2,14
2012-11-13T23:15:00-00:00,2012-11-13T23:30:00-00:00,2012-11-13,16,LAPLMG1_7_B2,LAPLMG1_7_B2,LAPLMG1_7_B2,HASP,MCC,LMP_CONG_PRC,LAPLMG1_7_B2,ALL,1,0,2,14
2012-11-14T00:15:00-00:00,2012-11-14T00:30:00-00:00,2012-11-13,17,LAPLMG1_7_B2,LAPLMG1_7_B2,LAPLMG1_7_B2,HASP,MCC,LMP_CONG_PRC,LAPLMG1_7_B2,ALL,1,0,2,14
2012-11-14T01:15:00-00:00,2012-11-14T01:30:00-00:00,2012-11-13,18,LAPLMG1_7_B2,LAPLMG1_7_B2,LAPLMG1_7_B2,HASP,MCC,LMP_CONG_PRC,LAPLMG1_7_B2,ALL,1,0,2,14
2012-11-14T02:15:00-00:00,2012-11-14T02:30:00-00:00,2012-11-13,19,LAPLMG1_7_B2,LAPLMG1_7_B2,LAPLMG1_7_B2,HASP,MCC,LMP_CONG_PRC,LAPLMG1_7_B2,ALL,1,0,2,14
2012-11-14T03:15:00-00:00,2012-11-14T03:30:00-00:00,2012-11-13,20,LAPLMG1_7_B2,LAPLMG1_7_B2,LAPLMG1_7_B2,HASP,MCC,LMP_CONG_PRC,LAPLMG1_7_B2,ALL,1,0,2,14
2012-11-14T04:15:00-00:00,2012-11-14T04:30:00-00:00,2012-11-13,21,LAPLMG1_7_B2,LAPLMG1_7_B2,LAPLMG1_7_B2,HASP,MCC,LMP_CONG_PRC,LAPLMG1_7_B2,ALL,1,0,2,14
2012-11-14T05:15:00-00:00,2012-11-14T05:30:00-00:00,2012-11-13,22,LAPLMG1_7_B2,LAPLMG1_7_B2,LAPLMG1_7_B2,HASP,MCC,LMP_CONG_PRC,LAPLMG1_7_B2,ALL,1,0.6153,2,14
2012-11-14T06:15:00-00:00,2012-11-14T06:30:00-00:00,2012-11-13,23,LAPLMG1_7_B2,LAPLMG1_7_B2,LAPLMG1_7_B2,HASP,MCC,LMP_CONG_PRC,LAPLMG1_7_B2,ALL,1,0.45608,2,14
2012-11-14T07:15:00-00:00,2012-11-14T07:30:00-00:00,2012-11-13,24,LAPLMG1_7_B2,LAPLMG1_7_B2,LAPLMG1_7_B2,HASP,MCC,LMP_CONG_PRC,LAPLMG1_7_B2,ALL,1,0.17425,2,14
2012-11-13T08:30:00-00:00,2012-11-13T08:45:00-00:00,2012-11-13,01,LAPLMG1_7_B2,LAPLMG1_7_B2,LAPLMG1_7_B2,HASP,MCC,LMP_CONG_PRC,LAPLMG1_7_B2,ALL,1,-7.14077,3,14
2012-11-13T09:30:00-00:00,2012-11-13T09:45:00-00:00,2012-11-13,02,LAPLMG1_7_B2,LAPLMG1_7_B2,LAPLMG1_7_B2,HASP,MCC,LMP_CONG_PRC,LAPLMG1_7_B2,ALL,1,-7.7571,3,14
2012-11-13T10:30:00-00:00,2012-11-13T10:45:00-00:00,2012-11-13,03,LAPLMG1_7_B2,LAPLMG1_7_B2,LAPLMG1_7_B2,HASP,MCC,LMP_CONG_PRC,LAPLMG1_7_B2,ALL,1,-11.21964,3,14
2012-11-13T11:30:00-00:00,2012-11-13T11:45:00-00:00,2012-11-13,04,LAPLMG1_7_B2,LAPLMG1_7_B2,LAPLMG1_7_B2,HASP,MCC,LMP_CONG_PRC,LAPLMG1_7_B2,ALL,1,-12.05356,3,14
2012-11-13T12:30:00-00:00,2012-11-13T12:45:00-00:00,2012-11-13,05,LAPLMG1_7_B2,LAPLMG1_7_B2,LAPLMG1_7_B2,HASP,MCC,LMP_CONG_PRC,LAPLMG1_7_B2,ALL,1,-20.64715,3,14
2012-11-13T13:30:00-00:00,2012-11-13T13:45:00-00:00,2012-11-13,06,LAPLMG1_7_B2,LAPLMG1_7_B2,LAPLMG1_7_B2,HASP,MCC,LMP_CONG_PRC,LAPLMG1_7_B2,ALL,1,-18.68819,3,14
2012-11-13T14:30:00-00:00,2012-11-13T14:45:00-00:00,2012-11-13,07,LAPLMG1_7_B2,LAPLMG1_7_B2,LAPLMG1_7_B2,HASP,MCC,LMP_CONG_PRC,LAPLMG1_7_B2,ALL,1,-5.84972,3,14
2012-11-13T15:30:00-00:00,2012-11-13T15:45:00-00:00,2012-11-13,08,LAPLMG1_7_B2,LAPLMG1_7_B2,LAPLMG1_7_B2,HASP,MCC,LMP_CONG_PRC,LAPLMG1_7_B2,ALL,1,-6.73462,3,14
2012-11-13T16:30:00-00:00,2012-11-13T16:45:00-00:00,2012-11-13,09,LAPLMG1_7_B2,LAPLMG1_7_B2,LAPLMG1_7_B2,HASP,MCC,LMP_CONG_PRC,LAPLMG1_7_B2,ALL,1,-4.24307,3,14
2012-11-13T17:30:00-00:00,2012-11-13T17:45:00-00:00,2012-11-13,10,LAPLMG1_7_B2,LAPLMG1_7_B2,LAPLMG1_7_B2,HASP,MCC,LMP_CONG_PRC,LAPLMG1_7_B2,ALL,1,-3.72146,3,14
2012-11-13T18:30:00-00:00,2012-11-13T18:45:00-00:00,2012-11-13,11,LAPLMG1_7_B2,LAPLMG1_7_B2,LAPLMG1_7_B2,HASP,MCC,LMP_CONG_PRC,LAPLMG1_7_B2,ALL,1,-3.65865,3,14
2012-11-13T19:30:00-00:00,2012-11-13T19:45:00-00:00,2012-11-13,12,LAPLMG1_7_B2,LAPLMG1_7_B2,LAPLMG1_7_B2,HASP,MCC,LMP_CONG_PRC,LAPLMG1_7_B2,ALL,1,-9.21325,3,14
2012-11-13T20:30:00-00:00,2012-11-13T20:45:00-00:00,2012-11-13,13,LAPLMG1_7_B2,LAPLMG1_7_B2,LAPLMG1_7_B2,HASP,MCC,LMP_CONG_PRC,LAPLMG1_7_B2,ALL,1,0.03722,3,14
2012-11-13T21:30:00-00:00,2012-11-13T21:45:00-00:00,2012-11-13,14,LAPLMG1_7_B2,LAPLMG1_7_B2,LAPLMG1_7_B2,HASP,MCC,LMP_CONG_PRC,LAPLMG1_7_B2,ALL,1,0,3,14
2012-11-13T22:30:00-00:00,2012-11-13T22:45:00-00:00,2012-11-13,15,LAPLMG1_7_B2,LAPLMG1_7_B2,LAPLMG1_7_B2,HASP,MCC,LMP_CONG_PRC,LAPLMG1_7_B2,ALL,1,0,3,14
2012-11-13T23:30:00-00:00,2012-11-13T23:45:00-00:00,2012-11-13,16,LAPLMG1_7_B2,LAPLMG1_7_B2,LAPLMG1_7_B2,HASP,MCC,LMP_CONG_PRC,LAPLMG1_7_B2,ALL,1,0,3,14
2012-11-14T00:30:00-00:00,2012-11-14T00:45:00-00:00,2012-11-13,17,LAPLMG1_7_B2,LAPLMG1_7_B2,LAPLMG1_7_B2,HASP,MCC,LMP_CONG_PRC,LAPLMG1_7_B2,ALL,1,0,3,14
2012-11-14T01:30:00-00:00,2012-11-14T01:45:00-00:00,2012-11-13,18,LAPLMG1_7_B2,LAPLMG1_7_B2,LAPLMG1_7_B2,HASP,MCC,LMP_CONG_PRC,LAPLMG1_7_B2,ALL,1,0,3,14
2012-11-14T02:30:00-00:00,2012-11-14T02:45:00-00:00,2012-11-13,19,LAPLMG1_7_B2,LAPLMG1_7_B2,LAPLMG1_7_B2,HASP,MCC,LMP_CONG_PRC,LAPLMG1_7_B2,ALL,1,0,3,14
2012-11-14T03:30:00-00:00,2012-11-14T03:45:00-00:00,2012-11-13,20,LAPLMG1_7_B2,LAPLMG1_7_B2,LAPLMG1_7_B2,HASP,MCC,LMP_CONG_PRC,LAPLMG1_7_B2,ALL,1,0,3,14
2012-11-14T04:30:00-00:00,2012-11-14T04:45:00-00:00,2012-11-13,21,LAPLMG1_7_B2,LAPLMG1_7_B2,LAPLMG1_7_B2,HASP,MCC,LMP_CONG_PRC,LAPLMG1_7_B2,ALL,1,0,3,14
2012-11-14T05:30:00-00:00,2012-11-14T05:45:00-00:00,2012-11-13,22,LAPLMG1_7_B2,LAPLMG1_7_B2,LAPLMG1_7_B2,HASP,MCC,LMP_CONG_PRC,LAPLMG1_7_B2,ALL,1,0.47725,3,14
2012-11-14T06:30:00-00:00,2012-11-14T06:45:00-00:00,2012-11-13,23,LAPLMG1_7_B2,LAPLMG1_7_B2,LAPLMG1_7_B2,HASP,MCC,LMP_CONG_PRC,LAPLMG1_7_B2,ALL,1,0.3197,3,14
2012-11-14T07:30:00-00:00,2012-11-14T07:45:00-00:00,2012-11-13,24,LAPLMG1_7_B2,LAPLMG1_7_B2,LAPLMG1_7_B2,HASP,MCC,LMP_CONG_PRC,LAPLMG1_7_B2,ALL,1,0.31493,3,14
2012-11-13T08:45:00-00:00,2012-11-13T09:00:00-00:00,2012-11-13,01,LAPLMG1_7_B2,LAPLMG1_7_B2,LAPLMG1_7_B2,HASP,MCC,LMP_CONG_PRC,LAPLMG1_7_B2,ALL,1,-7.58385,4,14
2012-11-13T09:45:00-00:00,2012-11-13T10:00:00-00:00,2012-11-13,02,LAPLMG1_7_B2,LAPLMG1_7_B2,LAPLMG1_7_B2,HASP,MCC,LMP_CONG_PRC,LAPLMG1_7_B2,ALL,1,-7.43006,4,14
2012-11-13T10:45:00-00:00,2012-11-13T11:00:00-00:00,2012-11-13,03,LAPLMG1_7_B2,LAPLMG1_7_B2,LAPLMG1_7_B2,HASP,MCC,LMP_CONG_PRC,LAPLMG1_7_B2,ALL,1,-11.20245,4,14
2012-11-13T11:45:00-00:00,2012-11-13T12:00:00-00:00,2012-11-13,04,LAPLMG1_7_B2,LAPLMG1_7_B2,LAPLMG1_7_B2,HASP,MCC,LMP_CONG_PRC,LAPLMG1_7_B2,ALL,1,-12.04331,4,14
2012-11-13T12:45:00-00:00,2012-11-13T13:00:00-00:00,2012-11-13,05,LAPLMG1_7_B2,LAPLMG1_7_B2,LAPLMG1_7_B2,HASP,MCC,LMP_CONG_PRC,LAPLMG1_7_B2,ALL,1,-25.3193,4,14
2012-11-13T13:45:00-00:00,2012-11-13T14:00:00-00:00,2012-11-13,06,LAPLMG1_7_B2,LAPLMG1_7_B2,LAPLMG1_7_B2,HASP,MCC,LMP_CONG_PRC,LAPLMG1_7_B2,ALL,1,-15.41804,4,14
2012-11-13T14:45:00-00:00,2012-11-13T15:00:00-00:00,2012-11-13,07,LAPLMG1_7_B2,LAPLMG1_7_B2,LAPLMG1_7_B2,HASP,MCC,LMP_CONG_PRC,LAPLMG1_7_B2,ALL,1,-69.08661,4,14
2012-11-13T15:45:00-00:00,2012-11-13T16:00:00-00:00,2012-11-13,08,LAPLMG1_7_B2,LAPLMG1_7_B2,LAPLMG1_7_B2,HASP,MCC,LMP_CONG_PRC,LAPLMG1_7_B2,ALL,1,-7.27345,4,14
2012-11-13T16:45:00-00:00,2012-11-13T17:00:00-00:00,2012-11-13,09,LAPLMG1_7_B2,LAPLMG1_7_B2,LAPLMG1_7_B2,HASP,MCC,LMP_CONG_PRC,LAPLMG1_7_B2,ALL,1,-4.4064,4,14
2012-11-13T17:45:00-00:00,2012-11-13T18:00:00-00:00,2012-11-13,10,LAPLMG1_7_B2,LAPLMG1_7_B2,LAPLMG1_7_B2,HASP,MCC,LMP_CONG_PRC,LAPLMG1_7_B2,ALL,1,-5.30347,4,14
2012-11-13T18:45:00-00:00,2012-11-13T19:00:00-00:00,2012-11-13,11,LAPLMG1_7_B2,LAPLMG1_7_B2,LAPLMG1_7_B2,HASP,MCC,LMP_CONG_PRC,LAPLMG1_7_B2,ALL,1,-3.82429,4,14
2012-11-13T19:45:00-00:00,2012-11-13T20:00:00-00:00,2012-11-13,12,LAPLMG1_7_B2,LAPLMG1_7_B2,LAPLMG1_7_B2,HASP,MCC,LMP_CONG_PRC,LAPLMG1_7_B2,ALL,1,-10.29299,4,14
2012-11-13T20:45:00-00:00,2012-11-13T21:00:00-00:00,2012-11-13,13,LAPLMG1_7_B2,LAPLMG1_7_B2,LAPLMG1_7_B2,HASP,MCC,LMP_CONG_PRC,LAPLMG1_7_B2,ALL,1,0.03609,4,14
2012-11-13T21:45:00-00:00,2012-11-13T22:00:00-00:00,2012-11-13,14,LAPLMG1_7_B2,LAPLMG1_7_B2,LAPLMG1_7_B2,HASP,MCC,LMP_CONG_PRC,LAPLMG1_7_B2,ALL,1,0,4,14
2012-11-13T22:45:00-00:00,2012-11-13T23:00:00-00:00,2012-11-13,15,LAPLMG1_7_B2,LAPLMG1_7_B2,LAPLMG1_7_B2,HASP,MCC,LMP_CONG_PRC,LAPLMG1_7_B2,ALL,1,0,4,14
2012-11-13T23:45:00-00:00,2012-11-14T00:00:00-00:00,2012-11-13,16,LAPLMG1_7_B2,LAPLMG1_7_B2,LAPLMG1_7_B2,HASP,MCC,LMP_CONG_PRC,LAPLMG1_7_B2,ALL,1,0,4,14
2012-11-14T00:45:00-00:00,2012-11-14T01:00:00-00:00,2012-11-13,17,LAPLMG1_7_B2,LAPLMG1_7_B2,LAPLMG1_7_B2,HASP,MCC,LMP_CONG_PRC,LAPLMG1_7_B2,ALL,1,-0.00856,4,14
2012-11-14T01:45:00-00:00,2012-11-14T02:00:00-00:00,2012-11-13,18,LAPLMG1_7_B2,LAPLMG1_7_B2,LAPLMG1_7_B2,HASP,MCC,LMP_CONG_PRC,LAPLMG1_7_B2,ALL,1,0,4,14
2012-11-14T02:45:00-00:00,2012-11-14T03:00:00-00:00,2012-11-13,19,LAPLMG1_7_B2,LAPLMG1_7_B2,LAPLMG1_7_B2,HASP,MCC,LMP_CONG_PRC,LAPLMG1_7_B2,ALL,1,0,4,14
2012-11-14T03:45:00-00:00,2012-11-14T04:00:00-00:00,2012-11-13,20,LAPLMG1_7_B2,LAPLMG1_7_B2,LAPLMG1_7_B2,HASP,MCC,LMP_CONG_PRC,LAPLMG1_7_B2,ALL,1,0,4,14
2012-11-14T04:45:00-00:00,2012-11-14T05:00:00-00:00,2012-11-13,21,LAPLMG1_7_B2,LAPLMG1_7_B2,LAPLMG1_7_B2,HASP,MCC,LMP_CONG_PRC,LAPLMG1_7_B2,ALL,1,0,4,14
2012-11-14T05:45:00-00:00,2012-11-14T06:00:00-00:00,2012-11-13,22,LAPLMG1_7_B2,LAPLMG1_7_B2,LAPLMG1_7_B2,HASP,MCC,LMP_CONG_PRC,LAPLMG1_7_B2,ALL,1,0.22276,4,14
2012-11-14T06:45:00-00:00,2012-11-14T07:00:00-00:00,2012-11-13,23,LAPLMG1_7_B2,LAPLMG1_7_B2,LAPLMG1_7_B2,HASP,MCC,LMP_CONG_PRC,LAPLMG1_7_B2,ALL,1,0.15845,4,14
2012-11-14T07:45:00-00:00,2012-11-14T08:00:00-00:00,2012-11-13,24,LAPLMG1_7_B2,LAPLMG1_7_B2,LAPLMG1_7_B2,HASP,MCC,LMP_CONG_PRC,LAPLMG1_7_B2,ALL,1,0.16094,4,14
2012-11-13T08:00:00-00:00,2012-11-13T08:15:00-00:00,2012-11-13,01,LAPLMG1_7_B2,LAPLMG1_7_B2,LAPLMG1_7_B2,HASP,MCE,LMP_ENE_PRC,LAPLMG1_7_B2,ALL,1,46.93926,1,15
2012-11-13T09:00:00-00:00,2012-11-13T09:15:00-00:00,2012-11-13,02,LAPLMG1_7_B2,LAPLMG1_7_B2,LAPLMG1_7_B2,HASP,MCE,LMP_ENE_PRC,LAPLMG1_7_B2,ALL,1,35.05466,1,15
2012-11-13T10:00:00-00:00,2012-11-13T10:15:00-00:00,2012-11-13,03,LAPLMG1_7_B2,LAPLMG1_7_B2,LAPLMG1_7_B2,HASP,MCE,LMP_ENE_PRC,LAPLMG1_7_B2,ALL,1,39.15889,1,15
2012-11-13T11:00:00-00:00,2012-11-13T11:15:00-00:00,2012-11-13,04,LAPLMG1_7_B2,LAPLMG1_7_B2,LAPLMG1_7_B2,HASP,MCE,LMP_ENE_PRC,LAPLMG1_7_B2,ALL,1,38.09605,1,15
2012-11-13T12:00:00-00:00,2012-11-13T12:15:00-00:00,2012-11-13,05,LAPLMG1_7_B2,LAPLMG1_7_B2,LAPLMG1_7_B2,HASP,MCE,LMP_ENE_PRC,LAPLMG1_7_B2,ALL,1,38.69633,1,15
2012-11-13T13:00:00-00:00,2012-11-13T13:15:00-00:00,2012-11-13,06,LAPLMG1_7_B2,LAPLMG1_7_B2,LAPLMG1_7_B2,HASP,MCE,LMP_ENE_PRC,LAPLMG1_7_B2,ALL,1,35.5491,1,15
2012-11-13T14:00:00-00:00,2012-11-13T14:15:00-00:00,2012-11-13,07,LAPLMG1_7_B2,LAPLMG1_7_B2,LAPLMG1_7_B2,HASP,MCE,LMP_ENE_PRC,LAPLMG1_7_B2,ALL,1,41.1365,1,15
2012-11-13T15:00:00-00:00,2012-11-13T15:15:00-00:00,2012-11-13,08,LAPLMG1_7_B2,LAPLMG1_7_B2,LAPLMG1_7_B2,HASP,MCE,LMP_ENE_PRC,LAPLMG1_7_B2,ALL,1,50.15747,1,15
2012-11-13T16:00:00-00:00,2012-11-13T16:15:00-00:00,2012-11-13,09,LAPLMG1_7_B2,LAPLMG1_7_B2,LAPLMG1_7_B2,HASP,MCE,LMP_ENE_PRC,LAPLMG1_7_B2,ALL,1,36.91675,1,15
2012-11-13T17:00:00-00:00,2012-11-13T17:15:00-00:00,2012-11-13,10,LAPLMG1_7_B2,LAPLMG1_7_B2,LAPLMG1_7_B2,HASP,MCE,LMP_ENE_PRC,LAPLMG1_7_B2,ALL,1,44.99745,1,15
2012-11-13T18:00:00-00:00,2012-11-13T18:15:00-00:00,2012-11-13,11,LAPLMG1_7_B2,LAPLMG1_7_B2,LAPLMG1_7_B2,HASP,MCE,LMP_ENE_PRC,LAPLMG1_7_B2,ALL,1,39.46757,1,15
2012-11-13T19:00:00-00:00,2012-11-13T19:15:00-00:00,2012-11-13,12,LAPLMG1_7_B2,LAPLMG1_7_B2,LAPLMG1_7_B2,HASP,MCE,LMP_ENE_PRC,LAPLMG1_7_B2,ALL,1,49.87388,1,15
2012-11-13T20:00:00-00:00,2012-11-13T20:15:00-00:00,2012-11-13,13,LAPLMG1_7_B2,LAPLMG1_7_B2,LAPLMG1_7_B2,HASP,MCE,LMP_ENE_PRC,LAPLMG1_7_B2,ALL,1,35.63255,1,15
2012-11-13T21:00:00-00:00,2012-11-13T21:15:00-00:00,2012-11-13,14,LAPLMG1_7_B2,LAPLMG1_7_B2,LAPLMG1_7_B2,HASP,MCE,LMP_ENE_PRC,LAPLMG1_7_B2,ALL,1,40.44087,1,15
2012-11-13T22:00:00-00:00,2012-11-13T22:15:00-00:00,2012-11-13,15,LAPLMG1_7_B2,LAPLMG1_7_B2,LAPLMG1_7_B2,HASP,MCE,LMP_ENE_PRC,LAPLMG1_7_B2,ALL,1,39.97911,1,15
2012-11-13T23:00:00-00:00,2012-11-13T23:15:00-00:00,2012-11-13,16,LAPLMG1_7_B2,LAPLMG1_7_B2,LAPLMG1_7_B2,HASP,MCE,LMP_ENE_PRC,LAPLMG1_7_B2,ALL,1,42.75769,1,15
2012-11-14T00:00:00-00:00,2012-11-14T00:15:00-00:00,2012-11-13,17,LAPLMG1_7_B2,LAPLMG1_7_B2,LAPLMG1_7_B2,HASP,MCE,LMP_ENE_PRC,LAPLMG1_7_B2,ALL,1,33.82026,1,15
2012-11-14T01:00:00-00:00,2012-11-14T01:15:00-00:00,2012-11-13,18,LAPLMG1_7_B2,LAPLMG1_7_B2,LAPLMG1_7_B2,HASP,MCE,LMP_ENE_PRC,LAPLMG1_7_B2,ALL,1,43.39485,1,15
2012-11-14T02:00:00-00:00,2012-11-14T02:15:00-00:00,2012-11-13,19,LAPLMG1_7_B2,LAPLMG1_7_B2,LAPLMG1_7_B2,HASP,MCE,LMP_ENE_PRC,LAPLMG1_7_B2,ALL,1,50.54031,1,15
2012-11-14T03:00:00-00:00,2012-11-14T03:15:00-00:00,2012-11-13,20,LAPLMG1_7_B2,LAPLMG1_7_B2,LAPLMG1_7_B2,HASP,MCE,LMP_ENE_PRC,LAPLMG1_7_B2,ALL,1,47.26174,1,15
2012-11-14T04:00:00-00:00,2012-11-14T04:15:00-00:00,2012-11-13,21,LAPLMG1_7_B2,LAPLMG1_7_B2,LAPLMG1_7_B2,HASP,MCE,LMP_ENE_PRC,LAPLMG1_7_B2,ALL,1,49.39165,1,15
2012-11-14T05:00:00-00:00,2012-11-14T05:15:00-00:00,2012-11-13,22,LAPLMG1_7_B2,LAPLMG1_7_B2,LAPLMG1_7_B2,HASP,MCE,LMP_ENE_PRC,LAPLMG1_7_B2,ALL,1,48.16096,1,15
2012-11-14T06:00:00-00:00,2012-11-14T06:15:00-00:00,2012-11-13,23,LAPLMG1_7_B2,LAPLMG1_7_B2,LAPLMG1_7_B2,HASP,MCE,LMP_ENE_PRC,LAPLMG1_7_B2,ALL,1,49.51949,1,15
2012-11-14T07:00:00-00:00,2012-11-14T07:15:00-00:00,2012-11-13,24,LAPLMG1_7_B2,LAPLMG1_7_B2,LAPLMG1_7_B2,HASP,MCE,LMP_ENE_PRC,LAPLMG1_7_B2,ALL,1,43.48667,1,15
2012-11-13T08:15:00-00:00,2012-11-13T08:30:00-00:00,2012-11-13,01,LAPLMG1_7_B2,LAPLMG1_7_B2,LAPLMG1_7_B2,HASP,MCE,LMP_ENE_PRC,LAPLMG1_7_B2,ALL,1,37.89966,2,15
2012-11-13T09:15:00-00:00,2012-11-13T09:30:00-00:00,2012-11-13,02,LAPLMG1_7_B2,LAPLMG1_7_B2,LAPLMG1_7_B2,HASP,MCE,LMP_ENE_PRC,LAPLMG1_7_B2,ALL,1,34.66514,2,15
2012-11-13T10:15:00-00:00,2012-11-13T10:30:00-00:00,2012-11-13,03,LAPLMG1_7_B2,LAPLMG1_7_B2,LAPLMG1_7_B2,HASP,MCE,LMP_ENE_PRC,LAPLMG1_7_B2,ALL,1,38.67517,2,15
2012-11-13T11:15:00-00:00,2012-11-13T11:30:00-00:00,2012-11-13,04,LAPLMG1_7_B2,LAPLMG1_7_B2,LAPLMG1_7_B2,HASP,MCE,LMP_ENE_PRC,LAPLMG1_7_B2,ALL,1,38.0943,2,15
2012-11-13T12:15:00-00:00,2012-11-13T12:30:00-00:00,2012-11-13,05,LAPLMG1_7_B2,LAPLMG1_7_B2,LAPLMG1_7_B2,HASP,MCE,LMP_ENE_PRC,LAPLMG1_7_B2,ALL,1,39.95467,2,15
2012-11-13T13:15:00-00:00,2012-11-13T13:30:00-00:00,2012-11-13,06,LAPLMG1_7_B2,LAPLMG1_7_B2,LAPLMG1_7_B2,HASP,MCE,LMP_ENE_PRC,LAPLMG1_7_B2,ALL,1,42.13795,2,15
2012-11-13T14:15:00-00:00,2012-11-13T14:30:00-00:00,2012-11-13,07,LAPLMG1_7_B2,LAPLMG1_7_B2,LAPLMG1_7_B2,HASP,MCE,LMP_ENE_PRC,LAPLMG1_7_B2,ALL,1,42.15866,2,15
2012-11-13T15:15:00-00:00,2012-11-13T15:30:00-00:00,2012-11-13,08,LAPLMG1_7_B2,LAPLMG1_7_B2,LAPLMG1_7_B2,HASP,MCE,LMP_ENE_PRC,LAPLMG1_7_B2,ALL,1,44.93443,2,15
2012-11-13T16:15:00-00:00,2012-11-13T16:30:00-00:00,2012-11-13,09,LAPLMG1_7_B2,LAPLMG1_7_B2,LAPLMG1_7_B2,HASP,MCE,LMP_ENE_PRC,LAPLMG1_7_B2,ALL,1,40.23942,2,15
2012-11-13T17:15:00-00:00,2012-11-13T17:30:00-00:00,2012-11-13,10,LAPLMG1_7_B2,LAPLMG1_7_B2,LAPLMG1_7_B2,HASP,MCE,LMP_ENE_PRC,LAPLMG1_7_B2,ALL,1,44.54752,2,15
2012-11-13T18:15:00-00:00,2012-11-13T18:30:00-00:00,2012-11-13,11,LAPLMG1_7_B2,LAPLMG1_7_B2,LAPLMG1_7_B2,HASP,MCE,LMP_ENE_PRC,LAPLMG1_7_B2,ALL,1,40.2758,2,15
2012-11-13T19:15:00-00:00,2012-11-13T19:30:00-00:00,2012-11-13,12,LAPLMG1_7_B2,LAPLMG1_7_B2,LAPLMG1_7_B2,HASP,MCE,LMP_ENE_PRC,LAPLMG1_7_B2,ALL,1,49.48318,2,15
2012-11-13T20:15:00-00:00,2012-11-13T20:30:00-00:00,2012-11-13,13,LAPLMG1_7_B2,LAPLMG1_7_B2,LAPLMG1_7_B2,HASP,MCE,LMP_ENE_PRC,LAPLMG1_7_B2,ALL,1,32.98759,2,15
2012-11-13T21:15:00-00:00,2012-11-13T21:30:00-00:00,2012-11-13,14,LAPLMG1_7_B2,LAPLMG1_7_B2,LAPLMG1_7_B2,HASP,MCE,LMP_ENE_PRC,LAPLMG1_7_B2,ALL,1,37.62935,2,15
2012-11-13T22:15:00-00:00,2012-11-13T22:30:00-00:00,2012-11-13,15,LAPLMG1_7_B2,LAPLMG1_7_B2,LAPLMG1_7_B2,HASP,MCE,LMP_ENE_PRC,LAPLMG1_7_B2,ALL,1,37.70028,2,15
2012-11-13T23:15:00-00:00,2012-11-13T23:30:00-00:00,2012-11-13,16,LAPLMG1_7_B2,LAPLMG1_7_B2,LAPLMG1_7_B2,HASP,MCE,LMP_ENE_PRC,LAPLMG1_7_B2,ALL,1,39.57534,2,15
2012-11-14T00:15:00-00:00,2012-11-14T00:30:00-00:00,2012-11-13,17,LAPLMG1_7_B2,LAPLMG1_7_B2,LAPLMG1_7_B2,HASP,MCE,LMP_ENE_PRC,LAPLMG1_7_B2,ALL,1,33.76799,2,15
2012-11-14T01:15:00-00:00,2012-11-14T01:30:00-00:00,2012-11-13,18,LAPLMG1_7_B2,LAPLMG1_7_B2,LAPLMG1_7_B2,HASP,MCE,LMP_ENE_PRC,LAPLMG1_7_B2,ALL,1,48.71566,2,15
2012-11-14T02:15:00-00:00,2012-11-14T02:30:00-00:00,2012-11-13,19,LAPLMG1_7_B2,LAPLMG1_7_B2,LAPLMG1_7_B2,HASP,MCE,LMP_ENE_PRC,LAPLMG1_7_B2,ALL,1,48.42032,2,15
2012-11-14T03:15:00-00:00,2012-11-14T03:30:00-00:00,2012-11-13,20,LAPLMG1_7_B2,LAPLMG1_7_B2,LAPLMG1_7_B2,HASP,MCE,LMP_ENE_PRC,LAPLMG1_7_B2,ALL,1,44.87466,2,15
2012-11-14T04:15:00-00:00,2012-11-14T04:30:00-00:00,2012-11-13,21,LAPLMG1_7_B2,LAPLMG1_7_B2,LAPLMG1_7_B2,HASP,MCE,LMP_ENE_PRC,LAPLMG1_7_B2,ALL,1,45.99628,2,15
2012-11-14T05:15:00-00:00,2012-11-14T05:30:00-00:00,2012-11-13,22,LAPLMG1_7_B2,LAPLMG1_7_B2,LAPLMG1_7_B2,HASP,MCE,LMP_ENE_PRC,LAPLMG1_7_B2,ALL,1,50.11134,2,15
2012-11-14T06:15:00-00:00,2012-11-14T06:30:00-00:00,2012-11-13,23,LAPLMG1_7_B2,LAPLMG1_7_B2,LAPLMG1_7_B2,HASP,MCE,LMP_ENE_PRC,LAPLMG1_7_B2,ALL,1,42.4732,2,15
2012-11-14T07:15:00-00:00,2012-11-14T07:30:00-00:00,2012-11-13,24,LAPLMG1_7_B2,LAPLMG1_7_B2,LAPLMG1_7_B2,HASP,MCE,LMP_ENE_PRC,LAPLMG1_7_B2,ALL,1,38.83547,2,15
2012-11-13T08:30:00-00:00,2012-11-13T08:45:00-00:00,2012-11-13,01,LAPLMG1_7_B2,LAPLMG1_7_B2,LAPLMG1_7_B2,HASP,MCE,LMP_ENE_PRC,LAPLMG1_7_B2,ALL,1,34.01508,3,15
2012-11-13T09:30:00-00:00,2012-11-13T09:45:00-00:00,2012-11-13,02,LAPLMG1_7_B2,LAPLMG1_7_B2,LAPLMG1_7_B2,HASP,MCE,LMP_ENE_PRC,LAPLMG1_7_B2,ALL,1,34.38866,3,15
2012-11-13T10:30:00-00:00,2012-11-13T10:45:00-00:00,2012-11-13,03,LAPLMG1_7_B2,LAPLMG1_7_B2,LAPLMG1_7_B2,HASP,MCE,LMP_ENE_PRC,LAPLMG1_7_B2,ALL,1,38.30758,3,15
2012-11-13T11:30:00-00:00,2012-11-13T11:45:00-00:00,2012-11-13,04,LAPLMG1_7_B2,LAPLMG1_7_B2,LAPLMG1_7_B2,HASP,MCE,LMP_ENE_PRC,LAPLMG1_7_B2,ALL,1,38.77305,3,15
2012-11-13T12:30:00-00:00,2012-11-13T12:45:00-00:00,2012-11-13,05,LAPLMG1_7_B2,LAPLMG1_7_B2,LAPLMG1_7_B2,HASP,MCE,LMP_ENE_PRC,LAPLMG1_7_B2,ALL,1,48.17062,3,15
2012-11-13T13:30:00-00:00,2012-11-13T13:45:00-00:00,2012-11-13,06,LAPLMG1_7_B2,LAPLMG1_7_B2,LAPLMG1_7_B2,HASP,MCE,LMP_ENE_PRC,LAPLMG1_7_B2,ALL,1,53.55972,3,15
2012-11-13T14:30:00-00:00,2012-11-13T14:45:00-00:00,2012-11-13,07,LAPLMG1_7_B2,LAPLMG1_7_B2,LAPLMG1_7_B2,HASP,MCE,LMP_ENE_PRC,LAPLMG1_7_B2,ALL,1,46.49639,3,15
2012-11-13T15:30:00-00:00,2012-11-13T15:45:00-00:00,2012-11-13,08,LAPLMG1_7_B2,LAPLMG1_7_B2,LAPLMG1_7_B2,HASP,MCE,LMP_ENE_PRC,LAPLMG1_7_B2,ALL,1,43.77372,3,15
2012-11-13T16:30:00-00:00,2012-11-13T16:45:00-00:00,2012-11-13,09,LAPLMG1_7_B2,LAPLMG1_7_B2,LAPLMG1_7_B2,HASP,MCE,LMP_ENE_PRC,LAPLMG1_7_B2,ALL,1,39.74605,3,15
2012-11-13T17:30:00-00:00,2012-11-13T17:45:00-00:00,2012-11-13,10,LAPLMG1_7_B2,LAPLMG1_7_B2,LAPLMG1_7_B2,HASP,MCE,LMP_ENE_PRC,LAPLMG1_7_B2,ALL,1,48.06463,3,15
2012-11-13T18:30:00-00:00,2012-11-13T18:45:00-00:00,2012-11-13,11,LAPLMG1_7_B2,LAPLMG1_7_B2,LAPLMG1_7_B2,HASP,MCE,LMP_ENE_PRC,LAPLMG1_7_B2,ALL,1,40.46042,3,15
2012-11-13T19:30:00-00:00,2012-11-13T19:45:00-00:00,2012-11-13,12,LAPLMG1_7_B2,LAPLMG1_7_B2,LAPLMG1_7_B2,HASP,MCE,LMP_ENE_PRC,LAPLMG1_7_B2,ALL,1,49.47214,3,15
2012-11-13T20:30:00-00:00,2012-11-13T20:45:00-00:00,2012-11-13,13,LAPLMG1_7_B2,LAPLMG1_7_B2,LAPLMG1_7_B2,HASP,MCE,LMP_ENE_PRC,LAPLMG1_7_B2,ALL,1,32.07817,3,15
2012-11-13T21:30:00-00:00,2012-11-13T21:45:00-00:00,2012-11-13,14,LAPLMG1_7_B2,LAPLMG1_7_B2,LAPLMG1_7_B2,HASP,MCE,LMP_ENE_PRC,LAPLMG1_7_B2,ALL,1,37.26715,3,15
2012-11-13T22:30:00-00:00,2012-11-13T22:45:00-00:00,2012-11-13,15,LAPLMG1_7_B2,LAPLMG1_7_B2,LAPLMG1_7_B2,HASP,MCE,LMP_ENE_PRC,LAPLMG1_7_B2,ALL,1,36.66251,3,15
2012-11-13T23:30:00-00:00,2012-11-13T23:45:00-00:00,2012-11-13,16,LAPLMG1_7_B2,LAPLMG1_7_B2,LAPLMG1_7_B2,HASP,MCE,LMP_ENE_PRC,LAPLMG1_7_B2,ALL,1,40.50434,3,15
2012-11-14T00:30:00-00:00,2012-11-14T00:45:00-00:00,2012-11-13,17,LAPLMG1_7_B2,LAPLMG1_7_B2,LAPLMG1_7_B2,HASP,MCE,LMP_ENE_PRC,LAPLMG1_7_B2,ALL,1,39.75491,3,15
2012-11-14T01:30:00-00:00,2012-11-14T01:45:00-00:00,2012-11-13,18,LAPLMG1_7_B2,LAPLMG1_7_B2,LAPLMG1_7_B2,HASP,MCE,LMP_ENE_PRC,LAPLMG1_7_B2,ALL,1,48.83675,3,15
2012-11-14T02:30:00-00:00,2012-11-14T02:45:00-00:00,2012-11-13,19,LAPLMG1_7_B2,LAPLMG1_7_B2,LAPLMG1_7_B2,HASP,MCE,LMP_ENE_PRC,LAPLMG1_7_B2,ALL,1,46.93455,3,15
2012-11-14T03:30:00-00:00,2012-11-14T03:45:00-00:00,2012-11-13,20,LAPLMG1_7_B2,LAPLMG1_7_B2,LAPLMG1_7_B2,HASP,MCE,LMP_ENE_PRC,LAPLMG1_7_B2,ALL,1,43.72482,3,15
2012-11-14T04:30:00-00:00,2012-11-14T04:45:00-00:00,2012-11-13,21,LAPLMG1_7_B2,LAPLMG1_7_B2,LAPLMG1_7_B2,HASP,MCE,LMP_ENE_PRC,LAPLMG1_7_B2,ALL,1,46.21689,3,15
2012-11-14T05:30:00-00:00,2012-11-14T05:45:00-00:00,2012-11-13,22,LAPLMG1_7_B2,LAPLMG1_7_B2,LAPLMG1_7_B2,HASP,MCE,LMP_ENE_PRC,LAPLMG1_7_B2,ALL,1,43.59097,3,15
2012-11-14T06:30:00-00:00,2012-11-14T06:45:00-00:00,2012-11-13,23,LAPLMG1_7_B2,LAPLMG1_7_B2,LAPLMG1_7_B2,HASP,MCE,LMP_ENE_PRC,LAPLMG1_7_B2,ALL,1,36.13442,3,15
2012-11-14T07:30:00-00:00,2012-11-14T07:45:00-00:00,2012-11-13,24,LAPLMG1_7_B2,LAPLMG1_7_B2,LAPLMG1_7_B2,HASP,MCE,LMP_ENE_PRC,LAPLMG1_7_B2,ALL,1,35.81812,3,15
2012-11-13T08:45:00-00:00,2012-11-13T09:00:00-00:00,2012-11-13,01,LAPLMG1_7_B2,LAPLMG1_7_B2,LAPLMG1_7_B2,HASP,MCE,LMP_ENE_PRC,LAPLMG1_7_B2,ALL,1,33.55422,4,15
2012-11-13T09:45:00-00:00,2012-11-13T10:00:00-00:00,2012-11-13,02,LAPLMG1_7_B2,LAPLMG1_7_B2,LAPLMG1_7_B2,HASP,MCE,LMP_ENE_PRC,LAPLMG1_7_B2,ALL,1,34.08883,4,15
2012-11-13T10:45:00-00:00,2012-11-13T11:00:00-00:00,2012-11-13,03,LAPLMG1_7_B2,LAPLMG1_7_B2,LAPLMG1_7_B2,HASP,MCE,LMP_ENE_PRC,LAPLMG1_7_B2,ALL,1,38.27806,4,15
2012-11-13T11:45:00-00:00,2012-11-13T12:00:00-00:00,2012-11-13,04,LAPLMG1_7_B2,LAPLMG1_7_B2,LAPLMG1_7_B2,HASP,MCE,LMP_ENE_PRC,LAPLMG1_7_B2,ALL,1,38.76639,4,15
2012-11-13T12:45:00-00:00,2012-11-13T13:00:00-00:00,2012-11-13,05,LAPLMG1_7_B2,LAPLMG1_7_B2,LAPLMG1_7_B2,HASP,MCE,LMP_ENE_PRC,LAPLMG1_7_B2,ALL,1,53.36674,4,15
2012-11-13T13:45:00-00:00,2012-11-13T14:00:00-00:00,2012-11-13,06,LAPLMG1_7_B2,LAPLMG1_7_B2,LAPLMG1_7_B2,HASP,MCE,LMP_ENE_PRC,LAPLMG1_7_B2,ALL,1,65.63898,4,15
2012-11-13T14:45:00-00:00,2012-11-13T15:00:00-00:00,2012-11-13,07,LAPLMG1_7_B2,LAPLMG1_7_B2,LAPLMG1_7_B2,HASP,MCE,LMP_ENE_PRC,LAPLMG1_7_B2,ALL,1,111.34486,4,15
2012-11-13T15:45:00-00:00,2012-11-13T16:00:00-00:00,2012-11-13,08,LAPLMG1_7_B2,LAPLMG1_7_B2,LAPLMG1_7_B2,HASP,MCE,LMP_ENE_PRC,LAPLMG1_7_B2,ALL,1,44.3449,4,15
2012-11-13T16:45:00-00:00,2012-11-13T17:00:00-00:00,2012-11-13,09,LAPLMG1_7_B2,LAPLMG1_7_B2,LAPLMG1_7_B2,HASP,MCE,LMP_ENE_PRC,LAPLMG1_7_B2,ALL,1,39.89921,4,15
2012-11-13T17:45:00-00:00,2012-11-13T18:00:00-00:00,2012-11-13,10,LAPLMG1_7_B2,LAPLMG1_7_B2,LAPLMG1_7_B2,HASP,MCE,LMP_ENE_PRC,LAPLMG1_7_B2,ALL,1,50.22729,4,15
2012-11-13T18:45:00-00:00,2012-11-13T19:00:00-00:00,2012-11-13,11,LAPLMG1_7_B2,LAPLMG1_7_B2,LAPLMG1_7_B2,HASP,MCE,LMP_ENE_PRC,LAPLMG1_7_B2,ALL,1,40.62003,4,15
2012-11-13T19:45:00-00:00,2012-11-13T20:00:00-00:00,2012-11-13,12,LAPLMG1_7_B2,LAPLMG1_7_B2,LAPLMG1_7_B2,HASP,MCE,LMP_ENE_PRC,LAPLMG1_7_B2,ALL,1,48.24182,4,15
2012-11-13T20:45:00-00:00,2012-11-13T21:00:00-00:00,2012-11-13,13,LAPLMG1_7_B2,LAPLMG1_7_B2,LAPLMG1_7_B2,HASP,MCE,LMP_ENE_PRC,LAPLMG1_7_B2,ALL,1,32.08601,4,15
2012-11-13T21:45:00-00:00,2012-11-13T22:00:00-00:00,2012-11-13,14,LAPLMG1_7_B2,LAPLMG1_7_B2,LAPLMG1_7_B2,HASP,MCE,LMP_ENE_PRC,LAPLMG1_7_B2,ALL,1,36.63963,4,15
2012-11-13T22:45:00-00:00,2012-11-13T23:00:00-00:00,2012-11-13,15,LAPLMG1_7_B2,LAPLMG1_7_B2,LAPLMG1_7_B2,HASP,MCE,LMP_ENE_PRC,LAPLMG1_7_B2,ALL,1,35.07766,4,15
2012-11-13T23:45:00-00:00,2012-11-14T00:00:00-00:00,2012-11-13,16,LAPLMG1_7_B2,LAPLMG1_7_B2,LAPLMG1_7_B2,HASP,MCE,LMP_ENE_PRC,LAPLMG1_7_B2,ALL,1,40.50858,4,15
2012-11-14T00:45:00-00:00,2012-11-14T01:00:00-00:00,2012-11-13,17,LAPLMG1_7_B2,LAPLMG1_7_B2,LAPLMG1_7_B2,HASP,MCE,LMP_ENE_PRC,LAPLMG1_7_B2,ALL,1,50.71584,4,15
2012-11-14T01:45:00-00:00,2012-11-14T02:00:00-00:00,2012-11-13,18,LAPLMG1_7_B2,LAPLMG1_7_B2,LAPLMG1_7_B2,HASP,MCE,LMP_ENE_PRC,LAPLMG1_7_B2,ALL,1,48.17467,4,15
2012-11-14T02:45:00-00:00,2012-11-14T03:00:00-00:00,2012-11-13,19,LAPLMG1_7_B2,LAPLMG1_7_B2,LAPLMG1_7_B2,HASP,MCE,LMP_ENE_PRC,LAPLMG1_7_B2,ALL,1,46.75815,4,15
2012-11-14T03:45:00-00:00,2012-11-14T04:00:00-00:00,2012-11-13,20,LAPLMG1_7_B2,LAPLMG1_7_B2,LAPLMG1_7_B2,HASP,MCE,LMP_ENE_PRC,LAPLMG1_7_B2,ALL,1,39.3382,4,15
2012-11-14T04:45:00-00:00,2012-11-14T05:00:00-00:00,2012-11-13,21,LAPLMG1_7_B2,LAPLMG1_7_B2,LAPLMG1_7_B2,HASP,MCE,LMP_ENE_PRC,LAPLMG1_7_B2,ALL,1,36.66428,4,15
2012-11-14T05:45:00-00:00,2012-11-14T06:00:00-00:00,2012-11-13,22,LAPLMG1_7_B2,LAPLMG1_7_B2,LAPLMG1_7_B2,HASP,MCE,LMP_ENE_PRC,LAPLMG1_7_B2,ALL,1,31.45334,4,15
2012-11-14T06:45:00-00:00,2012-11-14T07:00:00-00:00,2012-11-13,23,LAPLMG1_7_B2,LAPLMG1_7_B2,LAPLMG1_7_B2,HASP,MCE,LMP_ENE_PRC,LAPLMG1_7_B2,ALL,1,28.4208,4,15
2012-11-14T07:45:00-00:00,2012-11-14T08:00:00-00:00,2012-11-13,24,LAPLMG1_7_B2,LAPLMG1_7_B2,LAPLMG1_7_B2,HASP,MCE,LMP_ENE_PRC,LAPLMG1_7_B2,ALL,1,28.52965,4,15
2012-11-13T08:00:00-00:00,2012-11-13T08:15:00-00:00,2012-11-13,01,LAPLMG1_7_B2,LAPLMG1_7_B2,LAPLMG1_7_B2,HASP,MCL,LMP_LOSS_PRC,LAPLMG1_7_B2,ALL,1,-1.50206,1,16
2012-11-13T09:00:00-00:00,2012-11-13T09:15:00-00:00,2012-11-13,02,LAPLMG1_7_B2,LAPLMG1_7_B2,LAPLMG1_7_B2,HASP,MCL,LMP_LOSS_PRC,LAPLMG1_7_B2,ALL,1,-1.09371,1,16
2012-11-13T10:00:00-00:00,2012-11-13T10:15:00-00:00,2012-11-13,03,LAPLMG1_7_B2,LAPLMG1_7_B2,LAPLMG1_7_B2,HASP,MCL,LMP_LOSS_PRC,LAPLMG1_7_B2,ALL,1,-1.22567,1,16
2012-11-13T11:00:00-00:00,2012-11-13T11:15:00-00:00,2012-11-13,04,LAPLMG1_7_B2,LAPLMG1_7_B2,LAPLMG1_7_B2,HASP,MCL,LMP_LOSS_PRC,LAPLMG1_7_B2,ALL,1,-1.19241,1,16
2012-11-13T12:00:00-00:00,2012-11-13T12:15:00-00:00,2012-11-13,05,LAPLMG1_7_B2,LAPLMG1_7_B2,LAPLMG1_7_B2,HASP,MCL,LMP_LOSS_PRC,LAPLMG1_7_B2,ALL,1,-1.24989,1,16
2012-11-13T13:00:00-00:00,2012-11-13T13:15:00-00:00,2012-11-13,06,LAPLMG1_7_B2,LAPLMG1_7_B2,LAPLMG1_7_B2,HASP,MCL,LMP_LOSS_PRC,LAPLMG1_7_B2,ALL,1,-1.29399,1,16
2012-11-13T14:00:00-00:00,2012-11-13T14:15:00-00:00,2012-11-13,07,LAPLMG1_7_B2,LAPLMG1_7_B2,LAPLMG1_7_B2,HASP,MCL,LMP_LOSS_PRC,LAPLMG1_7_B2,ALL,1,-1.57141,1,16
2012-11-13T15:00:00-00:00,2012-11-13T15:15:00-00:00,2012-11-13,08,LAPLMG1_7_B2,LAPLMG1_7_B2,LAPLMG1_7_B2,HASP,MCL,LMP_LOSS_PRC,LAPLMG1_7_B2,ALL,1,-2.19188,1,16
2012-11-13T16:00:00-00:00,2012-11-13T16:15:00-00:00,2012-11-13,09,LAPLMG1_7_B2,LAPLMG1_7_B2,LAPLMG1_7_B2,HASP,MCL,LMP_LOSS_PRC,LAPLMG1_7_B2,ALL,1,-1.69817,1,16
2012-11-13T17:00:00-00:00,2012-11-13T17:15:00-00:00,2012-11-13,10,LAPLMG1_7_B2,LAPLMG1_7_B2,LAPLMG1_7_B2,HASP,MCL,LMP_LOSS_PRC,LAPLMG1_7_B2,ALL,1,-2.11038,1,16
2012-11-13T18:00:00-00:00,2012-11-13T18:15:00-00:00,2012-11-13,11,LAPLMG1_7_B2,LAPLMG1_7_B2,LAPLMG1_7_B2,HASP,MCL,LMP_LOSS_PRC,LAPLMG1_7_B2,ALL,1,-1.8313,1,16
2012-11-13T19:00:00-00:00,2012-11-13T19:15:00-00:00,2012-11-13,12,LAPLMG1_7_B2,LAPLMG1_7_B2,LAPLMG1_7_B2,HASP,MCL,LMP_LOSS_PRC,LAPLMG1_7_B2,ALL,1,-2.41888,1,16
2012-11-13T20:00:00-00:00,2012-11-13T20:15:00-00:00,2012-11-13,13,LAPLMG1_7_B2,LAPLMG1_7_B2,LAPLMG1_7_B2,HASP,MCL,LMP_LOSS_PRC,LAPLMG1_7_B2,ALL,1,-1.67829,1,16
2012-11-13T21:00:00-00:00,2012-11-13T21:15:00-00:00,2012-11-13,14,LAPLMG1_7_B2,LAPLMG1_7_B2,LAPLMG1_7_B2,HASP,MCL,LMP_LOSS_PRC,LAPLMG1_7_B2,ALL,1,-1.98969,1,16
2012-11-13T22:00:00-00:00,2012-11-13T22:15:00-00:00,2012-11-13,15,LAPLMG1_7_B2,LAPLMG1_7_B2,LAPLMG1_7_B2,HASP,MCL,LMP_LOSS_PRC,LAPLMG1_7_B2,ALL,1,-1.99496,1,16
2012-11-13T23:00:00-00:00,2012-11-13T23:15:00-00:00,2012-11-13,16,LAPLMG1_7_B2,LAPLMG1_7_B2,LAPLMG1_7_B2,HASP,MCL,LMP_LOSS_PRC,LAPLMG1_7_B2,ALL,1,-2.03527,1,16
2012-11-14T00:00:00-00:00,2012-11-14T00:15:00-00:00,2012-11-13,17,LAPLMG1_7_B2,LAPLMG1_7_B2,LAPLMG1_7_B2,HASP,MCL,LMP_LOSS_PRC,LAPLMG1_7_B2,ALL,1,-1.56926,1,16
2012-11-14T01:00:00-00:00,2012-11-14T01:15:00-00:00,2012-11-13,18,LAPLMG1_7_B2,LAPLMG1_7_B2,LAPLMG1_7_B2,HASP,MCL,LMP_LOSS_PRC,LAPLMG1_7_B2,ALL,1,-2.20446,1,16
2012-11-14T02:00:00-00:00,2012-11-14T02:15:00-00:00,2012-11-13,19,LAPLMG1_7_B2,LAPLMG1_7_B2,LAPLMG1_7_B2,HASP,MCL,LMP_LOSS_PRC,LAPLMG1_7_B2,ALL,1,-2.64831,1,16
2012-11-14T03:00:00-00:00,2012-11-14T03:15:00-00:00,2012-11-13,20,LAPLMG1_7_B2,LAPLMG1_7_B2,LAPLMG1_7_B2,HASP,MCL,LMP_LOSS_PRC,LAPLMG1_7_B2,ALL,1,-2.41035,1,16
2012-11-14T04:00:00-00:00,2012-11-14T04:15:00-00:00,2012-11-13,21,LAPLMG1_7_B2,LAPLMG1_7_B2,LAPLMG1_7_B2,HASP,MCL,LMP_LOSS_PRC,LAPLMG1_7_B2,ALL,1,-2.49428,1,16
2012-11-14T05:00:00-00:00,2012-11-14T05:15:00-00:00,2012-11-13,22,LAPLMG1_7_B2,LAPLMG1_7_B2,LAPLMG1_7_B2,HASP,MCL,LMP_LOSS_PRC,LAPLMG1_7_B2,ALL,1,-2.29728,1,16
2012-11-14T06:00:00-00:00,2012-11-14T06:15:00-00:00,2012-11-13,23,LAPLMG1_7_B2,LAPLMG1_7_B2,LAPLMG1_7_B2,HASP,MCL,LMP_LOSS_PRC,LAPLMG1_7_B2,ALL,1,-2.23828,1,16
2012-11-14T07:00:00-00:00,2012-11-14T07:15:00-00:00,2012-11-13,24,LAPLMG1_7_B2,LAPLMG1_7_B2,LAPLMG1_7_B2,HASP,MCL,LMP_LOSS_PRC,LAPLMG1_7_B2,ALL,1,-1.83949,1,16
2012-11-13T08:15:00-00:00,2012-11-13T08:30:00-00:00,2012-11-13,01,LAPLMG1_7_B2,LAPLMG1_7_B2,LAPLMG1_7_B2,HASP,MCL,LMP_LOSS_PRC,LAPLMG1_7_B2,ALL,1,-1.20521,2,16
2012-11-13T09:15:00-00:00,2012-11-13T09:30:00-00:00,2012-11-13,02,LAPLMG1_7_B2,LAPLMG1_7_B2,LAPLMG1_7_B2,HASP,MCL,LMP_LOSS_PRC,LAPLMG1_7_B2,ALL,1,-1.05035,2,16
2012-11-13T10:15:00-00:00,2012-11-13T10:30:00-00:00,2012-11-13,03,LAPLMG1_7_B2,LAPLMG1_7_B2,LAPLMG1_7_B2,HASP,MCL,LMP_LOSS_PRC,LAPLMG1_7_B2,ALL,1,-1.2144,2,16
2012-11-13T11:15:00-00:00,2012-11-13T11:30:00-00:00,2012-11-13,04,LAPLMG1_7_B2,LAPLMG1_7_B2,LAPLMG1_7_B2,HASP,MCL,LMP_LOSS_PRC,LAPLMG1_7_B2,ALL,1,-1.19235,2,16
2012-11-13T12:15:00-00:00,2012-11-13T12:30:00-00:00,2012-11-13,05,LAPLMG1_7_B2,LAPLMG1_7_B2,LAPLMG1_7_B2,HASP,MCL,LMP_LOSS_PRC,LAPLMG1_7_B2,ALL,1,-1.29453,2,16
2012-11-13T13:15:00-00:00,2012-11-13T13:30:00-00:00,2012-11-13,06,LAPLMG1_7_B2,LAPLMG1_7_B2,LAPLMG1_7_B2,HASP,MCL,LMP_LOSS_PRC,LAPLMG1_7_B2,ALL,1,-1.56753,2,16
2012-11-13T14:15:00-00:00,2012-11-13T14:30:00-00:00,2012-11-13,07,LAPLMG1_7_B2,LAPLMG1_7_B2,LAPLMG1_7_B2,HASP,MCL,LMP_LOSS_PRC,LAPLMG1_7_B2,ALL,1,-1.70743,2,16
2012-11-13T15:15:00-00:00,2012-11-13T15:30:00-00:00,2012-11-13,08,LAPLMG1_7_B2,LAPLMG1_7_B2,LAPLMG1_7_B2,HASP,MCL,LMP_LOSS_PRC,LAPLMG1_7_B2,ALL,1,-2.06698,2,16
2012-11-13T16:15:00-00:00,2012-11-13T16:30:00-00:00,2012-11-13,09,LAPLMG1_7_B2,LAPLMG1_7_B2,LAPLMG1_7_B2,HASP,MCL,LMP_LOSS_PRC,LAPLMG1_7_B2,ALL,1,-1.85101,2,16
2012-11-13T17:15:00-00:00,2012-11-13T17:30:00-00:00,2012-11-13,10,LAPLMG1_7_B2,LAPLMG1_7_B2,LAPLMG1_7_B2,HASP,MCL,LMP_LOSS_PRC,LAPLMG1_7_B2,ALL,1,-2.13383,2,16
2012-11-13T18:15:00-00:00,2012-11-13T18:30:00-00:00,2012-11-13,11,LAPLMG1_7_B2,LAPLMG1_7_B2,LAPLMG1_7_B2,HASP,MCL,LMP_LOSS_PRC,LAPLMG1_7_B2,ALL,1,-1.88893,2,16
2012-11-13T19:15:00-00:00,2012-11-13T19:30:00-00:00,2012-11-13,12,LAPLMG1_7_B2,LAPLMG1_7_B2,LAPLMG1_7_B2,HASP,MCL,LMP_LOSS_PRC,LAPLMG1_7_B2,ALL,1,-2.39499,2,16
2012-11-13T20:15:00-00:00,2012-11-13T20:30:00-00:00,2012-11-13,13,LAPLMG1_7_B2,LAPLMG1_7_B2,LAPLMG1_7_B2,HASP,MCL,LMP_LOSS_PRC,LAPLMG1_7_B2,ALL,1,-1.56031,2,16
2012-11-13T21:15:00-00:00,2012-11-13T21:30:00-00:00,2012-11-13,14,LAPLMG1_7_B2,LAPLMG1_7_B2,LAPLMG1_7_B2,HASP,MCL,LMP_LOSS_PRC,LAPLMG1_7_B2,ALL,1,-1.82502,2,16
2012-11-13T22:15:00-00:00,2012-11-13T22:30:00-00:00,2012-11-13,15,LAPLMG1_7_B2,LAPLMG1_7_B2,LAPLMG1_7_B2,HASP,MCL,LMP_LOSS_PRC,LAPLMG1_7_B2,ALL,1,-1.836,2,16
2012-11-13T23:15:00-00:00,2012-11-13T23:30:00-00:00,2012-11-13,16,LAPLMG1_7_B2,LAPLMG1_7_B2,LAPLMG1_7_B2,HASP,MCL,LMP_LOSS_PRC,LAPLMG1_7_B2,ALL,1,-1.89566,2,16
2012-11-14T00:15:00-00:00,2012-11-14T00:30:00-00:00,2012-11-13,17,LAPLMG1_7_B2,LAPLMG1_7_B2,LAPLMG1_7_B2,HASP,MCL,LMP_LOSS_PRC,LAPLMG1_7_B2,ALL,1,-1.59385,2,16
2012-11-14T01:15:00-00:00,2012-11-14T01:30:00-00:00,2012-11-13,18,LAPLMG1_7_B2,LAPLMG1_7_B2,LAPLMG1_7_B2,HASP,MCL,LMP_LOSS_PRC,LAPLMG1_7_B2,ALL,1,-2.49424,2,16
2012-11-14T02:15:00-00:00,2012-11-14T02:30:00-00:00,2012-11-13,19,LAPLMG1_7_B2,LAPLMG1_7_B2,LAPLMG1_7_B2,HASP,MCL,LMP_LOSS_PRC,LAPLMG1_7_B2,ALL,1,-2.54207,2,16
2012-11-14T03:15:00-00:00,2012-11-14T03:30:00-00:00,2012-11-13,20,LAPLMG1_7_B2,LAPLMG1_7_B2,LAPLMG1_7_B2,HASP,MCL,LMP_LOSS_PRC,LAPLMG1_7_B2,ALL,1,-2.27515,2,16
2012-11-14T04:15:00-00:00,2012-11-14T04:30:00-00:00,2012-11-13,21,LAPLMG1_7_B2,LAPLMG1_7_B2,LAPLMG1_7_B2,HASP,MCL,LMP_LOSS_PRC,LAPLMG1_7_B2,ALL,1,-2.32281,2,16
2012-11-14T05:15:00-00:00,2012-11-14T05:30:00-00:00,2012-11-13,22,LAPLMG1_7_B2,LAPLMG1_7_B2,LAPLMG1_7_B2,HASP,MCL,LMP_LOSS_PRC,LAPLMG1_7_B2,ALL,1,-2.44042,2,16
2012-11-14T06:15:00-00:00,2012-11-14T06:30:00-00:00,2012-11-13,23,LAPLMG1_7_B2,LAPLMG1_7_B2,LAPLMG1_7_B2,HASP,MCL,LMP_LOSS_PRC,LAPLMG1_7_B2,ALL,1,-1.91554,2,16
2012-11-14T07:15:00-00:00,2012-11-14T07:30:00-00:00,2012-11-13,24,LAPLMG1_7_B2,LAPLMG1_7_B2,LAPLMG1_7_B2,HASP,MCL,LMP_LOSS_PRC,LAPLMG1_7_B2,ALL,1,-1.63497,2,16
2012-11-13T08:30:00-00:00,2012-11-13T08:45:00-00:00,2012-11-13,01,LAPLMG1_7_B2,LAPLMG1_7_B2,LAPLMG1_7_B2,HASP,MCL,LMP_LOSS_PRC,LAPLMG1_7_B2,ALL,1,-1.02726,3,16
2012-11-13T09:30:00-00:00,2012-11-13T09:45:00-00:00,2012-11-13,02,LAPLMG1_7_B2,LAPLMG1_7_B2,LAPLMG1_7_B2,HASP,MCL,LMP_LOSS_PRC,LAPLMG1_7_B2,ALL,1,-1.01103,3,16
2012-11-13T10:30:00-00:00,2012-11-13T10:45:00-00:00,2012-11-13,03,LAPLMG1_7_B2,LAPLMG1_7_B2,LAPLMG1_7_B2,HASP,MCL,LMP_LOSS_PRC,LAPLMG1_7_B2,ALL,1,-1.20669,3,16
2012-11-13T11:30:00-00:00,2012-11-13T11:45:00-00:00,2012-11-13,04,LAPLMG1_7_B2,LAPLMG1_7_B2,LAPLMG1_7_B2,HASP,MCL,LMP_LOSS_PRC,LAPLMG1_7_B2,ALL,1,-1.21747,3,16
2012-11-13T12:30:00-00:00,2012-11-13T12:45:00-00:00,2012-11-13,05,LAPLMG1_7_B2,LAPLMG1_7_B2,LAPLMG1_7_B2,HASP,MCL,LMP_LOSS_PRC,LAPLMG1_7_B2,ALL,1,-1.54146,3,16
2012-11-13T13:30:00-00:00,2012-11-13T13:45:00-00:00,2012-11-13,06,LAPLMG1_7_B2,LAPLMG1_7_B2,LAPLMG1_7_B2,HASP,MCL,LMP_LOSS_PRC,LAPLMG1_7_B2,ALL,1,-2.04598,3,16
2012-11-13T14:30:00-00:00,2012-11-13T14:45:00-00:00,2012-11-13,07,LAPLMG1_7_B2,LAPLMG1_7_B2,LAPLMG1_7_B2,HASP,MCL,LMP_LOSS_PRC,LAPLMG1_7_B2,ALL,1,-1.8831,3,16
2012-11-13T15:30:00-00:00,2012-11-13T15:45:00-00:00,2012-11-13,08,LAPLMG1_7_B2,LAPLMG1_7_B2,LAPLMG1_7_B2,HASP,MCL,LMP_LOSS_PRC,LAPLMG1_7_B2,ALL,1,-2.17118,3,16
2012-11-13T16:30:00-00:00,2012-11-13T16:45:00-00:00,2012-11-13,09,LAPLMG1_7_B2,LAPLMG1_7_B2,LAPLMG1_7_B2,HASP,MCL,LMP_LOSS_PRC,LAPLMG1_7_B2,ALL,1,-1.82434,3,16
2012-11-13T17:30:00-00:00,2012-11-13T17:45:00-00:00,2012-11-13,10,LAPLMG1_7_B2,LAPLMG1_7_B2,LAPLMG1_7_B2,HASP,MCL,LMP_LOSS_PRC,LAPLMG1_7_B2,ALL,1,-2.29268,3,16
2012-11-13T18:30:00-00:00,2012-11-13T18:45:00-00:00,2012-11-13,11,LAPLMG1_7_B2,LAPLMG1_7_B2,LAPLMG1_7_B2,HASP,MCL,LMP_LOSS_PRC,LAPLMG1_7_B2,ALL,1,-1.91782,3,16
2012-11-13T19:30:00-00:00,2012-11-13T19:45:00-00:00,2012-11-13,12,LAPLMG1_7_B2,LAPLMG1_7_B2,LAPLMG1_7_B2,HASP,MCL,LMP_LOSS_PRC,LAPLMG1_7_B2,ALL,1,-2.3895,3,16
2012-11-13T20:30:00-00:00,2012-11-13T20:45:00-00:00,2012-11-13,13,LAPLMG1_7_B2,LAPLMG1_7_B2,LAPLMG1_7_B2,HASP,MCL,LMP_LOSS_PRC,LAPLMG1_7_B2,ALL,1,-1.5173,3,16
2012-11-13T21:30:00-00:00,2012-11-13T21:45:00-00:00,2012-11-13,14,LAPLMG1_7_B2,LAPLMG1_7_B2,LAPLMG1_7_B2,HASP,MCL,LMP_LOSS_PRC,LAPLMG1_7_B2,ALL,1,-1.7851,3,16
2012-11-13T22:30:00-00:00,2012-11-13T22:45:00-00:00,2012-11-13,15,LAPLMG1_7_B2,LAPLMG1_7_B2,LAPLMG1_7_B2,HASP,MCL,LMP_LOSS_PRC,LAPLMG1_7_B2,ALL,1,-1.77447,3,16
2012-11-13T23:30:00-00:00,2012-11-13T23:45:00-00:00,2012-11-13,16,LAPLMG1_7_B2,LAPLMG1_7_B2,LAPLMG1_7_B2,HASP,MCL,LMP_LOSS_PRC,LAPLMG1_7_B2,ALL,1,-1.95231,3,16
2012-11-14T00:30:00-00:00,2012-11-14T00:45:00-00:00,2012-11-13,17,LAPLMG1_7_B2,LAPLMG1_7_B2,LAPLMG1_7_B2,HASP,MCL,LMP_LOSS_PRC,LAPLMG1_7_B2,ALL,1,-1.94799,3,16
2012-11-14T01:30:00-00:00,2012-11-14T01:45:00-00:00,2012-11-13,18,LAPLMG1_7_B2,LAPLMG1_7_B2,LAPLMG1_7_B2,HASP,MCL,LMP_LOSS_PRC,LAPLMG1_7_B2,ALL,1,-2.51021,3,16
2012-11-14T02:30:00-00:00,2012-11-14T02:45:00-00:00,2012-11-13,19,LAPLMG1_7_B2,LAPLMG1_7_B2,LAPLMG1_7_B2,HASP,MCL,LMP_LOSS_PRC,LAPLMG1_7_B2,ALL,1,-2.47345,3,16
2012-11-14T03:30:00-00:00,2012-11-14T03:45:00-00:00,2012-11-13,20,LAPLMG1_7_B2,LAPLMG1_7_B2,LAPLMG1_7_B2,HASP,MCL,LMP_LOSS_PRC,LAPLMG1_7_B2,ALL,1,-2.22122,3,16
2012-11-14T04:30:00-00:00,2012-11-14T04:45:00-00:00,2012-11-13,21,LAPLMG1_7_B2,LAPLMG1_7_B2,LAPLMG1_7_B2,HASP,MCL,LMP_LOSS_PRC,LAPLMG1_7_B2,ALL,1,-2.32009,3,16
2012-11-14T05:30:00-00:00,2012-11-14T05:45:00-00:00,2012-11-13,22,LAPLMG1_7_B2,LAPLMG1_7_B2,LAPLMG1_7_B2,HASP,MCL,LMP_LOSS_PRC,LAPLMG1_7_B2,ALL,1,-2.1098,3,16
2012-11-14T06:30:00-00:00,2012-11-14T06:45:00-00:00,2012-11-13,23,LAPLMG1_7_B2,LAPLMG1_7_B2,LAPLMG1_7_B2,HASP,MCL,LMP_LOSS_PRC,LAPLMG1_7_B2,ALL,1,-1.56101,3,16
2012-11-14T07:30:00-00:00,2012-11-14T07:45:00-00:00,2012-11-13,24,LAPLMG1_7_B2,LAPLMG1_7_B2,LAPLMG1_7_B2,HASP,MCL,LMP_LOSS_PRC,LAPLMG1_7_B2,ALL,1,-1.42198,3,16
2012-11-13T08:45:00-00:00,2012-11-13T09:00:00-00:00,2012-11-13,01,LAPLMG1_7_B2,LAPLMG1_7_B2,LAPLMG1_7_B2,HASP,MCL,LMP_LOSS_PRC,LAPLMG1_7_B2,ALL,1,-1.07709,4,16
2012-11-13T09:45:00-00:00,2012-11-13T10:00:00-00:00,2012-11-13,02,LAPLMG1_7_B2,LAPLMG1_7_B2,LAPLMG1_7_B2,HASP,MCL,LMP_LOSS_PRC,LAPLMG1_7_B2,ALL,1,-0.98517,4,16
2012-11-13T10:45:00-00:00,2012-11-13T11:00:00-00:00,2012-11-13,03,LAPLMG1_7_B2,LAPLMG1_7_B2,LAPLMG1_7_B2,HASP,MCL,LMP_LOSS_PRC,LAPLMG1_7_B2,ALL,1,-1.20576,4,16
2012-11-13T11:45:00-00:00,2012-11-13T12:00:00-00:00,2012-11-13,04,LAPLMG1_7_B2,LAPLMG1_7_B2,LAPLMG1_7_B2,HASP,MCL,LMP_LOSS_PRC,LAPLMG1_7_B2,ALL,1,-1.21726,4,16
2012-11-13T12:45:00-00:00,2012-11-13T13:00:00-00:00,2012-11-13,05,LAPLMG1_7_B2,LAPLMG1_7_B2,LAPLMG1_7_B2,HASP,MCL,LMP_LOSS_PRC,LAPLMG1_7_B2,ALL,1,-1.72375,4,16
2012-11-13T13:45:00-00:00,2012-11-13T14:00:00-00:00,2012-11-13,06,LAPLMG1_7_B2,LAPLMG1_7_B2,LAPLMG1_7_B2,HASP,MCL,LMP_LOSS_PRC,LAPLMG1_7_B2,ALL,1,-2.49428,4,16
2012-11-13T14:45:00-00:00,2012-11-13T15:00:00-00:00,2012-11-13,07,LAPLMG1_7_B2,LAPLMG1_7_B2,LAPLMG1_7_B2,HASP,MCL,LMP_LOSS_PRC,LAPLMG1_7_B2,ALL,1,-4.54287,4,16
2012-11-13T15:45:00-00:00,2012-11-13T16:00:00-00:00,2012-11-13,08,LAPLMG1_7_B2,LAPLMG1_7_B2,LAPLMG1_7_B2,HASP,MCL,LMP_LOSS_PRC,LAPLMG1_7_B2,ALL,1,-2.20394,4,16
2012-11-13T16:45:00-00:00,2012-11-13T17:00:00-00:00,2012-11-13,09,LAPLMG1_7_B2,LAPLMG1_7_B2,LAPLMG1_7_B2,HASP,MCL,LMP_LOSS_PRC,LAPLMG1_7_B2,ALL,1,-1.83137,4,16
2012-11-13T17:45:00-00:00,2012-11-13T18:00:00-00:00,2012-11-13,10,LAPLMG1_7_B2,LAPLMG1_7_B2,LAPLMG1_7_B2,HASP,MCL,LMP_LOSS_PRC,LAPLMG1_7_B2,ALL,1,-2.39584,4,16
2012-11-13T18:45:00-00:00,2012-11-13T19:00:00-00:00,2012-11-13,11,LAPLMG1_7_B2,LAPLMG1_7_B2,LAPLMG1_7_B2,HASP,MCL,LMP_LOSS_PRC,LAPLMG1_7_B2,ALL,1,-1.9132,4,16
2012-11-13T19:45:00-00:00,2012-11-13T20:00:00-00:00,2012-11-13,12,LAPLMG1_7_B2,LAPLMG1_7_B2,LAPLMG1_7_B2,HASP,MCL,LMP_LOSS_PRC,LAPLMG1_7_B2,ALL,1,-2.32043,4,16
2012-11-13T20:45:00-00:00,2012-11-13T21:00:00-00:00,2012-11-13,13,LAPLMG1_7_B2,LAPLMG1_7_B2,LAPLMG1_7_B2,HASP,MCL,LMP_LOSS_PRC,LAPLMG1_7_B2,ALL,1,-1.50804,4,16
2012-11-13T21:45:00-00:00,2012-11-13T22:00:00-00:00,2012-11-13,14,LAPLMG1_7_B2,LAPLMG1_7_B2,LAPLMG1_7_B2,HASP,MCL,LMP_LOSS_PRC,LAPLMG1_7_B2,ALL,1,-1.74771,4,16
2012-11-13T22:45:00-00:00,2012-11-13T23:00:00-00:00,2012-11-13,15,LAPLMG1_7_B2,LAPLMG1_7_B2,LAPLMG1_7_B2,HASP,MCL,LMP_LOSS_PRC,LAPLMG1_7_B2,ALL,1,-1.70127,4,16
2012-11-13T23:45:00-00:00,2012-11-14T00:00:00-00:00,2012-11-13,16,LAPLMG1_7_B2,LAPLMG1_7_B2,LAPLMG1_7_B2,HASP,MCL,LMP_LOSS_PRC,LAPLMG1_7_B2,ALL,1,-1.94846,4,16
2012-11-14T00:45:00-00:00,2012-11-14T01:00:00-00:00,2012-11-13,17,LAPLMG1_7_B2,LAPLMG1_7_B2,LAPLMG1_7_B2,HASP,MCL,LMP_LOSS_PRC,LAPLMG1_7_B2,ALL,1,-2.54086,4,16
2012-11-14T01:45:00-00:00,2012-11-14T02:00:00-00:00,2012-11-13,18,LAPLMG1_7_B2,LAPLMG1_7_B2,LAPLMG1_7_B2,HASP,MCL,LMP_LOSS_PRC,LAPLMG1_7_B2,ALL,1,-2.47618,4,16
2012-11-14T02:45:00-00:00,2012-11-14T03:00:00-00:00,2012-11-13,19,LAPLMG1_7_B2,LAPLMG1_7_B2,LAPLMG1_7_B2,HASP,MCL,LMP_LOSS_PRC,LAPLMG1_7_B2,ALL,1,-2.45948,4,16
2012-11-14T03:45:00-00:00,2012-11-14T04:00:00-00:00,2012-11-13,20,LAPLMG1_7_B2,LAPLMG1_7_B2,LAPLMG1_7_B2,HASP,MCL,LMP_LOSS_PRC,LAPLMG1_7_B2,ALL,1,-1.97084,4,16
2012-11-14T04:45:00-00:00,2012-11-14T05:00:00-00:00,2012-11-13,21,LAPLMG1_7_B2,LAPLMG1_7_B2,LAPLMG1_7_B2,HASP,MCL,LMP_LOSS_PRC,LAPLMG1_7_B2,ALL,1,-1.75255,4,16
2012-11-14T05:45:00-00:00,2012-11-14T06:00:00-00:00,2012-11-13,22,LAPLMG1_7_B2,LAPLMG1_7_B2,LAPLMG1_7_B2,HASP,MCL,LMP_LOSS_PRC,LAPLMG1_7_B2,ALL,1,-1.42169,4,16
2012-11-14T06:45:00-00:00,2012-11-14T07:00:00-00:00,2012-11-13,23,LAPLMG1_7_B2,LAPLMG1_7_B2,LAPLMG1_7_B2,HASP,MCL,LMP_LOSS_PRC,LAPLMG1_7_B2,ALL,1,-1.21073,4,16
2012-11-14T07:45:00-00:00,2012-11-14T08:00:00-00:00,2012-11-13,24,LAPLMG1_7_B2,LAPLMG1_7_B2,LAPLMG1_7_B2,HASP,MCL,LMP_LOSS_PRC,LAPLMG1_7_B2,ALL,1,-0.9643,4,16
2012-11-14T08:00:00-00:00,2012-11-14T08:15:00-00:00,2012-11-14,01,LAPLMG1_7_B2,LAPLMG1_7_B2,LAPLMG1_7_B2,HASP,LMP,LMP_PRC,LAPLMG1_7_B2,ALL,1,29.72517,1,17
2012-11-14T09:00:00-00:00,2012-11-14T09:15:00-00:00,2012-11-14,02,LAPLMG1_7_B2,LAPLMG1_7_B2,LAPLMG1_7_B2,HASP,LMP,LMP_PRC,LAPLMG1_7_B2,ALL,1,28.23363,1,17
2012-11-14T10:00:00-00:00,2012-11-14T10:15:00-00:00,2012-11-14,03,LAPLMG1_7_B2,LAPLMG1_7_B2,LAPLMG1_7_B2,HASP,LMP,LMP_PRC,LAPLMG1_7_B2,ALL,1,27.86222,1,17
2012-11-14T11:00:00-00:00,2012-11-14T11:15:00-00:00,2012-11-14,04,LAPLMG1_7_B2,LAPLMG1_7_B2,LAPLMG1_7_B2,HASP,LMP,LMP_PRC,LAPLMG1_7_B2,ALL,1,26.85902,1,17
2012-11-14T12:00:00-00:00,2012-11-14T12:15:00-00:00,2012-11-14,05,LAPLMG1_7_B2,LAPLMG1_7_B2,LAPLMG1_7_B2,HASP,LMP,LMP_PRC,LAPLMG1_7_B2,ALL,1,27.66007,1,17
2012-11-14T13:00:00-00:00,2012-11-14T13:15:00-00:00,2012-11-14,06,LAPLMG1_7_B2,LAPLMG1_7_B2,LAPLMG1_7_B2,HASP,LMP,LMP_PRC,LAPLMG1_7_B2,ALL,1,25.80588,1,17
2012-11-14T14:00:00-00:00,2012-11-14T14:15:00-00:00,2012-11-14,07,LAPLMG1_7_B2,LAPLMG1_7_B2,LAPLMG1_7_B2,HASP,LMP,LMP_PRC,LAPLMG1_7_B2,ALL,1,31.58249,1,17
2012-11-14T15:00:00-00:00,2012-11-14T15:15:00-00:00,2012-11-14,08,LAPLMG1_7_B2,LAPLMG1_7_B2,LAPLMG1_7_B2,HASP,LMP,LMP_PRC,LAPLMG1_7_B2,ALL,1,31.45618,1,17
2012-11-14T16:00:00-00:00,2012-11-14T16:15:00-00:00,2012-11-14,09,LAPLMG1_7_B2,LAPLMG1_7_B2,LAPLMG1_7_B2,HASP,LMP,LMP_PRC,LAPLMG1_7_B2,ALL,1,33.55871,1,17
2012-11-14T17:00:00-00:00,2012-11-14T17:15:00-00:00,2012-11-14,10,LAPLMG1_7_B2,LAPLMG1_7_B2,LAPLMG1_7_B2,HASP,LMP,LMP_PRC,LAPLMG1_7_B2,ALL,1,31.27217,1,17
2012-11-14T18:00:00-00:00,2012-11-14T18:15:00-00:00,2012-11-14,11,LAPLMG1_7_B2,LAPLMG1_7_B2,LAPLMG1_7_B2,HASP,LMP,LMP_PRC,LAPLMG1_7_B2,ALL,1,31.47304,1,17
2012-11-14T19:00:00-00:00,2012-11-14T19:15:00-00:00,2012-11-14,12,LAPLMG1_7_B2,LAPLMG1_7_B2,LAPLMG1_7_B2,HASP,LMP,LMP_PRC,LAPLMG1_7_B2,ALL,1,31.57501,1,17
2012-11-14T20:00:00-00:00,2012-11-14T20:15:00-00:00,2012-11-14,13,LAPLMG1_7_B2,LAPLMG1_7_B2,LAPLMG1_7_B2,HASP,LMP,LMP_PRC,LAPLMG1_7_B2,ALL,1,31.53104,1,17
2012-11-14T21:00:00-00:00,2012-11-14T21:15:00-00:00,2012-11-14,14,LAPLMG1_7_B2,LAPLMG1_7_B2,LAPLMG1_7_B2,HASP,LMP,LMP_PRC,LAPLMG1_7_B2,ALL,1,35.86015,1,17
2012-11-14T22:00:00-00:00,2012-11-14T22:15:00-00:00,2012-11-14,15,LAPLMG1_7_B2,LAPLMG1_7_B2,LAPLMG1_7_B2,HASP,LMP,LMP_PRC,LAPLMG1_7_B2,ALL,1,37.84277,1,17
2012-11-14T23:00:00-00:00,2012-11-14T23:15:00-00:00,2012-11-14,16,LAPLMG1_7_B2,LAPLMG1_7_B2,LAPLMG1_7_B2,HASP,LMP,LMP_PRC,LAPLMG1_7_B2,ALL,1,28.07287,1,17
2012-11-15T00:00:00-00:00,2012-11-15T00:15:00-00:00,2012-11-14,17,LAPLMG1_7_B2,LAPLMG1_7_B2,LAPLMG1_7_B2,HASP,LMP,LMP_PRC,LAPLMG1_7_B2,ALL,1,28.50189,1,17
2012-11-15T01:00:00-00:00,2012-11-15T01:15:00-00:00,2012-11-14,18,LAPLMG1_7_B2,LAPLMG1_7_B2,LAPLMG1_7_B2,HASP,LMP,LMP_PRC,LAPLMG1_7_B2,ALL,1,46.60036,1,17
2012-11-15T02:00:00-00:00,2012-11-15T02:15:00-00:00,2012-11-14,19,LAPLMG1_7_B2,LAPLMG1_7_B2,LAPLMG1_7_B2,HASP,LMP,LMP_PRC,LAPLMG1_7_B2,ALL,1,52.26997,1,17
2012-11-15T03:00:00-00:00,2012-11-15T03:15:00-00:00,2012-11-14,20,LAPLMG1_7_B2,LAPLMG1_7_B2,LAPLMG1_7_B2,HASP,LMP,LMP_PRC,LAPLMG1_7_B2,ALL,1,49.38845,1,17
2012-11-15T04:00:00-00:00,2012-11-15T04:15:00-00:00,2012-11-14,21,LAPLMG1_7_B2,LAPLMG1_7_B2,LAPLMG1_7_B2,HASP,LMP,LMP_PRC,LAPLMG1_7_B2,ALL,1,41.98263,1,17
2012-11-15T05:00:00-00:00,2012-11-15T05:15:00-00:00,2012-11-14,22,LAPLMG1_7_B2,LAPLMG1_7_B2,LAPLMG1_7_B2,HASP,LMP,LMP_PRC,LAPLMG1_7_B2,ALL,1,47.19671,1,17
2012-11-15T06:00:00-00:00,2012-11-15T06:15:00-00:00,2012-11-14,23,LAPLMG1_7_B2,LAPLMG1_7_B2,LAPLMG1_7_B2,HASP,LMP,LMP_PRC,LAPLMG1_7_B2,ALL,1,37.47726,1,17
2012-11-15T07:00:00-00:00,2012-11-15T07:15:00-00:00,2012-11-14,24,LAPLMG1_7_B2,LAPLMG1_7_B2,LAPLMG1_7_B2,HASP,LMP,LMP_PRC,LAPLMG1_7_B2,ALL,1,38.28131,1,17
2012-11-14T08:15:00-00:00,2012-11-14T08:30:00-00:00,2012-11-14,01,LAPLMG1_7_B2,LAPLMG1_7_B2,LAPLMG1_7_B2,HASP,LMP,LMP_PRC,LAPLMG1_7_B2,ALL,1,27.86179,2,17
2012-11-14T09:15:00-00:00,2012-11-14T09:30:00-00:00,2012-11-14,02,LAPLMG1_7_B2,LAPLMG1_7_B2,LAPLMG1_7_B2,HASP,LMP,LMP_PRC,LAPLMG1_7_B2,ALL,1,28.20721,2,17
2012-11-14T10:15:00-00:00,2012-11-14T10:30:00-00:00,2012-11-14,03,LAPLMG1_7_B2,LAPLMG1_7_B2,LAPLMG1_7_B2,HASP,LMP,LMP_PRC,LAPLMG1_7_B2,ALL,1,27.03118,2,17
2012-11-14T11:15:00-00:00,2012-11-14T11:30:00-00:00,2012-11-14,04,LAPLMG1_7_B2,LAPLMG1_7_B2,LAPLMG1_7_B2,HASP,LMP,LMP_PRC,LAPLMG1_7_B2,ALL,1,26.87009,2,17
2012-11-14T12:15:00-00:00,2012-11-14T12:30:00-00:00,2012-11-14,05,LAPLMG1_7_B2,LAPLMG1_7_B2,LAPLMG1_7_B2,HASP,LMP,LMP_PRC,LAPLMG1_7_B2,ALL,1,26.70333,2,17
2012-11-14T13:15:00-00:00,2012-11-14T13:30:00-00:00,2012-11-14,06,LAPLMG1_7_B2,LAPLMG1_7_B2,LAPLMG1_7_B2,HASP,LMP,LMP_PRC,LAPLMG1_7_B2,ALL,1,26.64615,2,17
2012-11-14T14:15:00-00:00,2012-11-14T14:30:00-00:00,2012-11-14,07,LAPLMG1_7_B2,LAPLMG1_7_B2,LAPLMG1_7_B2,HASP,LMP,LMP_PRC,LAPLMG1_7_B2,ALL,1,31.62352,2,17
2012-11-14T15:15:00-00:00,2012-11-14T15:30:00-00:00,2012-11-14,08,LAPLMG1_7_B2,LAPLMG1_7_B2,LAPLMG1_7_B2,HASP,LMP,LMP_PRC,LAPLMG1_7_B2,ALL,1,29.76901,2,17
2012-11-14T16:15:00-00:00,2012-11-14T16:30:00-00:00,2012-11-14,09,LAPLMG1_7_B2,LAPLMG1_7_B2,LAPLMG1_7_B2,HASP,LMP,LMP_PRC,LAPLMG1_7_B2,ALL,1,33.42945,2,17
2012-11-14T17:15:00-00:00,2012-11-14T17:30:00-00:00,2012-11-14,10,LAPLMG1_7_B2,LAPLMG1_7_B2,LAPLMG1_7_B2,HASP,LMP,LMP_PRC,LAPLMG1_7_B2,ALL,1,29.54643,2,17
2012-11-14T18:15:00-00:00,2012-11-14T18:30:00-00:00,2012-11-14,11,LAPLMG1_7_B2,LAPLMG1_7_B2,LAPLMG1_7_B2,HASP,LMP,LMP_PRC,LAPLMG1_7_B2,ALL,1,31.39434,2,17
2012-11-14T19:15:00-00:00,2012-11-14T19:30:00-00:00,2012-11-14,12,LAPLMG1_7_B2,LAPLMG1_7_B2,LAPLMG1_7_B2,HASP,LMP,LMP_PRC,LAPLMG1_7_B2,ALL,1,31.56851,2,17
2012-11-14T20:15:00-00:00,2012-11-14T20:30:00-00:00,2012-11-14,13,LAPLMG1_7_B2,LAPLMG1_7_B2,LAPLMG1_7_B2,HASP,LMP,LMP_PRC,LAPLMG1_7_B2,ALL,1,29.84262,2,17
2012-11-14T21:15:00-00:00,2012-11-14T21:30:00-00:00,2012-11-14,14,LAPLMG1_7_B2,LAPLMG1_7_B2,LAPLMG1_7_B2,HASP,LMP,LMP_PRC,LAPLMG1_7_B2,ALL,1,35.74096,2,17
2012-11-14T22:15:00-00:00,2012-11-14T22:30:00-00:00,2012-11-14,15,LAPLMG1_7_B2,LAPLMG1_7_B2,LAPLMG1_7_B2,HASP,LMP,LMP_PRC,LAPLMG1_7_B2,ALL,1,35.97082,2,17
2012-11-14T23:15:00-00:00,2012-11-14T23:30:00-00:00,2012-11-14,16,LAPLMG1_7_B2,LAPLMG1_7_B2,LAPLMG1_7_B2,HASP,LMP,LMP_PRC,LAPLMG1_7_B2,ALL,1,27.46409,2,17
2012-11-15T00:15:00-00:00,2012-11-15T00:30:00-00:00,2012-11-14,17,LAPLMG1_7_B2,LAPLMG1_7_B2,LAPLMG1_7_B2,HASP,LMP,LMP_PRC,LAPLMG1_7_B2,ALL,1,29.66541,2,17
2012-11-15T01:15:00-00:00,2012-11-15T01:30:00-00:00,2012-11-14,18,LAPLMG1_7_B2,LAPLMG1_7_B2,LAPLMG1_7_B2,HASP,LMP,LMP_PRC,LAPLMG1_7_B2,ALL,1,64.47499,2,17
2012-11-15T02:15:00-00:00,2012-11-15T02:30:00-00:00,2012-11-14,19,LAPLMG1_7_B2,LAPLMG1_7_B2,LAPLMG1_7_B2,HASP,LMP,LMP_PRC,LAPLMG1_7_B2,ALL,1,47.1456,2,17
2012-11-15T03:15:00-00:00,2012-11-15T03:30:00-00:00,2012-11-14,20,LAPLMG1_7_B2,LAPLMG1_7_B2,LAPLMG1_7_B2,HASP,LMP,LMP_PRC,LAPLMG1_7_B2,ALL,1,43.80098,2,17
2012-11-15T04:15:00-00:00,2012-11-15T04:30:00-00:00,2012-11-14,21,LAPLMG1_7_B2,LAPLMG1_7_B2,LAPLMG1_7_B2,HASP,LMP,LMP_PRC,LAPLMG1_7_B2,ALL,1,42.93151,2,17
2012-11-15T05:15:00-00:00,2012-11-15T05:30:00-00:00,2012-11-14,22,LAPLMG1_7_B2,LAPLMG1_7_B2,LAPLMG1_7_B2,HASP,LMP,LMP_PRC,LAPLMG1_7_B2,ALL,1,45.91166,2,17
2012-11-15T06:15:00-00:00,2012-11-15T06:30:00-00:00,2012-11-14,23,LAPLMG1_7_B2,LAPLMG1_7_B2,LAPLMG1_7_B2,HASP,LMP,LMP_PRC,LAPLMG1_7_B2,ALL,1,29.03843,2,17
2012-11-15T07:15:00-00:00,2012-11-15T07:30:00-00:00,2012-11-14,24,LAPLMG1_7_B2,LAPLMG1_7_B2,LAPLMG1_7_B2,HASP,LMP,LMP_PRC,LAPLMG1_7_B2,ALL,1,29.80993,2,17
2012-11-14T08:30:00-00:00,2012-11-14T08:45:00-00:00,2012-11-14,01,LAPLMG1_7_B2,LAPLMG1_7_B2,LAPLMG1_7_B2,HASP,LMP,LMP_PRC,LAPLMG1_7_B2,ALL,1,27.33901,3,17
2012-11-14T09:30:00-00:00,2012-11-14T09:45:00-00:00,2012-11-14,02,LAPLMG1_7_B2,LAPLMG1_7_B2,LAPLMG1_7_B2,HASP,LMP,LMP_PRC,LAPLMG1_7_B2,ALL,1,27.85487,3,17
2012-11-14T10:30:00-00:00,2012-11-14T10:45:00-00:00,2012-11-14,03,LAPLMG1_7_B2,LAPLMG1_7_B2,LAPLMG1_7_B2,HASP,LMP,LMP_PRC,LAPLMG1_7_B2,ALL,1,27.02149,3,17
2012-11-14T11:30:00-00:00,2012-11-14T11:45:00-00:00,2012-11-14,04,LAPLMG1_7_B2,LAPLMG1_7_B2,LAPLMG1_7_B2,HASP,LMP,LMP_PRC,LAPLMG1_7_B2,ALL,1,26.90525,3,17
2012-11-14T12:30:00-00:00,2012-11-14T12:45:00-00:00,2012-11-14,05,LAPLMG1_7_B2,LAPLMG1_7_B2,LAPLMG1_7_B2,HASP,LMP,LMP_PRC,LAPLMG1_7_B2,ALL,1,27.85255,3,17
2012-11-14T13:30:00-00:00,2012-11-14T13:45:00-00:00,2012-11-14,06,LAPLMG1_7_B2,LAPLMG1_7_B2,LAPLMG1_7_B2,HASP,LMP,LMP_PRC,LAPLMG1_7_B2,ALL,1,28.28027,3,17
2012-11-14T14:30:00-00:00,2012-11-14T14:45:00-00:00,2012-11-14,07,LAPLMG1_7_B2,LAPLMG1_7_B2,LAPLMG1_7_B2,HASP,LMP,LMP_PRC,LAPLMG1_7_B2,ALL,1,39.4695,3,17
2012-11-14T15:30:00-00:00,2012-11-14T15:45:00-00:00,2012-11-14,08,LAPLMG1_7_B2,LAPLMG1_7_B2,LAPLMG1_7_B2,HASP,LMP,LMP_PRC,LAPLMG1_7_B2,ALL,1,29.77887,3,17
2012-11-14T16:30:00-00:00,2012-11-14T16:45:00-00:00,2012-11-14,09,LAPLMG1_7_B2,LAPLMG1_7_B2,LAPLMG1_7_B2,HASP,LMP,LMP_PRC,LAPLMG1_7_B2,ALL,1,33.42956,3,17
2012-11-14T17:30:00-00:00,2012-11-14T17:45:00-00:00,2012-11-14,10,LAPLMG1_7_B2,LAPLMG1_7_B2,LAPLMG1_7_B2,HASP,LMP,LMP_PRC,LAPLMG1_7_B2,ALL,1,30.78644,3,17
2012-11-14T18:30:00-00:00,2012-11-14T18:45:00-00:00,2012-11-14,11,LAPLMG1_7_B2,LAPLMG1_7_B2,LAPLMG1_7_B2,HASP,LMP,LMP_PRC,LAPLMG1_7_B2,ALL,1,31.40571,3,17
2012-11-14T19:30:00-00:00,2012-11-14T19:45:00-00:00,2012-11-14,12,LAPLMG1_7_B2,LAPLMG1_7_B2,LAPLMG1_7_B2,HASP,LMP,LMP_PRC,LAPLMG1_7_B2,ALL,1,31.57808,3,17
2012-11-14T20:30:00-00:00,2012-11-14T20:45:00-00:00,2012-11-14,13,LAPLMG1_7_B2,LAPLMG1_7_B2,LAPLMG1_7_B2,HASP,LMP,LMP_PRC,LAPLMG1_7_B2,ALL,1,29.83954,3,17
2012-11-14T21:30:00-00:00,2012-11-14T21:45:00-00:00,2012-11-14,14,LAPLMG1_7_B2,LAPLMG1_7_B2,LAPLMG1_7_B2,HASP,LMP,LMP_PRC,LAPLMG1_7_B2,ALL,1,35.78591,3,17
2012-11-14T22:30:00-00:00,2012-11-14T22:45:00-00:00,2012-11-14,15,LAPLMG1_7_B2,LAPLMG1_7_B2,LAPLMG1_7_B2,HASP,LMP,LMP_PRC,LAPLMG1_7_B2,ALL,1,33.38778,3,17
2012-11-14T23:30:00-00:00,2012-11-14T23:45:00-00:00,2012-11-14,16,LAPLMG1_7_B2,LAPLMG1_7_B2,LAPLMG1_7_B2,HASP,LMP,LMP_PRC,LAPLMG1_7_B2,ALL,1,27.82851,3,17
2012-11-15T00:30:00-00:00,2012-11-15T00:45:00-00:00,2012-11-14,17,LAPLMG1_7_B2,LAPLMG1_7_B2,LAPLMG1_7_B2,HASP,LMP,LMP_PRC,LAPLMG1_7_B2,ALL,1,37.51722,3,17
2012-11-15T01:30:00-00:00,2012-11-15T01:45:00-00:00,2012-11-14,18,LAPLMG1_7_B2,LAPLMG1_7_B2,LAPLMG1_7_B2,HASP,LMP,LMP_PRC,LAPLMG1_7_B2,ALL,1,65.94302,3,17
2012-11-15T02:30:00-00:00,2012-11-15T02:45:00-00:00,2012-11-14,19,LAPLMG1_7_B2,LAPLMG1_7_B2,LAPLMG1_7_B2,HASP,LMP,LMP_PRC,LAPLMG1_7_B2,ALL,1,44.57536,3,17
2012-11-15T03:30:00-00:00,2012-11-15T03:45:00-00:00,2012-11-14,20,LAPLMG1_7_B2,LAPLMG1_7_B2,LAPLMG1_7_B2,HASP,LMP,LMP_PRC,LAPLMG1_7_B2,ALL,1,43.91699,3,17
2012-11-15T04:30:00-00:00,2012-11-15T04:45:00-00:00,2012-11-14,21,LAPLMG1_7_B2,LAPLMG1_7_B2,LAPLMG1_7_B2,HASP,LMP,LMP_PRC,LAPLMG1_7_B2,ALL,1,35.41468,3,17
2012-11-15T05:30:00-00:00,2012-11-15T05:45:00-00:00,2012-11-14,22,LAPLMG1_7_B2,LAPLMG1_7_B2,LAPLMG1_7_B2,HASP,LMP,LMP_PRC,LAPLMG1_7_B2,ALL,1,43.56651,3,17
2012-11-15T06:30:00-00:00,2012-11-15T06:45:00-00:00,2012-11-14,23,LAPLMG1_7_B2,LAPLMG1_7_B2,LAPLMG1_7_B2,HASP,LMP,LMP_PRC,LAPLMG1_7_B2,ALL,1,28.31004,3,17
2012-11-15T07:30:00-00:00,2012-11-15T07:45:00-00:00,2012-11-14,24,LAPLMG1_7_B2,LAPLMG1_7_B2,LAPLMG1_7_B2,HASP,LMP,LMP_PRC,LAPLMG1_7_B2,ALL,1,27.8618,3,17
2012-11-14T08:45:00-00:00,2012-11-14T09:00:00-00:00,2012-11-14,01,LAPLMG1_7_B2,LAPLMG1_7_B2,LAPLMG1_7_B2,HASP,LMP,LMP_PRC,LAPLMG1_7_B2,ALL,1,27.85197,4,17
2012-11-14T09:45:00-00:00,2012-11-14T10:00:00-00:00,2012-11-14,02,LAPLMG1_7_B2,LAPLMG1_7_B2,LAPLMG1_7_B2,HASP,LMP,LMP_PRC,LAPLMG1_7_B2,ALL,1,26.88329,4,17
2012-11-14T10:45:00-00:00,2012-11-14T11:00:00-00:00,2012-11-14,03,LAPLMG1_7_B2,LAPLMG1_7_B2,LAPLMG1_7_B2,HASP,LMP,LMP_PRC,LAPLMG1_7_B2,ALL,1,26.88665,4,17
2012-11-14T11:45:00-00:00,2012-11-14T12:00:00-00:00,2012-11-14,04,LAPLMG1_7_B2,LAPLMG1_7_B2,LAPLMG1_7_B2,HASP,LMP,LMP_PRC,LAPLMG1_7_B2,ALL,1,27.87077,4,17
2012-11-14T12:45:00-00:00,2012-11-14T13:00:00-00:00,2012-11-14,05,LAPLMG1_7_B2,LAPLMG1_7_B2,LAPLMG1_7_B2,HASP,LMP,LMP_PRC,LAPLMG1_7_B2,ALL,1,27.86533,4,17
2012-11-14T13:45:00-00:00,2012-11-14T14:00:00-00:00,2012-11-14,06,LAPLMG1_7_B2,LAPLMG1_7_B2,LAPLMG1_7_B2,HASP,LMP,LMP_PRC,LAPLMG1_7_B2,ALL,1,45.68884,4,17
2012-11-14T14:45:00-00:00,2012-11-14T15:00:00-00:00,2012-11-14,07,LAPLMG1_7_B2,LAPLMG1_7_B2,LAPLMG1_7_B2,HASP,LMP,LMP_PRC,LAPLMG1_7_B2,ALL,1,42.878,4,17
2012-11-14T15:45:00-00:00,2012-11-14T16:00:00-00:00,2012-11-14,08,LAPLMG1_7_B2,LAPLMG1_7_B2,LAPLMG1_7_B2,HASP,LMP,LMP_PRC,LAPLMG1_7_B2,ALL,1,31.67084,4,17
2012-11-14T16:45:00-00:00,2012-11-14T17:00:00-00:00,2012-11-14,09,LAPLMG1_7_B2,LAPLMG1_7_B2,LAPLMG1_7_B2,HASP,LMP,LMP_PRC,LAPLMG1_7_B2,ALL,1,33.43643,4,17
2012-11-14T17:45:00-00:00,2012-11-14T18:00:00-00:00,2012-11-14,10,LAPLMG1_7_B2,LAPLMG1_7_B2,LAPLMG1_7_B2,HASP,LMP,LMP_PRC,LAPLMG1_7_B2,ALL,1,31.24847,4,17
2012-11-14T18:45:00-00:00,2012-11-14T19:00:00-00:00,2012-11-14,11,LAPLMG1_7_B2,LAPLMG1_7_B2,LAPLMG1_7_B2,HASP,LMP,LMP_PRC,LAPLMG1_7_B2,ALL,1,31.38549,4,17
2012-11-14T19:45:00-00:00,2012-11-14T20:00:00-00:00,2012-11-14,12,LAPLMG1_7_B2,LAPLMG1_7_B2,LAPLMG1_7_B2,HASP,LMP,LMP_PRC,LAPLMG1_7_B2,ALL,1,31.60425,4,17
2012-11-14T20:45:00-00:00,2012-11-14T21:00:00-00:00,2012-11-14,13,LAPLMG1_7_B2,LAPLMG1_7_B2,LAPLMG1_7_B2,HASP,LMP,LMP_PRC,LAPLMG1_7_B2,ALL,1,29.47253,4,17
2012-11-14T21:45:00-00:00,2012-11-14T22:00:00-00:00,2012-11-14,14,LAPLMG1_7_B2,LAPLMG1_7_B2,LAPLMG1_7_B2,HASP,LMP,LMP_PRC,LAPLMG1_7_B2,ALL,1,35.77477,4,17
2012-11-14T22:45:00-00:00,2012-11-14T23:00:00-00:00,2012-11-14,15,LAPLMG1_7_B2,LAPLMG1_7_B2,LAPLMG1_7_B2,HASP,LMP,LMP_PRC,LAPLMG1_7_B2,ALL,1,33.38782,4,17
2012-11-14T23:45:00-00:00,2012-11-15T00:00:00-00:00,2012-11-14,16,LAPLMG1_7_B2,LAPLMG1_7_B2,LAPLMG1_7_B2,HASP,LMP,LMP_PRC,LAPLMG1_7_B2,ALL,1,27.8342,4,17
2012-11-15T00:45:00-00:00,2012-11-15T01:00:00-00:00,2012-11-14,17,LAPLMG1_7_B2,LAPLMG1_7_B2,LAPLMG1_7_B2,HASP,LMP,LMP_PRC,LAPLMG1_7_B2,ALL,1,64.57512,4,17
2012-11-15T01:45:00-00:00,2012-11-15T02:00:00-00:00,2012-11-14,18,LAPLMG1_7_B2,LAPLMG1_7_B2,LAPLMG1_7_B2,HASP,LMP,LMP_PRC,LAPLMG1_7_B2,ALL,1,63.16512,4,17
2012-11-15T02:45:00-00:00,2012-11-15T03:00:00-00:00,2012-11-14,19,LAPLMG1_7_B2,LAPLMG1_7_B2,LAPLMG1_7_B2,HASP,LMP,LMP_PRC,LAPLMG1_7_B2,ALL,1,39.65032,4,17
2012-11-15T03:45:00-00:00,2012-11-15T04:00:00-00:00,2012-11-14,20,LAPLMG1_7_B2,LAPLMG1_7_B2,LAPLMG1_7_B2,HASP,LMP,LMP_PRC,LAPLMG1_7_B2,ALL,1,38.79318,4,17
2012-11-15T04:45:00-00:00,2012-11-15T05:00:00-00:00,2012-11-14,21,LAPLMG1_7_B2,LAPLMG1_7_B2,LAPLMG1_7_B2,HASP,LMP,LMP_PRC,LAPLMG1_7_B2,ALL,1,33.15095,4,17
2012-11-15T05:45:00-00:00,2012-11-15T06:00:00-00:00,2012-11-14,22,LAPLMG1_7_B2,LAPLMG1_7_B2,LAPLMG1_7_B2,HASP,LMP,LMP_PRC,LAPLMG1_7_B2,ALL,1,29.34555,4,17
2012-11-15T06:45:00-00:00,2012-11-15T07:00:00-00:00,2012-11-14,23,LAPLMG1_7_B2,LAPLMG1_7_B2,LAPLMG1_7_B2,HASP,LMP,LMP_PRC,LAPLMG1_7_B2,ALL,1,26.45283,4,17
2012-11-15T07:45:00-00:00,2012-11-15T08:00:00-00:00,2012-11-14,24,LAPLMG1_7_B2,LAPLMG1_7_B2,LAPLMG1_7_B2,HASP,LMP,LMP_PRC,LAPLMG1_7_B2,ALL,1,28.54267,4,17
2012-11-14T08:00:00-00:00,2012-11-14T08:15:00-00:00,2012-11-14,01,LAPLMG1_7_B2,LAPLMG1_7_B2,LAPLMG1_7_B2,HASP,MCC,LMP_CONG_PRC,LAPLMG1_7_B2,ALL,1,0.00162,1,18
2012-11-14T09:00:00-00:00,2012-11-14T09:15:00-00:00,2012-11-14,02,LAPLMG1_7_B2,LAPLMG1_7_B2,LAPLMG1_7_B2,HASP,MCC,LMP_CONG_PRC,LAPLMG1_7_B2,ALL,1,-0.02986,1,18
2012-11-14T10:00:00-00:00,2012-11-14T10:15:00-00:00,2012-11-14,03,LAPLMG1_7_B2,LAPLMG1_7_B2,LAPLMG1_7_B2,HASP,MCC,LMP_CONG_PRC,LAPLMG1_7_B2,ALL,1,0,1,18
2012-11-14T11:00:00-00:00,2012-11-14T11:15:00-00:00,2012-11-14,04,LAPLMG1_7_B2,LAPLMG1_7_B2,LAPLMG1_7_B2,HASP,MCC,LMP_CONG_PRC,LAPLMG1_7_B2,ALL,1,0,1,18
2012-11-14T12:00:00-00:00,2012-11-14T12:15:00-00:00,2012-11-14,05,LAPLMG1_7_B2,LAPLMG1_7_B2,LAPLMG1_7_B2,HASP,MCC,LMP_CONG_PRC,LAPLMG1_7_B2,ALL,1,0,1,18
2012-11-14T13:00:00-00:00,2012-11-14T13:15:00-00:00,2012-11-14,06,LAPLMG1_7_B2,LAPLMG1_7_B2,LAPLMG1_7_B2,HASP,MCC,LMP_CONG_PRC,LAPLMG1_7_B2,ALL,1,0,1,18
2012-11-14T14:00:00-00:00,2012-11-14T14:15:00-00:00,2012-11-14,07,LAPLMG1_7_B2,LAPLMG1_7_B2,LAPLMG1_7_B2,HASP,MCC,LMP_CONG_PRC,LAPLMG1_7_B2,ALL,1,-0.00064,1,18
2012-11-14T15:00:00-00:00,2012-11-14T15:15:00-00:00,2012-11-14,08,LAPLMG1_7_B2,LAPLMG1_7_B2,LAPLMG1_7_B2,HASP,MCC,LMP_CONG_PRC,LAPLMG1_7_B2,ALL,1,0.19036,1,18
2012-11-14T16:00:00-00:00,2012-11-14T16:15:00-00:00,2012-11-14,09,LAPLMG1_7_B2,LAPLMG1_7_B2,LAPLMG1_7_B2,HASP,MCC,LMP_CONG_PRC,LAPLMG1_7_B2,ALL,1,0.23583,1,18
2012-11-14T17:00:00-00:00,2012-11-14T17:15:00-00:00,2012-11-14,10,LAPLMG1_7_B2,LAPLMG1_7_B2,LAPLMG1_7_B2,HASP,MCC,LMP_CONG_PRC,LAPLMG1_7_B2,ALL,1,0.03546,1,18
2012-11-14T18:00:00-00:00,2012-11-14T18:15:00-00:00,2012-11-14,11,LAPLMG1_7_B2,LAPLMG1_7_B2,LAPLMG1_7_B2,HASP,MCC,LMP_CONG_PRC,LAPLMG1_7_B2,ALL,1,0,1,18
2012-11-14T19:00:00-00:00,2012-11-14T19:15:00-00:00,2012-11-14,12,LAPLMG1_7_B2,LAPLMG1_7_B2,LAPLMG1_7_B2,HASP,MCC,LMP_CONG_PRC,LAPLMG1_7_B2,ALL,1,-0.56549,1,18
2012-11-14T20:00:00-00:00,2012-11-14T20:15:00-00:00,2012-11-14,13,LAPLMG1_7_B2,LAPLMG1_7_B2,LAPLMG1_7_B2,HASP,MCC,LMP_CONG_PRC,LAPLMG1_7_B2,ALL,1,-0.59396,1,18
2012-11-14T21:00:00-00:00,2012-11-14T21:15:00-00:00,2012-11-14,14,LAPLMG1_7_B2,LAPLMG1_7_B2,LAPLMG1_7_B2,HASP,MCC,LMP_CONG_PRC,LAPLMG1_7_B2,ALL,1,-0.18936,1,18
2012-11-14T22:00:00-00:00,2012-11-14T22:15:00-00:00,2012-11-14,15,LAPLMG1_7_B2,LAPLMG1_7_B2,LAPLMG1_7_B2,HASP,MCC,LMP_CONG_PRC,LAPLMG1_7_B2,ALL,1,0,1,18
2012-11-14T23:00:00-00:00,2012-11-14T23:15:00-00:00,2012-11-14,16,LAPLMG1_7_B2,LAPLMG1_7_B2,LAPLMG1_7_B2,HASP,MCC,LMP_CONG_PRC,LAPLMG1_7_B2,ALL,1,0,1,18
2012-11-15T00:00:00-00:00,2012-11-15T00:15:00-00:00,2012-11-14,17,LAPLMG1_7_B2,LAPLMG1_7_B2,LAPLMG1_7_B2,HASP,MCC,LMP_CONG_PRC,LAPLMG1_7_B2,ALL,1,0,1,18
2012-11-15T01:00:00-00:00,2012-11-15T01:15:00-00:00,2012-11-14,18,LAPLMG1_7_B2,LAPLMG1_7_B2,LAPLMG1_7_B2,HASP,MCC,LMP_CONG_PRC,LAPLMG1_7_B2,ALL,1,-9.74754,1,18
2012-11-15T02:00:00-00:00,2012-11-15T02:15:00-00:00,2012-11-14,19,LAPLMG1_7_B2,LAPLMG1_7_B2,LAPLMG1_7_B2,HASP,MCC,LMP_CONG_PRC,LAPLMG1_7_B2,ALL,1,-15.39558,1,18
2012-11-15T03:00:00-00:00,2012-11-15T03:15:00-00:00,2012-11-14,20,LAPLMG1_7_B2,LAPLMG1_7_B2,LAPLMG1_7_B2,HASP,MCC,LMP_CONG_PRC,LAPLMG1_7_B2,ALL,1,-19.43514,1,18
2012-11-15T04:00:00-00:00,2012-11-15T04:15:00-00:00,2012-11-14,21,LAPLMG1_7_B2,LAPLMG1_7_B2,LAPLMG1_7_B2,HASP,MCC,LMP_CONG_PRC,LAPLMG1_7_B2,ALL,1,0,1,18
2012-11-15T05:00:00-00:00,2012-11-15T05:15:00-00:00,2012-11-14,22,LAPLMG1_7_B2,LAPLMG1_7_B2,LAPLMG1_7_B2,HASP,MCC,LMP_CONG_PRC,LAPLMG1_7_B2,ALL,1,0.38411,1,18
2012-11-15T06:00:00-00:00,2012-11-15T06:15:00-00:00,2012-11-14,23,LAPLMG1_7_B2,LAPLMG1_7_B2,LAPLMG1_7_B2,HASP,MCC,LMP_CONG_PRC,LAPLMG1_7_B2,ALL,1,0.16872,1,18
2012-11-15T07:00:00-00:00,2012-11-15T07:15:00-00:00,2012-11-14,24,LAPLMG1_7_B2,LAPLMG1_7_B2,LAPLMG1_7_B2,HASP,MCC,LMP_CONG_PRC,LAPLMG1_7_B2,ALL,1,0.18096,1,18
2012-11-14T08:15:00-00:00,2012-11-14T08:30:00-00:00,2012-11-14,01,LAPLMG1_7_B2,LAPLMG1_7_B2,LAPLMG1_7_B2,HASP,MCC,LMP_CONG_PRC,LAPLMG1_7_B2,ALL,1,-0.03801,2,18
2012-11-14T09:15:00-00:00,2012-11-14T09:30:00-00:00,2012-11-14,02,LAPLMG1_7_B2,LAPLMG1_7_B2,LAPLMG1_7_B2,HASP,MCC,LMP_CONG_PRC,LAPLMG1_7_B2,ALL,1,-0.03012,2,18
2012-11-14T10:15:00-00:00,2012-11-14T10:30:00-00:00,2012-11-14,03,LAPLMG1_7_B2,LAPLMG1_7_B2,LAPLMG1_7_B2,HASP,MCC,LMP_CONG_PRC,LAPLMG1_7_B2,ALL,1,0,2,18
2012-11-14T11:15:00-00:00,2012-11-14T11:30:00-00:00,2012-11-14,04,LAPLMG1_7_B2,LAPLMG1_7_B2,LAPLMG1_7_B2,HASP,MCC,LMP_CONG_PRC,LAPLMG1_7_B2,ALL,1,0,2,18
2012-11-14T12:15:00-00:00,2012-11-14T12:30:00-00:00,2012-11-14,05,LAPLMG1_7_B2,LAPLMG1_7_B2,LAPLMG1_7_B2,HASP,MCC,LMP_CONG_PRC,LAPLMG1_7_B2,ALL,1,0,2,18
2012-11-14T13:15:00-00:00,2012-11-14T13:30:00-00:00,2012-11-14,06,LAPLMG1_7_B2,LAPLMG1_7_B2,LAPLMG1_7_B2,HASP,MCC,LMP_CONG_PRC,LAPLMG1_7_B2,ALL,1,0,2,18
2012-11-14T14:15:00-00:00,2012-11-14T14:30:00-00:00,2012-11-14,07,LAPLMG1_7_B2,LAPLMG1_7_B2,LAPLMG1_7_B2,HASP,MCC,LMP_CONG_PRC,LAPLMG1_7_B2,ALL,1,0,2,18
2012-11-14T15:15:00-00:00,2012-11-14T15:30:00-00:00,2012-11-14,08,LAPLMG1_7_B2,LAPLMG1_7_B2,LAPLMG1_7_B2,HASP,MCC,LMP_CONG_PRC,LAPLMG1_7_B2,ALL,1,-0.00113,2,18
2012-11-14T16:15:00-00:00,2012-11-14T16:30:00-00:00,2012-11-14,09,LAPLMG1_7_B2,LAPLMG1_7_B2,LAPLMG1_7_B2,HASP,MCC,LMP_CONG_PRC,LAPLMG1_7_B2,ALL,1,0.23315,2,18
2012-11-14T17:15:00-00:00,2012-11-14T17:30:00-00:00,2012-11-14,10,LAPLMG1_7_B2,LAPLMG1_7_B2,LAPLMG1_7_B2,HASP,MCC,LMP_CONG_PRC,LAPLMG1_7_B2,ALL,1,-0.00036,2,18
2012-11-14T18:15:00-00:00,2012-11-14T18:30:00-00:00,2012-11-14,11,LAPLMG1_7_B2,LAPLMG1_7_B2,LAPLMG1_7_B2,HASP,MCC,LMP_CONG_PRC,LAPLMG1_7_B2,ALL,1,-0.00122,2,18
2012-11-14T19:15:00-00:00,2012-11-14T19:30:00-00:00,2012-11-14,12,LAPLMG1_7_B2,LAPLMG1_7_B2,LAPLMG1_7_B2,HASP,MCC,LMP_CONG_PRC,LAPLMG1_7_B2,ALL,1,-0.5664,2,18
2012-11-14T20:15:00-00:00,2012-11-14T20:30:00-00:00,2012-11-14,13,LAPLMG1_7_B2,LAPLMG1_7_B2,LAPLMG1_7_B2,HASP,MCC,LMP_CONG_PRC,LAPLMG1_7_B2,ALL,1,-0.89974,2,18
2012-11-14T21:15:00-00:00,2012-11-14T21:30:00-00:00,2012-11-14,14,LAPLMG1_7_B2,LAPLMG1_7_B2,LAPLMG1_7_B2,HASP,MCC,LMP_CONG_PRC,LAPLMG1_7_B2,ALL,1,-0.36995,2,18
2012-11-14T22:15:00-00:00,2012-11-14T22:30:00-00:00,2012-11-14,15,LAPLMG1_7_B2,LAPLMG1_7_B2,LAPLMG1_7_B2,HASP,MCC,LMP_CONG_PRC,LAPLMG1_7_B2,ALL,1,-0.3438,2,18
2012-11-14T23:15:00-00:00,2012-11-14T23:30:00-00:00,2012-11-14,16,LAPLMG1_7_B2,LAPLMG1_7_B2,LAPLMG1_7_B2,HASP,MCC,LMP_CONG_PRC,LAPLMG1_7_B2,ALL,1,-0.74968,2,18
2012-11-15T00:15:00-00:00,2012-11-15T00:30:00-00:00,2012-11-14,17,LAPLMG1_7_B2,LAPLMG1_7_B2,LAPLMG1_7_B2,HASP,MCC,LMP_CONG_PRC,LAPLMG1_7_B2,ALL,1,-0.23672,2,18
2012-11-15T01:15:00-00:00,2012-11-15T01:30:00-00:00,2012-11-14,18,LAPLMG1_7_B2,LAPLMG1_7_B2,LAPLMG1_7_B2,HASP,MCC,LMP_CONG_PRC,LAPLMG1_7_B2,ALL,1,-13.95495,2,18
2012-11-15T02:15:00-00:00,2012-11-15T02:30:00-00:00,2012-11-14,19,LAPLMG1_7_B2,LAPLMG1_7_B2,LAPLMG1_7_B2,HASP,MCC,LMP_CONG_PRC,LAPLMG1_7_B2,ALL,1,-13.63606,2,18
2012-11-15T03:15:00-00:00,2012-11-15T03:30:00-00:00,2012-11-14,20,LAPLMG1_7_B2,LAPLMG1_7_B2,LAPLMG1_7_B2,HASP,MCC,LMP_CONG_PRC,LAPLMG1_7_B2,ALL,1,-8.03362,2,18
2012-11-15T04:15:00-00:00,2012-11-15T04:30:00-00:00,2012-11-14,21,LAPLMG1_7_B2,LAPLMG1_7_B2,LAPLMG1_7_B2,HASP,MCC,LMP_CONG_PRC,LAPLMG1_7_B2,ALL,1,0,2,18
2012-11-15T05:15:00-00:00,2012-11-15T05:30:00-00:00,2012-11-14,22,LAPLMG1_7_B2,LAPLMG1_7_B2,LAPLMG1_7_B2,HASP,MCC,LMP_CONG_PRC,LAPLMG1_7_B2,ALL,1,0.51349,2,18
2012-11-15T06:15:00-00:00,2012-11-15T06:30:00-00:00,2012-11-14,23,LAPLMG1_7_B2,LAPLMG1_7_B2,LAPLMG1_7_B2,HASP,MCC,LMP_CONG_PRC,LAPLMG1_7_B2,ALL,1,-0.00991,2,18
2012-11-15T07:15:00-00:00,2012-11-15T07:30:00-00:00,2012-11-14,24,LAPLMG1_7_B2,LAPLMG1_7_B2,LAPLMG1_7_B2,HASP,MCC,LMP_CONG_PRC,LAPLMG1_7_B2,ALL,1,0.00266,2,18
2012-11-14T08:30:00-00:00,2012-11-14T08:45:00-00:00,2012-11-14,01,LAPLMG1_7_B2,LAPLMG1_7_B2,LAPLMG1_7_B2,HASP,MCC,LMP_CONG_PRC,LAPLMG1_7_B2,ALL,1,-0.05,3,18
2012-11-14T09:30:00-00:00,2012-11-14T09:45:00-00:00,2012-11-14,02,LAPLMG1_7_B2,LAPLMG1_7_B2,LAPLMG1_7_B2,HASP,MCC,LMP_CONG_PRC,LAPLMG1_7_B2,ALL,1,-0.03803,3,18
2012-11-14T10:30:00-00:00,2012-11-14T10:45:00-00:00,2012-11-14,03,LAPLMG1_7_B2,LAPLMG1_7_B2,LAPLMG1_7_B2,HASP,MCC,LMP_CONG_PRC,LAPLMG1_7_B2,ALL,1,0,3,18
2012-11-14T11:30:00-00:00,2012-11-14T11:45:00-00:00,2012-11-14,04,LAPLMG1_7_B2,LAPLMG1_7_B2,LAPLMG1_7_B2,HASP,MCC,LMP_CONG_PRC,LAPLMG1_7_B2,ALL,1,0,3,18
2012-11-14T12:30:00-00:00,2012-11-14T12:45:00-00:00,2012-11-14,05,LAPLMG1_7_B2,LAPLMG1_7_B2,LAPLMG1_7_B2,HASP,MCC,LMP_CONG_PRC,LAPLMG1_7_B2,ALL,1,0,3,18
2012-11-14T13:30:00-00:00,2012-11-14T13:45:00-00:00,2012-11-14,06,LAPLMG1_7_B2,LAPLMG1_7_B2,LAPLMG1_7_B2,HASP,MCC,LMP_CONG_PRC,LAPLMG1_7_B2,ALL,1,0,3,18
2012-11-14T14:30:00-00:00,2012-11-14T14:45:00-00:00,2012-11-14,07,LAPLMG1_7_B2,LAPLMG1_7_B2,LAPLMG1_7_B2,HASP,MCC,LMP_CONG_PRC,LAPLMG1_7_B2,ALL,1,0,3,18
2012-11-14T15:30:00-00:00,2012-11-14T15:45:00-00:00,2012-11-14,08,LAPLMG1_7_B2,LAPLMG1_7_B2,LAPLMG1_7_B2,HASP,MCC,LMP_CONG_PRC,LAPLMG1_7_B2,ALL,1,-0.00067,3,18
2012-11-14T16:30:00-00:00,2012-11-14T16:45:00-00:00,2012-11-14,09,LAPLMG1_7_B2,LAPLMG1_7_B2,LAPLMG1_7_B2,HASP,MCC,LMP_CONG_PRC,LAPLMG1_7_B2,ALL,1,0.2448,3,18
2012-11-14T17:30:00-00:00,2012-11-14T17:45:00-00:00,2012-11-14,10,LAPLMG1_7_B2,LAPLMG1_7_B2,LAPLMG1_7_B2,HASP,MCC,LMP_CONG_PRC,LAPLMG1_7_B2,ALL,1,0.02677,3,18
2012-11-14T18:30:00-00:00,2012-11-14T18:45:00-00:00,2012-11-14,11,LAPLMG1_7_B2,LAPLMG1_7_B2,LAPLMG1_7_B2,HASP,MCC,LMP_CONG_PRC,LAPLMG1_7_B2,ALL,1,0.20006,3,18
2012-11-14T19:30:00-00:00,2012-11-14T19:45:00-00:00,2012-11-14,12,LAPLMG1_7_B2,LAPLMG1_7_B2,LAPLMG1_7_B2,HASP,MCC,LMP_CONG_PRC,LAPLMG1_7_B2,ALL,1,-0.56528,3,18
2012-11-14T20:30:00-00:00,2012-11-14T20:45:00-00:00,2012-11-14,13,LAPLMG1_7_B2,LAPLMG1_7_B2,LAPLMG1_7_B2,HASP,MCC,LMP_CONG_PRC,LAPLMG1_7_B2,ALL,1,-0.90183,3,18
2012-11-14T21:30:00-00:00,2012-11-14T21:45:00-00:00,2012-11-14,14,LAPLMG1_7_B2,LAPLMG1_7_B2,LAPLMG1_7_B2,HASP,MCC,LMP_CONG_PRC,LAPLMG1_7_B2,ALL,1,-0.36824,3,18
2012-11-14T22:30:00-00:00,2012-11-14T22:45:00-00:00,2012-11-14,15,LAPLMG1_7_B2,LAPLMG1_7_B2,LAPLMG1_7_B2,HASP,MCC,LMP_CONG_PRC,LAPLMG1_7_B2,ALL,1,-0.58467,3,18
2012-11-14T23:30:00-00:00,2012-11-14T23:45:00-00:00,2012-11-14,16,LAPLMG1_7_B2,LAPLMG1_7_B2,LAPLMG1_7_B2,HASP,MCC,LMP_CONG_PRC,LAPLMG1_7_B2,ALL,1,-3.7315,3,18
2012-11-15T00:30:00-00:00,2012-11-15T00:45:00-00:00,2012-11-14,17,LAPLMG1_7_B2,LAPLMG1_7_B2,LAPLMG1_7_B2,HASP,MCC,LMP_CONG_PRC,LAPLMG1_7_B2,ALL,1,-0.90367,3,18
2012-11-15T01:30:00-00:00,2012-11-15T01:45:00-00:00,2012-11-14,18,LAPLMG1_7_B2,LAPLMG1_7_B2,LAPLMG1_7_B2,HASP,MCC,LMP_CONG_PRC,LAPLMG1_7_B2,ALL,1,-12.51087,3,18
2012-11-15T02:30:00-00:00,2012-11-15T02:45:00-00:00,2012-11-14,19,LAPLMG1_7_B2,LAPLMG1_7_B2,LAPLMG1_7_B2,HASP,MCC,LMP_CONG_PRC,LAPLMG1_7_B2,ALL,1,-8.51016,3,18
2012-11-15T03:30:00-00:00,2012-11-15T03:45:00-00:00,2012-11-14,20,LAPLMG1_7_B2,LAPLMG1_7_B2,LAPLMG1_7_B2,HASP,MCC,LMP_CONG_PRC,LAPLMG1_7_B2,ALL,1,-3.92731,3,18
2012-11-15T04:30:00-00:00,2012-11-15T04:45:00-00:00,2012-11-14,21,LAPLMG1_7_B2,LAPLMG1_7_B2,LAPLMG1_7_B2,HASP,MCC,LMP_CONG_PRC,LAPLMG1_7_B2,ALL,1,0,3,18
2012-11-15T05:30:00-00:00,2012-11-15T05:45:00-00:00,2012-11-14,22,LAPLMG1_7_B2,LAPLMG1_7_B2,LAPLMG1_7_B2,HASP,MCC,LMP_CONG_PRC,LAPLMG1_7_B2,ALL,1,0.46197,3,18
2012-11-15T06:30:00-00:00,2012-11-15T06:45:00-00:00,2012-11-14,23,LAPLMG1_7_B2,LAPLMG1_7_B2,LAPLMG1_7_B2,HASP,MCC,LMP_CONG_PRC,LAPLMG1_7_B2,ALL,1,-0.02605,3,18
2012-11-15T07:30:00-00:00,2012-11-15T07:45:00-00:00,2012-11-14,24,LAPLMG1_7_B2,LAPLMG1_7_B2,LAPLMG1_7_B2,HASP,MCC,LMP_CONG_PRC,LAPLMG1_7_B2,ALL,1,-0.03935,3,18
2012-11-14T08:45:00-00:00,2012-11-14T09:00:00-00:00,2012-11-14,01,LAPLMG1_7_B2,LAPLMG1_7_B2,LAPLMG1_7_B2,HASP,MCC,LMP_CONG_PRC,LAPLMG1_7_B2,ALL,1,-0.04023,4,18
2012-11-14T09:45:00-00:00,2012-11-14T10:00:00-00:00,2012-11-14,02,LAPLMG1_7_B2,LAPLMG1_7_B2,LAPLMG1_7_B2,HASP,MCC,LMP_CONG_PRC,LAPLMG1_7_B2,ALL,1,-0.05896,4,18
2012-11-14T10:45:00-00:00,2012-11-14T11:00:00-00:00,2012-11-14,03,LAPLMG1_7_B2,LAPLMG1_7_B2,LAPLMG1_7_B2,HASP,MCC,LMP_CONG_PRC,LAPLMG1_7_B2,ALL,1,0,4,18
2012-11-14T11:45:00-00:00,2012-11-14T12:00:00-00:00,2012-11-14,04,LAPLMG1_7_B2,LAPLMG1_7_B2,LAPLMG1_7_B2,HASP,MCC,LMP_CONG_PRC,LAPLMG1_7_B2,ALL,1,0,4,18
2012-11-14T12:45:00-00:00,2012-11-14T13:00:00-00:00,2012-11-14,05,LAPLMG1_7_B2,LAPLMG1_7_B2,LAPLMG1_7_B2,HASP,MCC,LMP_CONG_PRC,LAPLMG1_7_B2,ALL,1,0,4,18
2012-11-14T13:45:00-00:00,2012-11-14T14:00:00-00:00,2012-11-14,06,LAPLMG1_7_B2,LAPLMG1_7_B2,LAPLMG1_7_B2,HASP,MCC,LMP_CONG_PRC,LAPLMG1_7_B2,ALL,1,0,4,18
2012-11-14T14:45:00-00:00,2012-11-14T15:00:00-00:00,2012-11-14,07,LAPLMG1_7_B2,LAPLMG1_7_B2,LAPLMG1_7_B2,HASP,MCC,LMP_CONG_PRC,LAPLMG1_7_B2,ALL,1,0,4,18
2012-11-14T15:45:00-00:00,2012-11-14T16:00:00-00:00,2012-11-14,08,LAPLMG1_7_B2,LAPLMG1_7_B2,LAPLMG1_7_B2,HASP,MCC,LMP_CONG_PRC,LAPLMG1_7_B2,ALL,1,0.19595,4,18
2012-11-14T16:45:00-00:00,2012-11-14T17:00:00-00:00,2012-11-14,09,LAPLMG1_7_B2,LAPLMG1_7_B2,LAPLMG1_7_B2,HASP,MCC,LMP_CONG_PRC,LAPLMG1_7_B2,ALL,1,0.24555,4,18
2012-11-14T17:45:00-00:00,2012-11-14T18:00:00-00:00,2012-11-14,10,LAPLMG1_7_B2,LAPLMG1_7_B2,LAPLMG1_7_B2,HASP,MCC,LMP_CONG_PRC,LAPLMG1_7_B2,ALL,1,0.03666,4,18
2012-11-14T18:45:00-00:00,2012-11-14T19:00:00-00:00,2012-11-14,11,LAPLMG1_7_B2,LAPLMG1_7_B2,LAPLMG1_7_B2,HASP,MCC,LMP_CONG_PRC,LAPLMG1_7_B2,ALL,1,-0.001,4,18
2012-11-14T19:45:00-00:00,2012-11-14T20:00:00-00:00,2012-11-14,12,LAPLMG1_7_B2,LAPLMG1_7_B2,LAPLMG1_7_B2,HASP,MCC,LMP_CONG_PRC,LAPLMG1_7_B2,ALL,1,-0.56031,4,18
2012-11-14T20:45:00-00:00,2012-11-14T21:00:00-00:00,2012-11-14,13,LAPLMG1_7_B2,LAPLMG1_7_B2,LAPLMG1_7_B2,HASP,MCC,LMP_CONG_PRC,LAPLMG1_7_B2,ALL,1,-0.94167,4,18
2012-11-14T21:45:00-00:00,2012-11-14T22:00:00-00:00,2012-11-14,14,LAPLMG1_7_B2,LAPLMG1_7_B2,LAPLMG1_7_B2,HASP,MCC,LMP_CONG_PRC,LAPLMG1_7_B2,ALL,1,-0.36964,4,18
2012-11-14T22:45:00-00:00,2012-11-14T23:00:00-00:00,2012-11-14,15,LAPLMG1_7_B2,LAPLMG1_7_B2,LAPLMG1_7_B2,HASP,MCC,LMP_CONG_PRC,LAPLMG1_7_B2,ALL,1,-0.584,4,18
2012-11-14T23:45:00-00:00,2012-11-15T00:00:00-00:00,2012-11-14,16,LAPLMG1_7_B2,LAPLMG1_7_B2,LAPLMG1_7_B2,HASP,MCC,LMP_CONG_PRC,LAPLMG1_7_B2,ALL,1,-3.13053,4,18
2012-11-15T00:45:00-00:00,2012-11-15T01:00:00-00:00,2012-11-14,17,LAPLMG1_7_B2,LAPLMG1_7_B2,LAPLMG1_7_B2,HASP,MCC,LMP_CONG_PRC,LAPLMG1_7_B2,ALL,1,-3.1586,4,18
2012-11-15T01:45:00-00:00,2012-11-15T02:00:00-00:00,2012-11-14,18,LAPLMG1_7_B2,LAPLMG1_7_B2,LAPLMG1_7_B2,HASP,MCC,LMP_CONG_PRC,LAPLMG1_7_B2,ALL,1,-17.24237,4,18
2012-11-15T02:45:00-00:00,2012-11-15T03:00:00-00:00,2012-11-14,19,LAPLMG1_7_B2,LAPLMG1_7_B2,LAPLMG1_7_B2,HASP,MCC,LMP_CONG_PRC,LAPLMG1_7_B2,ALL,1,-5.52006,4,18
2012-11-15T03:45:00-00:00,2012-11-15T04:00:00-00:00,2012-11-14,20,LAPLMG1_7_B2,LAPLMG1_7_B2,LAPLMG1_7_B2,HASP,MCC,LMP_CONG_PRC,LAPLMG1_7_B2,ALL,1,-3.66401,4,18
2012-11-15T04:45:00-00:00,2012-11-15T05:00:00-00:00,2012-11-14,21,LAPLMG1_7_B2,LAPLMG1_7_B2,LAPLMG1_7_B2,HASP,MCC,LMP_CONG_PRC,LAPLMG1_7_B2,ALL,1,0,4,18
2012-11-15T05:45:00-00:00,2012-11-15T06:00:00-00:00,2012-11-14,22,LAPLMG1_7_B2,LAPLMG1_7_B2,LAPLMG1_7_B2,HASP,MCC,LMP_CONG_PRC,LAPLMG1_7_B2,ALL,1,-0.00414,4,18
2012-11-15T06:45:00-00:00,2012-11-15T07:00:00-00:00,2012-11-14,23,LAPLMG1_7_B2,LAPLMG1_7_B2,LAPLMG1_7_B2,HASP,MCC,LMP_CONG_PRC,LAPLMG1_7_B2,ALL,1,-0.06842,4,18
2012-11-15T07:45:00-00:00,2012-11-15T08:00:00-00:00,2012-11-14,24,LAPLMG1_7_B2,LAPLMG1_7_B2,LAPLMG1_7_B2,HASP,MCC,LMP_CONG_PRC,LAPLMG1_7_B2,ALL,1,-0.02576,4,18
2012-11-14T08:00:00-00:00,2012-11-14T08:15:00-00:00,2012-11-14,01,LAPLMG1_7_B2,LAPLMG1_7_B2,LAPLMG1_7_B2,HASP,MCE,LMP_ENE_PRC,LAPLMG1_7_B2,ALL,1,30.76016,1,19
2012-11-14T09:00:00-00:00,2012-11-14T09:15:00-00:00,2012-11-14,02,LAPLMG1_7_B2,LAPLMG1_7_B2,LAPLMG1_7_B2,HASP,MCE,LMP_ENE_PRC,LAPLMG1_7_B2,ALL,1,29.25827,1,19
2012-11-14T10:00:00-00:00,2012-11-14T10:15:00-00:00,2012-11-14,03,LAPLMG1_7_B2,LAPLMG1_7_B2,LAPLMG1_7_B2,HASP,MCE,LMP_ENE_PRC,LAPLMG1_7_B2,ALL,1,28.70323,1,19
2012-11-14T11:00:00-00:00,2012-11-14T11:15:00-00:00,2012-11-14,04,LAPLMG1_7_B2,LAPLMG1_7_B2,LAPLMG1_7_B2,HASP,MCE,LMP_ENE_PRC,LAPLMG1_7_B2,ALL,1,27.64411,1,19
2012-11-14T12:00:00-00:00,2012-11-14T12:15:00-00:00,2012-11-14,05,LAPLMG1_7_B2,LAPLMG1_7_B2,LAPLMG1_7_B2,HASP,MCE,LMP_ENE_PRC,LAPLMG1_7_B2,ALL,1,28.5656,1,19
2012-11-14T13:00:00-00:00,2012-11-14T13:15:00-00:00,2012-11-14,06,LAPLMG1_7_B2,LAPLMG1_7_B2,LAPLMG1_7_B2,HASP,MCE,LMP_ENE_PRC,LAPLMG1_7_B2,ALL,1,26.7114,1,19
2012-11-14T14:00:00-00:00,2012-11-14T14:15:00-00:00,2012-11-14,07,LAPLMG1_7_B2,LAPLMG1_7_B2,LAPLMG1_7_B2,HASP,MCE,LMP_ENE_PRC,LAPLMG1_7_B2,ALL,1,32.81364,1,19
2012-11-14T15:00:00-00:00,2012-11-14T15:15:00-00:00,2012-11-14,08,LAPLMG1_7_B2,LAPLMG1_7_B2,LAPLMG1_7_B2,HASP,MCE,LMP_ENE_PRC,LAPLMG1_7_B2,ALL,1,32.74594,1,19
2012-11-14T16:00:00-00:00,2012-11-14T16:15:00-00:00,2012-11-14,09,LAPLMG1_7_B2,LAPLMG1_7_B2,LAPLMG1_7_B2,HASP,MCE,LMP_ENE_PRC,LAPLMG1_7_B2,ALL,1,35.08041,1,19
2012-11-14T17:00:00-00:00,2012-11-14T17:15:00-00:00,2012-11-14,10,LAPLMG1_7_B2,LAPLMG1_7_B2,LAPLMG1_7_B2,HASP,MCE,LMP_ENE_PRC,LAPLMG1_7_B2,ALL,1,32.78068,1,19
2012-11-14T18:00:00-00:00,2012-11-14T18:15:00-00:00,2012-11-14,11,LAPLMG1_7_B2,LAPLMG1_7_B2,LAPLMG1_7_B2,HASP,MCE,LMP_ENE_PRC,LAPLMG1_7_B2,ALL,1,33.03562,1,19
2012-11-14T19:00:00-00:00,2012-11-14T19:15:00-00:00,2012-11-14,12,LAPLMG1_7_B2,LAPLMG1_7_B2,LAPLMG1_7_B2,HASP,MCE,LMP_ENE_PRC,LAPLMG1_7_B2,ALL,1,33.715,1,19
2012-11-14T20:00:00-00:00,2012-11-14T20:15:00-00:00,2012-11-14,13,LAPLMG1_7_B2,LAPLMG1_7_B2,LAPLMG1_7_B2,HASP,MCE,LMP_ENE_PRC,LAPLMG1_7_B2,ALL,1,33.71642,1,19
2012-11-14T21:00:00-00:00,2012-11-14T21:15:00-00:00,2012-11-14,14,LAPLMG1_7_B2,LAPLMG1_7_B2,LAPLMG1_7_B2,HASP,MCE,LMP_ENE_PRC,LAPLMG1_7_B2,ALL,1,37.87906,1,19
2012-11-14T22:00:00-00:00,2012-11-14T22:15:00-00:00,2012-11-14,15,LAPLMG1_7_B2,LAPLMG1_7_B2,LAPLMG1_7_B2,HASP,MCE,LMP_ENE_PRC,LAPLMG1_7_B2,ALL,1,39.71327,1,19
2012-11-14T23:00:00-00:00,2012-11-14T23:15:00-00:00,2012-11-14,16,LAPLMG1_7_B2,LAPLMG1_7_B2,LAPLMG1_7_B2,HASP,MCE,LMP_ENE_PRC,LAPLMG1_7_B2,ALL,1,29.45736,1,19
2012-11-15T00:00:00-00:00,2012-11-15T00:15:00-00:00,2012-11-14,17,LAPLMG1_7_B2,LAPLMG1_7_B2,LAPLMG1_7_B2,HASP,MCE,LMP_ENE_PRC,LAPLMG1_7_B2,ALL,1,29.89186,1,19
2012-11-15T01:00:00-00:00,2012-11-15T01:15:00-00:00,2012-11-14,18,LAPLMG1_7_B2,LAPLMG1_7_B2,LAPLMG1_7_B2,HASP,MCE,LMP_ENE_PRC,LAPLMG1_7_B2,ALL,1,59.3011,1,19
2012-11-15T02:00:00-00:00,2012-11-15T02:15:00-00:00,2012-11-14,19,LAPLMG1_7_B2,LAPLMG1_7_B2,LAPLMG1_7_B2,HASP,MCE,LMP_ENE_PRC,LAPLMG1_7_B2,ALL,1,71.2569,1,19
2012-11-15T03:00:00-00:00,2012-11-15T03:15:00-00:00,2012-11-14,20,LAPLMG1_7_B2,LAPLMG1_7_B2,LAPLMG1_7_B2,HASP,MCE,LMP_ENE_PRC,LAPLMG1_7_B2,ALL,1,72.46877,1,19
2012-11-15T04:00:00-00:00,2012-11-15T04:15:00-00:00,2012-11-14,21,LAPLMG1_7_B2,LAPLMG1_7_B2,LAPLMG1_7_B2,HASP,MCE,LMP_ENE_PRC,LAPLMG1_7_B2,ALL,1,44.1969,1,19
2012-11-15T05:00:00-00:00,2012-11-15T05:15:00-00:00,2012-11-14,22,LAPLMG1_7_B2,LAPLMG1_7_B2,LAPLMG1_7_B2,HASP,MCE,LMP_ENE_PRC,LAPLMG1_7_B2,ALL,1,49.22978,1,19
2012-11-15T06:00:00-00:00,2012-11-15T06:15:00-00:00,2012-11-14,23,LAPLMG1_7_B2,LAPLMG1_7_B2,LAPLMG1_7_B2,HASP,MCE,LMP_ENE_PRC,LAPLMG1_7_B2,ALL,1,39.04609,1,19
2012-11-15T07:00:00-00:00,2012-11-15T07:15:00-00:00,2012-11-14,24,LAPLMG1_7_B2,LAPLMG1_7_B2,LAPLMG1_7_B2,HASP,MCE,LMP_ENE_PRC,LAPLMG1_7_B2,ALL,1,39.44136,1,19
2012-11-14T08:15:00-00:00,2012-11-14T08:30:00-00:00,2012-11-14,01,LAPLMG1_7_B2,LAPLMG1_7_B2,LAPLMG1_7_B2,HASP,MCE,LMP_ENE_PRC,LAPLMG1_7_B2,ALL,1,28.83998,2,19
2012-11-14T09:15:00-00:00,2012-11-14T09:30:00-00:00,2012-11-14,02,LAPLMG1_7_B2,LAPLMG1_7_B2,LAPLMG1_7_B2,HASP,MCE,LMP_ENE_PRC,LAPLMG1_7_B2,ALL,1,29.22211,2,19
2012-11-14T10:15:00-00:00,2012-11-14T10:30:00-00:00,2012-11-14,03,LAPLMG1_7_B2,LAPLMG1_7_B2,LAPLMG1_7_B2,HASP,MCE,LMP_ENE_PRC,LAPLMG1_7_B2,ALL,1,27.8299,2,19
2012-11-14T11:15:00-00:00,2012-11-14T11:30:00-00:00,2012-11-14,04,LAPLMG1_7_B2,LAPLMG1_7_B2,LAPLMG1_7_B2,HASP,MCE,LMP_ENE_PRC,LAPLMG1_7_B2,ALL,1,27.64128,2,19
2012-11-14T12:15:00-00:00,2012-11-14T12:30:00-00:00,2012-11-14,05,LAPLMG1_7_B2,LAPLMG1_7_B2,LAPLMG1_7_B2,HASP,MCE,LMP_ENE_PRC,LAPLMG1_7_B2,ALL,1,27.49802,2,19
2012-11-14T13:15:00-00:00,2012-11-14T13:30:00-00:00,2012-11-14,06,LAPLMG1_7_B2,LAPLMG1_7_B2,LAPLMG1_7_B2,HASP,MCE,LMP_ENE_PRC,LAPLMG1_7_B2,ALL,1,27.59257,2,19
2012-11-14T14:15:00-00:00,2012-11-14T14:30:00-00:00,2012-11-14,07,LAPLMG1_7_B2,LAPLMG1_7_B2,LAPLMG1_7_B2,HASP,MCE,LMP_ENE_PRC,LAPLMG1_7_B2,ALL,1,32.93088,2,19
2012-11-14T15:15:00-00:00,2012-11-14T15:30:00-00:00,2012-11-14,08,LAPLMG1_7_B2,LAPLMG1_7_B2,LAPLMG1_7_B2,HASP,MCE,LMP_ENE_PRC,LAPLMG1_7_B2,ALL,1,31.23507,2,19
2012-11-14T16:15:00-00:00,2012-11-14T16:30:00-00:00,2012-11-14,09,LAPLMG1_7_B2,LAPLMG1_7_B2,LAPLMG1_7_B2,HASP,MCE,LMP_ENE_PRC,LAPLMG1_7_B2,ALL,1,34.94715,2,19
2012-11-14T17:15:00-00:00,2012-11-14T17:30:00-00:00,2012-11-14,10,LAPLMG1_7_B2,LAPLMG1_7_B2,LAPLMG1_7_B2,HASP,MCE,LMP_ENE_PRC,LAPLMG1_7_B2,ALL,1,31.00723,2,19
2012-11-14T18:15:00-00:00,2012-11-14T18:30:00-00:00,2012-11-14,11,LAPLMG1_7_B2,LAPLMG1_7_B2,LAPLMG1_7_B2,HASP,MCE,LMP_ENE_PRC,LAPLMG1_7_B2,ALL,1,32.95431,2,19
2012-11-14T19:15:00-00:00,2012-11-14T19:30:00-00:00,2012-11-14,12,LAPLMG1_7_B2,LAPLMG1_7_B2,LAPLMG1_7_B2,HASP,MCE,LMP_ENE_PRC,LAPLMG1_7_B2,ALL,1,33.71266,2,19
2012-11-14T20:15:00-00:00,2012-11-14T20:30:00-00:00,2012-11-14,13,LAPLMG1_7_B2,LAPLMG1_7_B2,LAPLMG1_7_B2,HASP,MCE,LMP_ENE_PRC,LAPLMG1_7_B2,ALL,1,32.27205,2,19
2012-11-14T21:15:00-00:00,2012-11-14T21:30:00-00:00,2012-11-14,14,LAPLMG1_7_B2,LAPLMG1_7_B2,LAPLMG1_7_B2,HASP,MCE,LMP_ENE_PRC,LAPLMG1_7_B2,ALL,1,37.95555,2,19
2012-11-14T22:15:00-00:00,2012-11-14T22:30:00-00:00,2012-11-14,15,LAPLMG1_7_B2,LAPLMG1_7_B2,LAPLMG1_7_B2,HASP,MCE,LMP_ENE_PRC,LAPLMG1_7_B2,ALL,1,38.10558,2,19
2012-11-14T23:15:00-00:00,2012-11-14T23:30:00-00:00,2012-11-14,16,LAPLMG1_7_B2,LAPLMG1_7_B2,LAPLMG1_7_B2,HASP,MCE,LMP_ENE_PRC,LAPLMG1_7_B2,ALL,1,29.60832,2,19
2012-11-15T00:15:00-00:00,2012-11-15T00:30:00-00:00,2012-11-14,17,LAPLMG1_7_B2,LAPLMG1_7_B2,LAPLMG1_7_B2,HASP,MCE,LMP_ENE_PRC,LAPLMG1_7_B2,ALL,1,31.37684,2,19
2012-11-15T01:15:00-00:00,2012-11-15T01:30:00-00:00,2012-11-14,18,LAPLMG1_7_B2,LAPLMG1_7_B2,LAPLMG1_7_B2,HASP,MCE,LMP_ENE_PRC,LAPLMG1_7_B2,ALL,1,82.6013,2,19
2012-11-15T02:15:00-00:00,2012-11-15T02:30:00-00:00,2012-11-14,19,LAPLMG1_7_B2,LAPLMG1_7_B2,LAPLMG1_7_B2,HASP,MCE,LMP_ENE_PRC,LAPLMG1_7_B2,ALL,1,64.02788,2,19
2012-11-15T03:15:00-00:00,2012-11-15T03:30:00-00:00,2012-11-14,20,LAPLMG1_7_B2,LAPLMG1_7_B2,LAPLMG1_7_B2,HASP,MCE,LMP_ENE_PRC,LAPLMG1_7_B2,ALL,1,54.60297,2,19
2012-11-15T04:15:00-00:00,2012-11-15T04:30:00-00:00,2012-11-14,21,LAPLMG1_7_B2,LAPLMG1_7_B2,LAPLMG1_7_B2,HASP,MCE,LMP_ENE_PRC,LAPLMG1_7_B2,ALL,1,45.19583,2,19
2012-11-15T05:15:00-00:00,2012-11-15T05:30:00-00:00,2012-11-14,22,LAPLMG1_7_B2,LAPLMG1_7_B2,LAPLMG1_7_B2,HASP,MCE,LMP_ENE_PRC,LAPLMG1_7_B2,ALL,1,47.77246,2,19
2012-11-15T06:15:00-00:00,2012-11-15T06:30:00-00:00,2012-11-14,23,LAPLMG1_7_B2,LAPLMG1_7_B2,LAPLMG1_7_B2,HASP,MCE,LMP_ENE_PRC,LAPLMG1_7_B2,ALL,1,30.36941,2,19
2012-11-15T07:15:00-00:00,2012-11-15T07:30:00-00:00,2012-11-14,24,LAPLMG1_7_B2,LAPLMG1_7_B2,LAPLMG1_7_B2,HASP,MCE,LMP_ENE_PRC,LAPLMG1_7_B2,ALL,1,30.82447,2,19
2012-11-14T08:30:00-00:00,2012-11-14T08:45:00-00:00,2012-11-14,01,LAPLMG1_7_B2,LAPLMG1_7_B2,LAPLMG1_7_B2,HASP,MCE,LMP_ENE_PRC,LAPLMG1_7_B2,ALL,1,28.27691,3,19
2012-11-14T09:30:00-00:00,2012-11-14T09:45:00-00:00,2012-11-14,02,LAPLMG1_7_B2,LAPLMG1_7_B2,LAPLMG1_7_B2,HASP,MCE,LMP_ENE_PRC,LAPLMG1_7_B2,ALL,1,28.81796,3,19
2012-11-14T10:30:00-00:00,2012-11-14T10:45:00-00:00,2012-11-14,03,LAPLMG1_7_B2,LAPLMG1_7_B2,LAPLMG1_7_B2,HASP,MCE,LMP_ENE_PRC,LAPLMG1_7_B2,ALL,1,27.79702,3,19
2012-11-14T11:30:00-00:00,2012-11-14T11:45:00-00:00,2012-11-14,04,LAPLMG1_7_B2,LAPLMG1_7_B2,LAPLMG1_7_B2,HASP,MCE,LMP_ENE_PRC,LAPLMG1_7_B2,ALL,1,27.69455,3,19
2012-11-14T12:30:00-00:00,2012-11-14T12:45:00-00:00,2012-11-14,05,LAPLMG1_7_B2,LAPLMG1_7_B2,LAPLMG1_7_B2,HASP,MCE,LMP_ENE_PRC,LAPLMG1_7_B2,ALL,1,28.75844,3,19
2012-11-14T13:30:00-00:00,2012-11-14T13:45:00-00:00,2012-11-14,06,LAPLMG1_7_B2,LAPLMG1_7_B2,LAPLMG1_7_B2,HASP,MCE,LMP_ENE_PRC,LAPLMG1_7_B2,ALL,1,29.31814,3,19
2012-11-14T14:30:00-00:00,2012-11-14T14:45:00-00:00,2012-11-14,07,LAPLMG1_7_B2,LAPLMG1_7_B2,LAPLMG1_7_B2,HASP,MCE,LMP_ENE_PRC,LAPLMG1_7_B2,ALL,1,41.15265,3,19
2012-11-14T15:30:00-00:00,2012-11-14T15:45:00-00:00,2012-11-14,08,LAPLMG1_7_B2,LAPLMG1_7_B2,LAPLMG1_7_B2,HASP,MCE,LMP_ENE_PRC,LAPLMG1_7_B2,ALL,1,31.25476,3,19
2012-11-14T16:30:00-00:00,2012-11-14T16:45:00-00:00,2012-11-14,09,LAPLMG1_7_B2,LAPLMG1_7_B2,LAPLMG1_7_B2,HASP,MCE,LMP_ENE_PRC,LAPLMG1_7_B2,ALL,1,34.935,3,19
2012-11-14T17:30:00-00:00,2012-11-14T17:45:00-00:00,2012-11-14,10,LAPLMG1_7_B2,LAPLMG1_7_B2,LAPLMG1_7_B2,HASP,MCE,LMP_ENE_PRC,LAPLMG1_7_B2,ALL,1,32.28006,3,19
2012-11-14T18:30:00-00:00,2012-11-14T18:45:00-00:00,2012-11-14,11,LAPLMG1_7_B2,LAPLMG1_7_B2,LAPLMG1_7_B2,HASP,MCE,LMP_ENE_PRC,LAPLMG1_7_B2,ALL,1,32.7584,3,19
2012-11-14T19:30:00-00:00,2012-11-14T19:45:00-00:00,2012-11-14,12,LAPLMG1_7_B2,LAPLMG1_7_B2,LAPLMG1_7_B2,HASP,MCE,LMP_ENE_PRC,LAPLMG1_7_B2,ALL,1,33.718,3,19
2012-11-14T20:30:00-00:00,2012-11-14T20:45:00-00:00,2012-11-14,13,LAPLMG1_7_B2,LAPLMG1_7_B2,LAPLMG1_7_B2,HASP,MCE,LMP_ENE_PRC,LAPLMG1_7_B2,ALL,1,32.27779,3,19
2012-11-14T21:30:00-00:00,2012-11-14T21:45:00-00:00,2012-11-14,14,LAPLMG1_7_B2,LAPLMG1_7_B2,LAPLMG1_7_B2,HASP,MCE,LMP_ENE_PRC,LAPLMG1_7_B2,ALL,1,38.00499,3,19
2012-11-14T22:30:00-00:00,2012-11-14T22:45:00-00:00,2012-11-14,15,LAPLMG1_7_B2,LAPLMG1_7_B2,LAPLMG1_7_B2,HASP,MCE,LMP_ENE_PRC,LAPLMG1_7_B2,ALL,1,35.6479,3,19
2012-11-14T23:30:00-00:00,2012-11-14T23:45:00-00:00,2012-11-14,16,LAPLMG1_7_B2,LAPLMG1_7_B2,LAPLMG1_7_B2,HASP,MCE,LMP_ENE_PRC,LAPLMG1_7_B2,ALL,1,33.1304,3,19
2012-11-15T00:30:00-00:00,2012-11-15T00:45:00-00:00,2012-11-14,17,LAPLMG1_7_B2,LAPLMG1_7_B2,LAPLMG1_7_B2,HASP,MCE,LMP_ENE_PRC,LAPLMG1_7_B2,ALL,1,40.40476,3,19
2012-11-15T01:30:00-00:00,2012-11-15T01:45:00-00:00,2012-11-14,18,LAPLMG1_7_B2,LAPLMG1_7_B2,LAPLMG1_7_B2,HASP,MCE,LMP_ENE_PRC,LAPLMG1_7_B2,ALL,1,82.61783,3,19
2012-11-15T02:30:00-00:00,2012-11-15T02:45:00-00:00,2012-11-14,19,LAPLMG1_7_B2,LAPLMG1_7_B2,LAPLMG1_7_B2,HASP,MCE,LMP_ENE_PRC,LAPLMG1_7_B2,ALL,1,55.9148,3,19
2012-11-15T03:30:00-00:00,2012-11-15T03:45:00-00:00,2012-11-14,20,LAPLMG1_7_B2,LAPLMG1_7_B2,LAPLMG1_7_B2,HASP,MCE,LMP_ENE_PRC,LAPLMG1_7_B2,ALL,1,50.39424,3,19
2012-11-15T04:30:00-00:00,2012-11-15T04:45:00-00:00,2012-11-14,21,LAPLMG1_7_B2,LAPLMG1_7_B2,LAPLMG1_7_B2,HASP,MCE,LMP_ENE_PRC,LAPLMG1_7_B2,ALL,1,37.29039,3,19
2012-11-15T05:30:00-00:00,2012-11-15T05:45:00-00:00,2012-11-14,22,LAPLMG1_7_B2,LAPLMG1_7_B2,LAPLMG1_7_B2,HASP,MCE,LMP_ENE_PRC,LAPLMG1_7_B2,ALL,1,45.34456,3,19
2012-11-15T06:30:00-00:00,2012-11-15T06:45:00-00:00,2012-11-14,23,LAPLMG1_7_B2,LAPLMG1_7_B2,LAPLMG1_7_B2,HASP,MCE,LMP_ENE_PRC,LAPLMG1_7_B2,ALL,1,29.62786,3,19
2012-11-15T07:30:00-00:00,2012-11-15T07:45:00-00:00,2012-11-14,24,LAPLMG1_7_B2,LAPLMG1_7_B2,LAPLMG1_7_B2,HASP,MCE,LMP_ENE_PRC,LAPLMG1_7_B2,ALL,1,28.8384,3,19
2012-11-14T08:45:00-00:00,2012-11-14T09:00:00-00:00,2012-11-14,01,LAPLMG1_7_B2,LAPLMG1_7_B2,LAPLMG1_7_B2,HASP,MCE,LMP_ENE_PRC,LAPLMG1_7_B2,ALL,1,28.82021,4,19
2012-11-14T09:45:00-00:00,2012-11-14T10:00:00-00:00,2012-11-14,02,LAPLMG1_7_B2,LAPLMG1_7_B2,LAPLMG1_7_B2,HASP,MCE,LMP_ENE_PRC,LAPLMG1_7_B2,ALL,1,27.78698,4,19
2012-11-14T10:45:00-00:00,2012-11-14T11:00:00-00:00,2012-11-14,03,LAPLMG1_7_B2,LAPLMG1_7_B2,LAPLMG1_7_B2,HASP,MCE,LMP_ENE_PRC,LAPLMG1_7_B2,ALL,1,27.64694,4,19
2012-11-14T11:45:00-00:00,2012-11-14T12:00:00-00:00,2012-11-14,04,LAPLMG1_7_B2,LAPLMG1_7_B2,LAPLMG1_7_B2,HASP,MCE,LMP_ENE_PRC,LAPLMG1_7_B2,ALL,1,28.71795,4,19
2012-11-14T12:45:00-00:00,2012-11-14T13:00:00-00:00,2012-11-14,05,LAPLMG1_7_B2,LAPLMG1_7_B2,LAPLMG1_7_B2,HASP,MCE,LMP_ENE_PRC,LAPLMG1_7_B2,ALL,1,28.76866,4,19
2012-11-14T13:45:00-00:00,2012-11-14T14:00:00-00:00,2012-11-14,06,LAPLMG1_7_B2,LAPLMG1_7_B2,LAPLMG1_7_B2,HASP,MCE,LMP_ENE_PRC,LAPLMG1_7_B2,ALL,1,47.42458,4,19
2012-11-14T14:45:00-00:00,2012-11-14T15:00:00-00:00,2012-11-14,07,LAPLMG1_7_B2,LAPLMG1_7_B2,LAPLMG1_7_B2,HASP,MCE,LMP_ENE_PRC,LAPLMG1_7_B2,ALL,1,44.70183,4,19
2012-11-14T15:45:00-00:00,2012-11-14T16:00:00-00:00,2012-11-14,08,LAPLMG1_7_B2,LAPLMG1_7_B2,LAPLMG1_7_B2,HASP,MCE,LMP_ENE_PRC,LAPLMG1_7_B2,ALL,1,33.0237,4,19
2012-11-14T16:45:00-00:00,2012-11-14T17:00:00-00:00,2012-11-14,09,LAPLMG1_7_B2,LAPLMG1_7_B2,LAPLMG1_7_B2,HASP,MCE,LMP_ENE_PRC,LAPLMG1_7_B2,ALL,1,34.94881,4,19
2012-11-14T17:45:00-00:00,2012-11-14T18:00:00-00:00,2012-11-14,10,LAPLMG1_7_B2,LAPLMG1_7_B2,LAPLMG1_7_B2,HASP,MCE,LMP_ENE_PRC,LAPLMG1_7_B2,ALL,1,32.75111,4,19
2012-11-14T18:45:00-00:00,2012-11-14T19:00:00-00:00,2012-11-14,11,LAPLMG1_7_B2,LAPLMG1_7_B2,LAPLMG1_7_B2,HASP,MCE,LMP_ENE_PRC,LAPLMG1_7_B2,ALL,1,32.94478,4,19
2012-11-14T19:45:00-00:00,2012-11-14T20:00:00-00:00,2012-11-14,12,LAPLMG1_7_B2,LAPLMG1_7_B2,LAPLMG1_7_B2,HASP,MCE,LMP_ENE_PRC,LAPLMG1_7_B2,ALL,1,33.72608,4,19
2012-11-14T20:45:00-00:00,2012-11-14T21:00:00-00:00,2012-11-14,13,LAPLMG1_7_B2,LAPLMG1_7_B2,LAPLMG1_7_B2,HASP,MCE,LMP_ENE_PRC,LAPLMG1_7_B2,ALL,1,31.92757,4,19
2012-11-14T21:45:00-00:00,2012-11-14T22:00:00-00:00,2012-11-14,14,LAPLMG1_7_B2,LAPLMG1_7_B2,LAPLMG1_7_B2,HASP,MCE,LMP_ENE_PRC,LAPLMG1_7_B2,ALL,1,37.99076,4,19
2012-11-14T22:45:00-00:00,2012-11-14T23:00:00-00:00,2012-11-14,15,LAPLMG1_7_B2,LAPLMG1_7_B2,LAPLMG1_7_B2,HASP,MCE,LMP_ENE_PRC,LAPLMG1_7_B2,ALL,1,35.6435,4,19
2012-11-14T23:45:00-00:00,2012-11-15T00:00:00-00:00,2012-11-14,16,LAPLMG1_7_B2,LAPLMG1_7_B2,LAPLMG1_7_B2,HASP,MCE,LMP_ENE_PRC,LAPLMG1_7_B2,ALL,1,32.50549,4,19
2012-11-15T00:45:00-00:00,2012-11-15T01:00:00-00:00,2012-11-14,17,LAPLMG1_7_B2,LAPLMG1_7_B2,LAPLMG1_7_B2,HASP,MCE,LMP_ENE_PRC,LAPLMG1_7_B2,ALL,1,71.29115,4,19
2012-11-15T01:45:00-00:00,2012-11-15T02:00:00-00:00,2012-11-14,18,LAPLMG1_7_B2,LAPLMG1_7_B2,LAPLMG1_7_B2,HASP,MCE,LMP_ENE_PRC,LAPLMG1_7_B2,ALL,1,84.6662,4,19
2012-11-15T02:45:00-00:00,2012-11-15T03:00:00-00:00,2012-11-14,19,LAPLMG1_7_B2,LAPLMG1_7_B2,LAPLMG1_7_B2,HASP,MCE,LMP_ENE_PRC,LAPLMG1_7_B2,ALL,1,47.52275,4,19
2012-11-15T03:45:00-00:00,2012-11-15T04:00:00-00:00,2012-11-14,20,LAPLMG1_7_B2,LAPLMG1_7_B2,LAPLMG1_7_B2,HASP,MCE,LMP_ENE_PRC,LAPLMG1_7_B2,ALL,1,44.72002,4,19
2012-11-15T04:45:00-00:00,2012-11-15T05:00:00-00:00,2012-11-14,21,LAPLMG1_7_B2,LAPLMG1_7_B2,LAPLMG1_7_B2,HASP,MCE,LMP_ENE_PRC,LAPLMG1_7_B2,ALL,1,34.81145,4,19
2012-11-15T05:45:00-00:00,2012-11-15T06:00:00-00:00,2012-11-14,22,LAPLMG1_7_B2,LAPLMG1_7_B2,LAPLMG1_7_B2,HASP,MCE,LMP_ENE_PRC,LAPLMG1_7_B2,ALL,1,30.78423,4,19
2012-11-15T06:45:00-00:00,2012-11-15T07:00:00-00:00,2012-11-14,23,LAPLMG1_7_B2,LAPLMG1_7_B2,LAPLMG1_7_B2,HASP,MCE,LMP_ENE_PRC,LAPLMG1_7_B2,ALL,1,27.63494,4,19
2012-11-15T07:45:00-00:00,2012-11-15T08:00:00-00:00,2012-11-14,24,LAPLMG1_7_B2,LAPLMG1_7_B2,LAPLMG1_7_B2,HASP,MCE,LMP_ENE_PRC,LAPLMG1_7_B2,ALL,1,29.53419,4,19
2012-11-14T08:00:00-00:00,2012-11-14T08:15:00-00:00,2012-11-14,01,LAPLMG1_7_B2,LAPLMG1_7_B2,LAPLMG1_7_B2,HASP,MCL,LMP_LOSS_PRC,LAPLMG1_7_B2,ALL,1,-1.03662,1,20
2012-11-14T09:00:00-00:00,2012-11-14T09:15:00-00:00,2012-11-14,02,LAPLMG1_7_B2,LAPLMG1_7_B2,LAPLMG1_7_B2,HASP,MCL,LMP_LOSS_PRC,LAPLMG1_7_B2,ALL,1,-0.99478,1,20
2012-11-14T10:00:00-00:00,2012-11-14T10:15:00-00:00,2012-11-14,03,LAPLMG1_7_B2,LAPLMG1_7_B2,LAPLMG1_7_B2,HASP,MCL,LMP_LOSS_PRC,LAPLMG1_7_B2,ALL,1,-0.841,1,20
2012-11-14T11:00:00-00:00,2012-11-14T11:15:00-00:00,2012-11-14,04,LAPLMG1_7_B2,LAPLMG1_7_B2,LAPLMG1_7_B2,HASP,MCL,LMP_LOSS_PRC,LAPLMG1_7_B2,ALL,1,-0.78509,1,20
2012-11-14T12:00:00-00:00,2012-11-14T12:15:00-00:00,2012-11-14,05,LAPLMG1_7_B2,LAPLMG1_7_B2,LAPLMG1_7_B2,HASP,MCL,LMP_LOSS_PRC,LAPLMG1_7_B2,ALL,1,-0.90553,1,20
2012-11-14T13:00:00-00:00,2012-11-14T13:15:00-00:00,2012-11-14,06,LAPLMG1_7_B2,LAPLMG1_7_B2,LAPLMG1_7_B2,HASP,MCL,LMP_LOSS_PRC,LAPLMG1_7_B2,ALL,1,-0.90552,1,20
2012-11-14T14:00:00-00:00,2012-11-14T14:15:00-00:00,2012-11-14,07,LAPLMG1_7_B2,LAPLMG1_7_B2,LAPLMG1_7_B2,HASP,MCL,LMP_LOSS_PRC,LAPLMG1_7_B2,ALL,1,-1.23051,1,20
2012-11-14T15:00:00-00:00,2012-11-14T15:15:00-00:00,2012-11-14,08,LAPLMG1_7_B2,LAPLMG1_7_B2,LAPLMG1_7_B2,HASP,MCL,LMP_LOSS_PRC,LAPLMG1_7_B2,ALL,1,-1.48012,1,20
2012-11-14T16:00:00-00:00,2012-11-14T16:15:00-00:00,2012-11-14,09,LAPLMG1_7_B2,LAPLMG1_7_B2,LAPLMG1_7_B2,HASP,MCL,LMP_LOSS_PRC,LAPLMG1_7_B2,ALL,1,-1.75753,1,20
2012-11-14T17:00:00-00:00,2012-11-14T17:15:00-00:00,2012-11-14,10,LAPLMG1_7_B2,LAPLMG1_7_B2,LAPLMG1_7_B2,HASP,MCL,LMP_LOSS_PRC,LAPLMG1_7_B2,ALL,1,-1.54397,1,20
2012-11-14T18:00:00-00:00,2012-11-14T18:15:00-00:00,2012-11-14,11,LAPLMG1_7_B2,LAPLMG1_7_B2,LAPLMG1_7_B2,HASP,MCL,LMP_LOSS_PRC,LAPLMG1_7_B2,ALL,1,-1.56258,1,20
2012-11-14T19:00:00-00:00,2012-11-14T19:15:00-00:00,2012-11-14,12,LAPLMG1_7_B2,LAPLMG1_7_B2,LAPLMG1_7_B2,HASP,MCL,LMP_LOSS_PRC,LAPLMG1_7_B2,ALL,1,-1.57449,1,20
2012-11-14T20:00:00-00:00,2012-11-14T20:15:00-00:00,2012-11-14,13,LAPLMG1_7_B2,LAPLMG1_7_B2,LAPLMG1_7_B2,HASP,MCL,LMP_LOSS_PRC,LAPLMG1_7_B2,ALL,1,-1.59141,1,20
2012-11-14T21:00:00-00:00,2012-11-14T21:15:00-00:00,2012-11-14,14,LAPLMG1_7_B2,LAPLMG1_7_B2,LAPLMG1_7_B2,HASP,MCL,LMP_LOSS_PRC,LAPLMG1_7_B2,ALL,1,-1.82956,1,20
2012-11-14T22:00:00-00:00,2012-11-14T22:15:00-00:00,2012-11-14,15,LAPLMG1_7_B2,LAPLMG1_7_B2,LAPLMG1_7_B2,HASP,MCL,LMP_LOSS_PRC,LAPLMG1_7_B2,ALL,1,-1.87049,1,20
2012-11-14T23:00:00-00:00,2012-11-14T23:15:00-00:00,2012-11-14,16,LAPLMG1_7_B2,LAPLMG1_7_B2,LAPLMG1_7_B2,HASP,MCL,LMP_LOSS_PRC,LAPLMG1_7_B2,ALL,1,-1.3845,1,20
2012-11-15T00:00:00-00:00,2012-11-15T00:15:00-00:00,2012-11-14,17,LAPLMG1_7_B2,LAPLMG1_7_B2,LAPLMG1_7_B2,HASP,MCL,LMP_LOSS_PRC,LAPLMG1_7_B2,ALL,1,-1.38997,1,20
2012-11-15T01:00:00-00:00,2012-11-15T01:15:00-00:00,2012-11-14,18,LAPLMG1_7_B2,LAPLMG1_7_B2,LAPLMG1_7_B2,HASP,MCL,LMP_LOSS_PRC,LAPLMG1_7_B2,ALL,1,-2.95319,1,20
2012-11-15T02:00:00-00:00,2012-11-15T02:15:00-00:00,2012-11-14,19,LAPLMG1_7_B2,LAPLMG1_7_B2,LAPLMG1_7_B2,HASP,MCL,LMP_LOSS_PRC,LAPLMG1_7_B2,ALL,1,-3.59135,1,20
2012-11-15T03:00:00-00:00,2012-11-15T03:15:00-00:00,2012-11-14,20,LAPLMG1_7_B2,LAPLMG1_7_B2,LAPLMG1_7_B2,HASP,MCL,LMP_LOSS_PRC,LAPLMG1_7_B2,ALL,1,-3.64518,1,20
2012-11-15T04:00:00-00:00,2012-11-15T04:15:00-00:00,2012-11-14,21,LAPLMG1_7_B2,LAPLMG1_7_B2,LAPLMG1_7_B2,HASP,MCL,LMP_LOSS_PRC,LAPLMG1_7_B2,ALL,1,-2.21426,1,20
2012-11-15T05:00:00-00:00,2012-11-15T05:15:00-00:00,2012-11-14,22,LAPLMG1_7_B2,LAPLMG1_7_B2,LAPLMG1_7_B2,HASP,MCL,LMP_LOSS_PRC,LAPLMG1_7_B2,ALL,1,-2.41718,1,20
2012-11-15T06:00:00-00:00,2012-11-15T06:15:00-00:00,2012-11-14,23,LAPLMG1_7_B2,LAPLMG1_7_B2,LAPLMG1_7_B2,HASP,MCL,LMP_LOSS_PRC,LAPLMG1_7_B2,ALL,1,-1.73755,1,20
2012-11-15T07:00:00-00:00,2012-11-15T07:15:00-00:00,2012-11-14,24,LAPLMG1_7_B2,LAPLMG1_7_B2,LAPLMG1_7_B2,HASP,MCL,LMP_LOSS_PRC,LAPLMG1_7_B2,ALL,1,-1.34101,1,20
2012-11-14T08:15:00-00:00,2012-11-14T08:30:00-00:00,2012-11-14,01,LAPLMG1_7_B2,LAPLMG1_7_B2,LAPLMG1_7_B2,HASP,MCL,LMP_LOSS_PRC,LAPLMG1_7_B2,ALL,1,-0.94018,2,20
2012-11-14T09:15:00-00:00,2012-11-14T09:30:00-00:00,2012-11-14,02,LAPLMG1_7_B2,LAPLMG1_7_B2,LAPLMG1_7_B2,HASP,MCL,LMP_LOSS_PRC,LAPLMG1_7_B2,ALL,1,-0.98479,2,20
2012-11-14T10:15:00-00:00,2012-11-14T10:30:00-00:00,2012-11-14,03,LAPLMG1_7_B2,LAPLMG1_7_B2,LAPLMG1_7_B2,HASP,MCL,LMP_LOSS_PRC,LAPLMG1_7_B2,ALL,1,-0.79872,2,20
2012-11-14T11:15:00-00:00,2012-11-14T11:30:00-00:00,2012-11-14,04,LAPLMG1_7_B2,LAPLMG1_7_B2,LAPLMG1_7_B2,HASP,MCL,LMP_LOSS_PRC,LAPLMG1_7_B2,ALL,1,-0.77119,2,20
2012-11-14T12:15:00-00:00,2012-11-14T12:30:00-00:00,2012-11-14,05,LAPLMG1_7_B2,LAPLMG1_7_B2,LAPLMG1_7_B2,HASP,MCL,LMP_LOSS_PRC,LAPLMG1_7_B2,ALL,1,-0.79469,2,20
2012-11-14T13:15:00-00:00,2012-11-14T13:30:00-00:00,2012-11-14,06,LAPLMG1_7_B2,LAPLMG1_7_B2,LAPLMG1_7_B2,HASP,MCL,LMP_LOSS_PRC,LAPLMG1_7_B2,ALL,1,-0.94643,2,20
2012-11-14T14:15:00-00:00,2012-11-14T14:30:00-00:00,2012-11-14,07,LAPLMG1_7_B2,LAPLMG1_7_B2,LAPLMG1_7_B2,HASP,MCL,LMP_LOSS_PRC,LAPLMG1_7_B2,ALL,1,-1.30736,2,20
2012-11-14T15:15:00-00:00,2012-11-14T15:30:00-00:00,2012-11-14,08,LAPLMG1_7_B2,LAPLMG1_7_B2,LAPLMG1_7_B2,HASP,MCL,LMP_LOSS_PRC,LAPLMG1_7_B2,ALL,1,-1.46492,2,20
2012-11-14T16:15:00-00:00,2012-11-14T16:30:00-00:00,2012-11-14,09,LAPLMG1_7_B2,LAPLMG1_7_B2,LAPLMG1_7_B2,HASP,MCL,LMP_LOSS_PRC,LAPLMG1_7_B2,ALL,1,-1.75085,2,20
2012-11-14T17:15:00-00:00,2012-11-14T17:30:00-00:00,2012-11-14,10,LAPLMG1_7_B2,LAPLMG1_7_B2,LAPLMG1_7_B2,HASP,MCL,LMP_LOSS_PRC,LAPLMG1_7_B2,ALL,1,-1.46044,2,20
2012-11-14T18:15:00-00:00,2012-11-14T18:30:00-00:00,2012-11-14,11,LAPLMG1_7_B2,LAPLMG1_7_B2,LAPLMG1_7_B2,HASP,MCL,LMP_LOSS_PRC,LAPLMG1_7_B2,ALL,1,-1.55874,2,20
2012-11-14T19:15:00-00:00,2012-11-14T19:30:00-00:00,2012-11-14,12,LAPLMG1_7_B2,LAPLMG1_7_B2,LAPLMG1_7_B2,HASP,MCL,LMP_LOSS_PRC,LAPLMG1_7_B2,ALL,1,-1.57775,2,20
2012-11-14T20:15:00-00:00,2012-11-14T20:30:00-00:00,2012-11-14,13,LAPLMG1_7_B2,LAPLMG1_7_B2,LAPLMG1_7_B2,HASP,MCL,LMP_LOSS_PRC,LAPLMG1_7_B2,ALL,1,-1.5297,2,20
2012-11-14T21:15:00-00:00,2012-11-14T21:30:00-00:00,2012-11-14,14,LAPLMG1_7_B2,LAPLMG1_7_B2,LAPLMG1_7_B2,HASP,MCL,LMP_LOSS_PRC,LAPLMG1_7_B2,ALL,1,-1.84464,2,20
2012-11-14T22:15:00-00:00,2012-11-14T22:30:00-00:00,2012-11-14,15,LAPLMG1_7_B2,LAPLMG1_7_B2,LAPLMG1_7_B2,HASP,MCL,LMP_LOSS_PRC,LAPLMG1_7_B2,ALL,1,-1.79096,2,20
2012-11-14T23:15:00-00:00,2012-11-14T23:30:00-00:00,2012-11-14,16,LAPLMG1_7_B2,LAPLMG1_7_B2,LAPLMG1_7_B2,HASP,MCL,LMP_LOSS_PRC,LAPLMG1_7_B2,ALL,1,-1.39455,2,20
2012-11-15T00:15:00-00:00,2012-11-15T00:30:00-00:00,2012-11-14,17,LAPLMG1_7_B2,LAPLMG1_7_B2,LAPLMG1_7_B2,HASP,MCL,LMP_LOSS_PRC,LAPLMG1_7_B2,ALL,1,-1.47471,2,20
2012-11-15T01:15:00-00:00,2012-11-15T01:30:00-00:00,2012-11-14,18,LAPLMG1_7_B2,LAPLMG1_7_B2,LAPLMG1_7_B2,HASP,MCL,LMP_LOSS_PRC,LAPLMG1_7_B2,ALL,1,-4.17137,2,20
2012-11-15T02:15:00-00:00,2012-11-15T02:30:00-00:00,2012-11-14,19,LAPLMG1_7_B2,LAPLMG1_7_B2,LAPLMG1_7_B2,HASP,MCL,LMP_LOSS_PRC,LAPLMG1_7_B2,ALL,1,-3.24621,2,20
2012-11-15T03:15:00-00:00,2012-11-15T03:30:00-00:00,2012-11-14,20,LAPLMG1_7_B2,LAPLMG1_7_B2,LAPLMG1_7_B2,HASP,MCL,LMP_LOSS_PRC,LAPLMG1_7_B2,ALL,1,-2.76837,2,20
2012-11-15T04:15:00-00:00,2012-11-15T04:30:00-00:00,2012-11-14,21,LAPLMG1_7_B2,LAPLMG1_7_B2,LAPLMG1_7_B2,HASP,MCL,LMP_LOSS_PRC,LAPLMG1_7_B2,ALL,1,-2.26431,2,20
2012-11-15T05:15:00-00:00,2012-11-15T05:30:00-00:00,2012-11-14,22,LAPLMG1_7_B2,LAPLMG1_7_B2,LAPLMG1_7_B2,HASP,MCL,LMP_LOSS_PRC,LAPLMG1_7_B2,ALL,1,-2.37429,2,20
2012-11-15T06:15:00-00:00,2012-11-15T06:30:00-00:00,2012-11-14,23,LAPLMG1_7_B2,LAPLMG1_7_B2,LAPLMG1_7_B2,HASP,MCL,LMP_LOSS_PRC,LAPLMG1_7_B2,ALL,1,-1.32107,2,20
2012-11-15T07:15:00-00:00,2012-11-15T07:30:00-00:00,2012-11-14,24,LAPLMG1_7_B2,LAPLMG1_7_B2,LAPLMG1_7_B2,HASP,MCL,LMP_LOSS_PRC,LAPLMG1_7_B2,ALL,1,-1.01721,2,20
2012-11-14T08:30:00-00:00,2012-11-14T08:45:00-00:00,2012-11-14,01,LAPLMG1_7_B2,LAPLMG1_7_B2,LAPLMG1_7_B2,HASP,MCL,LMP_LOSS_PRC,LAPLMG1_7_B2,ALL,1,-0.88789,3,20
2012-11-14T09:30:00-00:00,2012-11-14T09:45:00-00:00,2012-11-14,02,LAPLMG1_7_B2,LAPLMG1_7_B2,LAPLMG1_7_B2,HASP,MCL,LMP_LOSS_PRC,LAPLMG1_7_B2,ALL,1,-0.92506,3,20
2012-11-14T10:30:00-00:00,2012-11-14T10:45:00-00:00,2012-11-14,03,LAPLMG1_7_B2,LAPLMG1_7_B2,LAPLMG1_7_B2,HASP,MCL,LMP_LOSS_PRC,LAPLMG1_7_B2,ALL,1,-0.77554,3,20
2012-11-14T11:30:00-00:00,2012-11-14T11:45:00-00:00,2012-11-14,04,LAPLMG1_7_B2,LAPLMG1_7_B2,LAPLMG1_7_B2,HASP,MCL,LMP_LOSS_PRC,LAPLMG1_7_B2,ALL,1,-0.78929,3,20
2012-11-14T12:30:00-00:00,2012-11-14T12:45:00-00:00,2012-11-14,05,LAPLMG1_7_B2,LAPLMG1_7_B2,LAPLMG1_7_B2,HASP,MCL,LMP_LOSS_PRC,LAPLMG1_7_B2,ALL,1,-0.90589,3,20
2012-11-14T13:30:00-00:00,2012-11-14T13:45:00-00:00,2012-11-14,06,LAPLMG1_7_B2,LAPLMG1_7_B2,LAPLMG1_7_B2,HASP,MCL,LMP_LOSS_PRC,LAPLMG1_7_B2,ALL,1,-1.03786,3,20
2012-11-14T14:30:00-00:00,2012-11-14T14:45:00-00:00,2012-11-14,07,LAPLMG1_7_B2,LAPLMG1_7_B2,LAPLMG1_7_B2,HASP,MCL,LMP_LOSS_PRC,LAPLMG1_7_B2,ALL,1,-1.68314,3,20
2012-11-14T15:30:00-00:00,2012-11-14T15:45:00-00:00,2012-11-14,08,LAPLMG1_7_B2,LAPLMG1_7_B2,LAPLMG1_7_B2,HASP,MCL,LMP_LOSS_PRC,LAPLMG1_7_B2,ALL,1,-1.47522,3,20
2012-11-14T16:30:00-00:00,2012-11-14T16:45:00-00:00,2012-11-14,09,LAPLMG1_7_B2,LAPLMG1_7_B2,LAPLMG1_7_B2,HASP,MCL,LMP_LOSS_PRC,LAPLMG1_7_B2,ALL,1,-1.75024,3,20
2012-11-14T17:30:00-00:00,2012-11-14T17:45:00-00:00,2012-11-14,10,LAPLMG1_7_B2,LAPLMG1_7_B2,LAPLMG1_7_B2,HASP,MCL,LMP_LOSS_PRC,LAPLMG1_7_B2,ALL,1,-1.52039,3,20
2012-11-14T18:30:00-00:00,2012-11-14T18:45:00-00:00,2012-11-14,11,LAPLMG1_7_B2,LAPLMG1_7_B2,LAPLMG1_7_B2,HASP,MCL,LMP_LOSS_PRC,LAPLMG1_7_B2,ALL,1,-1.55275,3,20
2012-11-14T19:30:00-00:00,2012-11-14T19:45:00-00:00,2012-11-14,12,LAPLMG1_7_B2,LAPLMG1_7_B2,LAPLMG1_7_B2,HASP,MCL,LMP_LOSS_PRC,LAPLMG1_7_B2,ALL,1,-1.57463,3,20
2012-11-14T20:30:00-00:00,2012-11-14T20:45:00-00:00,2012-11-14,13,LAPLMG1_7_B2,LAPLMG1_7_B2,LAPLMG1_7_B2,HASP,MCL,LMP_LOSS_PRC,LAPLMG1_7_B2,ALL,1,-1.53642,3,20
2012-11-14T21:30:00-00:00,2012-11-14T21:45:00-00:00,2012-11-14,14,LAPLMG1_7_B2,LAPLMG1_7_B2,LAPLMG1_7_B2,HASP,MCL,LMP_LOSS_PRC,LAPLMG1_7_B2,ALL,1,-1.85084,3,20
2012-11-14T22:30:00-00:00,2012-11-14T22:45:00-00:00,2012-11-14,15,LAPLMG1_7_B2,LAPLMG1_7_B2,LAPLMG1_7_B2,HASP,MCL,LMP_LOSS_PRC,LAPLMG1_7_B2,ALL,1,-1.67545,3,20
2012-11-14T23:30:00-00:00,2012-11-14T23:45:00-00:00,2012-11-14,16,LAPLMG1_7_B2,LAPLMG1_7_B2,LAPLMG1_7_B2,HASP,MCL,LMP_LOSS_PRC,LAPLMG1_7_B2,ALL,1,-1.57038,3,20
2012-11-15T00:30:00-00:00,2012-11-15T00:45:00-00:00,2012-11-14,17,LAPLMG1_7_B2,LAPLMG1_7_B2,LAPLMG1_7_B2,HASP,MCL,LMP_LOSS_PRC,LAPLMG1_7_B2,ALL,1,-1.98387,3,20
2012-11-15T01:30:00-00:00,2012-11-15T01:45:00-00:00,2012-11-14,18,LAPLMG1_7_B2,LAPLMG1_7_B2,LAPLMG1_7_B2,HASP,MCL,LMP_LOSS_PRC,LAPLMG1_7_B2,ALL,1,-4.16394,3,20
2012-11-15T02:30:00-00:00,2012-11-15T02:45:00-00:00,2012-11-14,19,LAPLMG1_7_B2,LAPLMG1_7_B2,LAPLMG1_7_B2,HASP,MCL,LMP_LOSS_PRC,LAPLMG1_7_B2,ALL,1,-2.82929,3,20
2012-11-15T03:30:00-00:00,2012-11-15T03:45:00-00:00,2012-11-14,20,LAPLMG1_7_B2,LAPLMG1_7_B2,LAPLMG1_7_B2,HASP,MCL,LMP_LOSS_PRC,LAPLMG1_7_B2,ALL,1,-2.54995,3,20
2012-11-15T04:30:00-00:00,2012-11-15T04:45:00-00:00,2012-11-14,21,LAPLMG1_7_B2,LAPLMG1_7_B2,LAPLMG1_7_B2,HASP,MCL,LMP_LOSS_PRC,LAPLMG1_7_B2,ALL,1,-1.87571,3,20
2012-11-15T05:30:00-00:00,2012-11-15T05:45:00-00:00,2012-11-14,22,LAPLMG1_7_B2,LAPLMG1_7_B2,LAPLMG1_7_B2,HASP,MCL,LMP_LOSS_PRC,LAPLMG1_7_B2,ALL,1,-2.24002,3,20
2012-11-15T06:30:00-00:00,2012-11-15T06:45:00-00:00,2012-11-14,23,LAPLMG1_7_B2,LAPLMG1_7_B2,LAPLMG1_7_B2,HASP,MCL,LMP_LOSS_PRC,LAPLMG1_7_B2,ALL,1,-1.29177,3,20
2012-11-15T07:30:00-00:00,2012-11-15T07:45:00-00:00,2012-11-14,24,LAPLMG1_7_B2,LAPLMG1_7_B2,LAPLMG1_7_B2,HASP,MCL,LMP_LOSS_PRC,LAPLMG1_7_B2,ALL,1,-0.93725,3,20
2012-11-14T08:45:00-00:00,2012-11-14T09:00:00-00:00,2012-11-14,01,LAPLMG1_7_B2,LAPLMG1_7_B2,LAPLMG1_7_B2,HASP,MCL,LMP_LOSS_PRC,LAPLMG1_7_B2,ALL,1,-0.92801,4,20
2012-11-14T09:45:00-00:00,2012-11-14T10:00:00-00:00,2012-11-14,02,LAPLMG1_7_B2,LAPLMG1_7_B2,LAPLMG1_7_B2,HASP,MCL,LMP_LOSS_PRC,LAPLMG1_7_B2,ALL,1,-0.84472,4,20
2012-11-14T10:45:00-00:00,2012-11-14T11:00:00-00:00,2012-11-14,03,LAPLMG1_7_B2,LAPLMG1_7_B2,LAPLMG1_7_B2,HASP,MCL,LMP_LOSS_PRC,LAPLMG1_7_B2,ALL,1,-0.76029,4,20
2012-11-14T11:45:00-00:00,2012-11-14T12:00:00-00:00,2012-11-14,04,LAPLMG1_7_B2,LAPLMG1_7_B2,LAPLMG1_7_B2,HASP,MCL,LMP_LOSS_PRC,LAPLMG1_7_B2,ALL,1,-0.84718,4,20
2012-11-14T12:45:00-00:00,2012-11-14T13:00:00-00:00,2012-11-14,05,LAPLMG1_7_B2,LAPLMG1_7_B2,LAPLMG1_7_B2,HASP,MCL,LMP_LOSS_PRC,LAPLMG1_7_B2,ALL,1,-0.90334,4,20
2012-11-14T13:45:00-00:00,2012-11-14T14:00:00-00:00,2012-11-14,06,LAPLMG1_7_B2,LAPLMG1_7_B2,LAPLMG1_7_B2,HASP,MCL,LMP_LOSS_PRC,LAPLMG1_7_B2,ALL,1,-1.73574,4,20
2012-11-14T14:45:00-00:00,2012-11-14T15:00:00-00:00,2012-11-14,07,LAPLMG1_7_B2,LAPLMG1_7_B2,LAPLMG1_7_B2,HASP,MCL,LMP_LOSS_PRC,LAPLMG1_7_B2,ALL,1,-1.82383,4,20
2012-11-14T15:45:00-00:00,2012-11-14T16:00:00-00:00,2012-11-14,08,LAPLMG1_7_B2,LAPLMG1_7_B2,LAPLMG1_7_B2,HASP,MCL,LMP_LOSS_PRC,LAPLMG1_7_B2,ALL,1,-1.54881,4,20
2012-11-14T16:45:00-00:00,2012-11-14T17:00:00-00:00,2012-11-14,09,LAPLMG1_7_B2,LAPLMG1_7_B2,LAPLMG1_7_B2,HASP,MCL,LMP_LOSS_PRC,LAPLMG1_7_B2,ALL,1,-1.75793,4,20
2012-11-14T17:45:00-00:00,2012-11-14T18:00:00-00:00,2012-11-14,10,LAPLMG1_7_B2,LAPLMG1_7_B2,LAPLMG1_7_B2,HASP,MCL,LMP_LOSS_PRC,LAPLMG1_7_B2,ALL,1,-1.5393,4,20
2012-11-14T18:45:00-00:00,2012-11-14T19:00:00-00:00,2012-11-14,11,LAPLMG1_7_B2,LAPLMG1_7_B2,LAPLMG1_7_B2,HASP,MCL,LMP_LOSS_PRC,LAPLMG1_7_B2,ALL,1,-1.55829,4,20
2012-11-14T19:45:00-00:00,2012-11-14T20:00:00-00:00,2012-11-14,12,LAPLMG1_7_B2,LAPLMG1_7_B2,LAPLMG1_7_B2,HASP,MCL,LMP_LOSS_PRC,LAPLMG1_7_B2,ALL,1,-1.56152,4,20
2012-11-14T20:45:00-00:00,2012-11-14T21:00:00-00:00,2012-11-14,13,LAPLMG1_7_B2,LAPLMG1_7_B2,LAPLMG1_7_B2,HASP,MCL,LMP_LOSS_PRC,LAPLMG1_7_B2,ALL,1,-1.51337,4,20
2012-11-14T21:45:00-00:00,2012-11-14T22:00:00-00:00,2012-11-14,14,LAPLMG1_7_B2,LAPLMG1_7_B2,LAPLMG1_7_B2,HASP,MCL,LMP_LOSS_PRC,LAPLMG1_7_B2,ALL,1,-1.84635,4,20
2012-11-14T22:45:00-00:00,2012-11-14T23:00:00-00:00,2012-11-14,15,LAPLMG1_7_B2,LAPLMG1_7_B2,LAPLMG1_7_B2,HASP,MCL,LMP_LOSS_PRC,LAPLMG1_7_B2,ALL,1,-1.67168,4,20
2012-11-14T23:45:00-00:00,2012-11-15T00:00:00-00:00,2012-11-14,16,LAPLMG1_7_B2,LAPLMG1_7_B2,LAPLMG1_7_B2,HASP,MCL,LMP_LOSS_PRC,LAPLMG1_7_B2,ALL,1,-1.54076,4,20
2012-11-15T00:45:00-00:00,2012-11-15T01:00:00-00:00,2012-11-14,17,LAPLMG1_7_B2,LAPLMG1_7_B2,LAPLMG1_7_B2,HASP,MCL,LMP_LOSS_PRC,LAPLMG1_7_B2,ALL,1,-3.55743,4,20
2012-11-15T01:45:00-00:00,2012-11-15T02:00:00-00:00,2012-11-14,18,LAPLMG1_7_B2,LAPLMG1_7_B2,LAPLMG1_7_B2,HASP,MCL,LMP_LOSS_PRC,LAPLMG1_7_B2,ALL,1,-4.25871,4,20
2012-11-15T02:45:00-00:00,2012-11-15T03:00:00-00:00,2012-11-14,19,LAPLMG1_7_B2,LAPLMG1_7_B2,LAPLMG1_7_B2,HASP,MCL,LMP_LOSS_PRC,LAPLMG1_7_B2,ALL,1,-2.35238,4,20
2012-11-15T03:45:00-00:00,2012-11-15T04:00:00-00:00,2012-11-14,20,LAPLMG1_7_B2,LAPLMG1_7_B2,LAPLMG1_7_B2,HASP,MCL,LMP_LOSS_PRC,LAPLMG1_7_B2,ALL,1,-2.26283,4,20
2012-11-15T04:45:00-00:00,2012-11-15T05:00:00-00:00,2012-11-14,21,LAPLMG1_7_B2,LAPLMG1_7_B2,LAPLMG1_7_B2,HASP,MCL,LMP_LOSS_PRC,LAPLMG1_7_B2,ALL,1,-1.66051,4,20
2012-11-15T05:45:00-00:00,2012-11-15T06:00:00-00:00,2012-11-14,22,LAPLMG1_7_B2,LAPLMG1_7_B2,LAPLMG1_7_B2,HASP,MCL,LMP_LOSS_PRC,LAPLMG1_7_B2,ALL,1,-1.43455,4,20
2012-11-15T06:45:00-00:00,2012-11-15T07:00:00-00:00,2012-11-14,23,LAPLMG1_7_B2,LAPLMG1_7_B2,LAPLMG1_7_B2,HASP,MCL,LMP_LOSS_PRC,LAPLMG1_7_B2,ALL,1,-1.11369,4,20
2012-11-15T07:45:00-00:00,2012-11-15T08:00:00-00:00,2012-11-14,24,LAPLMG1_7_B2,LAPLMG1_7_B2,LAPLMG1_7_B2,HASP,MCL,LMP_LOSS_PRC,LAPLMG1_7_B2,ALL,1,-0.96577,4,20
2012-11-15T08:00:00-00:00,2012-11-15T08:15:00-00:00,2012-11-15,01,LAPLMG1_7_B2,LAPLMG1_7_B2,LAPLMG1_7_B2,HASP,LMP,LMP_PRC,LAPLMG1_7_B2,ALL,1,28.10949,1,21
2012-11-15T09:00:00-00:00,2012-11-15T09:15:00-00:00,2012-11-15,02,LAPLMG1_7_B2,LAPLMG1_7_B2,LAPLMG1_7_B2,HASP,LMP,LMP_PRC,LAPLMG1_7_B2,ALL,1,29.03646,1,21
2012-11-15T10:00:00-00:00,2012-11-15T10:15:00-00:00,2012-11-15,03,LAPLMG1_7_B2,LAPLMG1_7_B2,LAPLMG1_7_B2,HASP,LMP,LMP_PRC,LAPLMG1_7_B2,ALL,1,28.20854,1,21
2012-11-15T11:00:00-00:00,2012-11-15T11:15:00-00:00,2012-11-15,04,LAPLMG1_7_B2,LAPLMG1_7_B2,LAPLMG1_7_B2,HASP,LMP,LMP_PRC,LAPLMG1_7_B2,ALL,1,26.97871,1,21
2012-11-15T12:00:00-00:00,2012-11-15T12:15:00-00:00,2012-11-15,05,LAPLMG1_7_B2,LAPLMG1_7_B2,LAPLMG1_7_B2,HASP,LMP,LMP_PRC,LAPLMG1_7_B2,ALL,1,27.27825,1,21
2012-11-15T13:00:00-00:00,2012-11-15T13:15:00-00:00,2012-11-15,06,LAPLMG1_7_B2,LAPLMG1_7_B2,LAPLMG1_7_B2,HASP,LMP,LMP_PRC,LAPLMG1_7_B2,ALL,1,28.23042,1,21
2012-11-15T14:00:00-00:00,2012-11-15T14:15:00-00:00,2012-11-15,07,LAPLMG1_7_B2,LAPLMG1_7_B2,LAPLMG1_7_B2,HASP,LMP,LMP_PRC,LAPLMG1_7_B2,ALL,1,32.51382,1,21
2012-11-15T15:00:00-00:00,2012-11-15T15:15:00-00:00,2012-11-15,08,LAPLMG1_7_B2,LAPLMG1_7_B2,LAPLMG1_7_B2,HASP,LMP,LMP_PRC,LAPLMG1_7_B2,ALL,1,41.42068,1,21
2012-11-15T16:00:00-00:00,2012-11-15T16:15:00-00:00,2012-11-15,09,LAPLMG1_7_B2,LAPLMG1_7_B2,LAPLMG1_7_B2,HASP,LMP,LMP_PRC,LAPLMG1_7_B2,ALL,1,38.17795,1,21
2012-11-15T17:00:00-00:00,2012-11-15T17:15:00-00:00,2012-11-15,10,LAPLMG1_7_B2,LAPLMG1_7_B2,LAPLMG1_7_B2,HASP,LMP,LMP_PRC,LAPLMG1_7_B2,ALL,1,36.60091,1,21
2012-11-15T18:00:00-00:00,2012-11-15T18:15:00-00:00,2012-11-15,11,LAPLMG1_7_B2,LAPLMG1_7_B2,LAPLMG1_7_B2,HASP,LMP,LMP_PRC,LAPLMG1_7_B2,ALL,1,48.42599,1,21
2012-11-15T19:00:00-00:00,2012-11-15T19:15:00-00:00,2012-11-15,12,LAPLMG1_7_B2,LAPLMG1_7_B2,LAPLMG1_7_B2,HASP,LMP,LMP_PRC,LAPLMG1_7_B2,ALL,1,41.49276,1,21
2012-11-15T20:00:00-00:00,2012-11-15T20:15:00-00:00,2012-11-15,13,LAPLMG1_7_B2,LAPLMG1_7_B2,LAPLMG1_7_B2,HASP,LMP,LMP_PRC,LAPLMG1_7_B2,ALL,1,43.47826,1,21
2012-11-15T21:00:00-00:00,2012-11-15T21:15:00-00:00,2012-11-15,14,LAPLMG1_7_B2,LAPLMG1_7_B2,LAPLMG1_7_B2,HASP,LMP,LMP_PRC,LAPLMG1_7_B2,ALL,1,43.5935,1,21
2012-11-15T22:00:00-00:00,2012-11-15T22:15:00-00:00,2012-11-15,15,LAPLMG1_7_B2,LAPLMG1_7_B2,LAPLMG1_7_B2,HASP,LMP,LMP_PRC,LAPLMG1_7_B2,ALL,1,43.28431,1,21
2012-11-15T23:00:00-00:00,2012-11-15T23:15:00-00:00,2012-11-15,16,LAPLMG1_7_B2,LAPLMG1_7_B2,LAPLMG1_7_B2,HASP,LMP,LMP_PRC,LAPLMG1_7_B2,ALL,1,40.14132,1,21
2012-11-16T00:00:00-00:00,2012-11-16T00:15:00-00:00,2012-11-15,17,LAPLMG1_7_B2,LAPLMG1_7_B2,LAPLMG1_7_B2,HASP,LMP,LMP_PRC,LAPLMG1_7_B2,ALL,1,36.74843,1,21
2012-11-16T01:00:00-00:00,2012-11-16T01:15:00-00:00,2012-11-15,18,LAPLMG1_7_B2,LAPLMG1_7_B2,LAPLMG1_7_B2,HASP,LMP,LMP_PRC,LAPLMG1_7_B2,ALL,1,43.52596,1,21
2012-11-16T02:00:00-00:00,2012-11-16T02:15:00-00:00,2012-11-15,19,LAPLMG1_7_B2,LAPLMG1_7_B2,LAPLMG1_7_B2,HASP,LMP,LMP_PRC,LAPLMG1_7_B2,ALL,1,54.36193,1,21
2012-11-16T03:00:00-00:00,2012-11-16T03:15:00-00:00,2012-11-15,20,LAPLMG1_7_B2,LAPLMG1_7_B2,LAPLMG1_7_B2,HASP,LMP,LMP_PRC,LAPLMG1_7_B2,ALL,1,58.13845,1,21
2012-11-16T04:00:00-00:00,2012-11-16T04:15:00-00:00,2012-11-15,21,LAPLMG1_7_B2,LAPLMG1_7_B2,LAPLMG1_7_B2,HASP,LMP,LMP_PRC,LAPLMG1_7_B2,ALL,1,55.2471,1,21
2012-11-16T05:00:00-00:00,2012-11-16T05:15:00-00:00,2012-11-15,22,LAPLMG1_7_B2,LAPLMG1_7_B2,LAPLMG1_7_B2,HASP,LMP,LMP_PRC,LAPLMG1_7_B2,ALL,1,47.40877,1,21
2012-11-16T06:00:00-00:00,2012-11-16T06:15:00-00:00,2012-11-15,23,LAPLMG1_7_B2,LAPLMG1_7_B2,LAPLMG1_7_B2,HASP,LMP,LMP_PRC,LAPLMG1_7_B2,ALL,1,45.50935,1,21
2012-11-16T07:00:00-00:00,2012-11-16T07:15:00-00:00,2012-11-15,24,LAPLMG1_7_B2,LAPLMG1_7_B2,LAPLMG1_7_B2,HASP,LMP,LMP_PRC,LAPLMG1_7_B2,ALL,1,36.51657,1,21
2012-11-15T08:15:00-00:00,2012-11-15T08:30:00-00:00,2012-11-15,01,LAPLMG1_7_B2,LAPLMG1_7_B2,LAPLMG1_7_B2,HASP,LMP,LMP_PRC,LAPLMG1_7_B2,ALL,1,27.2804,2,21
2012-11-15T09:15:00-00:00,2012-11-15T09:30:00-00:00,2012-11-15,02,LAPLMG1_7_B2,LAPLMG1_7_B2,LAPLMG1_7_B2,HASP,LMP,LMP_PRC,LAPLMG1_7_B2,ALL,1,28.20808,2,21
2012-11-15T10:15:00-00:00,2012-11-15T10:30:00-00:00,2012-11-15,03,LAPLMG1_7_B2,LAPLMG1_7_B2,LAPLMG1_7_B2,HASP,LMP,LMP_PRC,LAPLMG1_7_B2,ALL,1,27.73389,2,21
2012-11-15T11:15:00-00:00,2012-11-15T11:30:00-00:00,2012-11-15,04,LAPLMG1_7_B2,LAPLMG1_7_B2,LAPLMG1_7_B2,HASP,LMP,LMP_PRC,LAPLMG1_7_B2,ALL,1,27.01695,2,21
2012-11-15T12:15:00-00:00,2012-11-15T12:30:00-00:00,2012-11-15,05,LAPLMG1_7_B2,LAPLMG1_7_B2,LAPLMG1_7_B2,HASP,LMP,LMP_PRC,LAPLMG1_7_B2,ALL,1,28.20885,2,21
2012-11-15T13:15:00-00:00,2012-11-15T13:30:00-00:00,2012-11-15,06,LAPLMG1_7_B2,LAPLMG1_7_B2,LAPLMG1_7_B2,HASP,LMP,LMP_PRC,LAPLMG1_7_B2,ALL,1,29.92037,2,21
2012-11-15T14:15:00-00:00,2012-11-15T14:30:00-00:00,2012-11-15,07,LAPLMG1_7_B2,LAPLMG1_7_B2,LAPLMG1_7_B2,HASP,LMP,LMP_PRC,LAPLMG1_7_B2,ALL,1,39.16736,2,21
2012-11-15T15:15:00-00:00,2012-11-15T15:30:00-00:00,2012-11-15,08,LAPLMG1_7_B2,LAPLMG1_7_B2,LAPLMG1_7_B2,HASP,LMP,LMP_PRC,LAPLMG1_7_B2,ALL,1,38.36141,2,21
2012-11-15T16:15:00-00:00,2012-11-15T16:30:00-00:00,2012-11-15,09,LAPLMG1_7_B2,LAPLMG1_7_B2,LAPLMG1_7_B2,HASP,LMP,LMP_PRC,LAPLMG1_7_B2,ALL,1,42.34338,2,21
2012-11-15T17:15:00-00:00,2012-11-15T17:30:00-00:00,2012-11-15,10,LAPLMG1_7_B2,LAPLMG1_7_B2,LAPLMG1_7_B2,HASP,LMP,LMP_PRC,LAPLMG1_7_B2,ALL,1,36.11945,2,21
2012-11-15T18:15:00-00:00,2012-11-15T18:30:00-00:00,2012-11-15,11,LAPLMG1_7_B2,LAPLMG1_7_B2,LAPLMG1_7_B2,HASP,LMP,LMP_PRC,LAPLMG1_7_B2,ALL,1,48.21013,2,21
2012-11-15T19:15:00-00:00,2012-11-15T19:30:00-00:00,2012-11-15,12,LAPLMG1_7_B2,LAPLMG1_7_B2,LAPLMG1_7_B2,HASP,LMP,LMP_PRC,LAPLMG1_7_B2,ALL,1,41.50988,2,21
2012-11-15T20:15:00-00:00,2012-11-15T20:30:00-00:00,2012-11-15,13,LAPLMG1_7_B2,LAPLMG1_7_B2,LAPLMG1_7_B2,HASP,LMP,LMP_PRC,LAPLMG1_7_B2,ALL,1,42.95853,2,21
2012-11-15T21:15:00-00:00,2012-11-15T21:30:00-00:00,2012-11-15,14,LAPLMG1_7_B2,LAPLMG1_7_B2,LAPLMG1_7_B2,HASP,LMP,LMP_PRC,LAPLMG1_7_B2,ALL,1,43.56116,2,21
2012-11-15T22:15:00-00:00,2012-11-15T22:30:00-00:00,2012-11-15,15,LAPLMG1_7_B2,LAPLMG1_7_B2,LAPLMG1_7_B2,HASP,LMP,LMP_PRC,LAPLMG1_7_B2,ALL,1,43.02722,2,21
2012-11-15T23:15:00-00:00,2012-11-15T23:30:00-00:00,2012-11-15,16,LAPLMG1_7_B2,LAPLMG1_7_B2,LAPLMG1_7_B2,HASP,LMP,LMP_PRC,LAPLMG1_7_B2,ALL,1,40.04806,2,21
2012-11-16T00:15:00-00:00,2012-11-16T00:30:00-00:00,2012-11-15,17,LAPLMG1_7_B2,LAPLMG1_7_B2,LAPLMG1_7_B2,HASP,LMP,LMP_PRC,LAPLMG1_7_B2,ALL,1,40.13175,2,21
2012-11-16T01:15:00-00:00,2012-11-16T01:30:00-00:00,2012-11-15,18,LAPLMG1_7_B2,LAPLMG1_7_B2,LAPLMG1_7_B2,HASP,LMP,LMP_PRC,LAPLMG1_7_B2,ALL,1,47.76918,2,21
2012-11-16T02:15:00-00:00,2012-11-16T02:30:00-00:00,2012-11-15,19,LAPLMG1_7_B2,LAPLMG1_7_B2,LAPLMG1_7_B2,HASP,LMP,LMP_PRC,LAPLMG1_7_B2,ALL,1,46.72436,2,21
2012-11-16T03:15:00-00:00,2012-11-16T03:30:00-00:00,2012-11-15,20,LAPLMG1_7_B2,LAPLMG1_7_B2,LAPLMG1_7_B2,HASP,LMP,LMP_PRC,LAPLMG1_7_B2,ALL,1,56.36238,2,21
2012-11-16T04:15:00-00:00,2012-11-16T04:30:00-00:00,2012-11-15,21,LAPLMG1_7_B2,LAPLMG1_7_B2,LAPLMG1_7_B2,HASP,LMP,LMP_PRC,LAPLMG1_7_B2,ALL,1,51.40801,2,21
2012-11-16T05:15:00-00:00,2012-11-16T05:30:00-00:00,2012-11-15,22,LAPLMG1_7_B2,LAPLMG1_7_B2,LAPLMG1_7_B2,HASP,LMP,LMP_PRC,LAPLMG1_7_B2,ALL,1,42.58605,2,21
2012-11-16T06:15:00-00:00,2012-11-16T06:30:00-00:00,2012-11-15,23,LAPLMG1_7_B2,LAPLMG1_7_B2,LAPLMG1_7_B2,HASP,LMP,LMP_PRC,LAPLMG1_7_B2,ALL,1,39.58451,2,21
2012-11-16T07:15:00-00:00,2012-11-16T07:30:00-00:00,2012-11-15,24,LAPLMG1_7_B2,LAPLMG1_7_B2,LAPLMG1_7_B2,HASP,LMP,LMP_PRC,LAPLMG1_7_B2,ALL,1,32.5925,2,21
2012-11-15T08:30:00-00:00,2012-11-15T08:45:00-00:00,2012-11-15,01,LAPLMG1_7_B2,LAPLMG1_7_B2,LAPLMG1_7_B2,HASP,LMP,LMP_PRC,LAPLMG1_7_B2,ALL,1,26.88886,3,21
2012-11-15T09:30:00-00:00,2012-11-15T09:45:00-00:00,2012-11-15,02,LAPLMG1_7_B2,LAPLMG1_7_B2,LAPLMG1_7_B2,HASP,LMP,LMP_PRC,LAPLMG1_7_B2,ALL,1,27.79274,3,21
2012-11-15T10:30:00-00:00,2012-11-15T10:45:00-00:00,2012-11-15,03,LAPLMG1_7_B2,LAPLMG1_7_B2,LAPLMG1_7_B2,HASP,LMP,LMP_PRC,LAPLMG1_7_B2,ALL,1,27.3204,3,21
2012-11-15T11:30:00-00:00,2012-11-15T11:45:00-00:00,2012-11-15,04,LAPLMG1_7_B2,LAPLMG1_7_B2,LAPLMG1_7_B2,HASP,LMP,LMP_PRC,LAPLMG1_7_B2,ALL,1,27.30834,3,21
2012-11-15T12:30:00-00:00,2012-11-15T12:45:00-00:00,2012-11-15,05,LAPLMG1_7_B2,LAPLMG1_7_B2,LAPLMG1_7_B2,HASP,LMP,LMP_PRC,LAPLMG1_7_B2,ALL,1,30.71116,3,21
2012-11-15T13:30:00-00:00,2012-11-15T13:45:00-00:00,2012-11-15,06,LAPLMG1_7_B2,LAPLMG1_7_B2,LAPLMG1_7_B2,HASP,LMP,LMP_PRC,LAPLMG1_7_B2,ALL,1,36.80627,3,21
2012-11-15T14:30:00-00:00,2012-11-15T14:45:00-00:00,2012-11-15,07,LAPLMG1_7_B2,LAPLMG1_7_B2,LAPLMG1_7_B2,HASP,LMP,LMP_PRC,LAPLMG1_7_B2,ALL,1,39.70283,3,21
2012-11-15T15:30:00-00:00,2012-11-15T15:45:00-00:00,2012-11-15,08,LAPLMG1_7_B2,LAPLMG1_7_B2,LAPLMG1_7_B2,HASP,LMP,LMP_PRC,LAPLMG1_7_B2,ALL,1,36.21562,3,21
2012-11-15T16:30:00-00:00,2012-11-15T16:45:00-00:00,2012-11-15,09,LAPLMG1_7_B2,LAPLMG1_7_B2,LAPLMG1_7_B2,HASP,LMP,LMP_PRC,LAPLMG1_7_B2,ALL,1,42.37078,3,21
2012-11-15T17:30:00-00:00,2012-11-15T17:45:00-00:00,2012-11-15,10,LAPLMG1_7_B2,LAPLMG1_7_B2,LAPLMG1_7_B2,HASP,LMP,LMP_PRC,LAPLMG1_7_B2,ALL,1,38.15884,3,21
2012-11-15T18:30:00-00:00,2012-11-15T18:45:00-00:00,2012-11-15,11,LAPLMG1_7_B2,LAPLMG1_7_B2,LAPLMG1_7_B2,HASP,LMP,LMP_PRC,LAPLMG1_7_B2,ALL,1,48.23985,3,21
2012-11-15T19:30:00-00:00,2012-11-15T19:45:00-00:00,2012-11-15,12,LAPLMG1_7_B2,LAPLMG1_7_B2,LAPLMG1_7_B2,HASP,LMP,LMP_PRC,LAPLMG1_7_B2,ALL,1,41.50988,3,21
2012-11-15T20:30:00-00:00,2012-11-15T20:45:00-00:00,2012-11-15,13,LAPLMG1_7_B2,LAPLMG1_7_B2,LAPLMG1_7_B2,HASP,LMP,LMP_PRC,LAPLMG1_7_B2,ALL,1,43.18156,3,21
2012-11-15T21:30:00-00:00,2012-11-15T21:45:00-00:00,2012-11-15,14,LAPLMG1_7_B2,LAPLMG1_7_B2,LAPLMG1_7_B2,HASP,LMP,LMP_PRC,LAPLMG1_7_B2,ALL,1,43.58647,3,21
2012-11-15T22:30:00-00:00,2012-11-15T22:45:00-00:00,2012-11-15,15,LAPLMG1_7_B2,LAPLMG1_7_B2,LAPLMG1_7_B2,HASP,LMP,LMP_PRC,LAPLMG1_7_B2,ALL,1,43.77436,3,21
2012-11-15T23:30:00-00:00,2012-11-15T23:45:00-00:00,2012-11-15,16,LAPLMG1_7_B2,LAPLMG1_7_B2,LAPLMG1_7_B2,HASP,LMP,LMP_PRC,LAPLMG1_7_B2,ALL,1,40.02713,3,21
2012-11-16T00:30:00-00:00,2012-11-16T00:45:00-00:00,2012-11-15,17,LAPLMG1_7_B2,LAPLMG1_7_B2,LAPLMG1_7_B2,HASP,LMP,LMP_PRC,LAPLMG1_7_B2,ALL,1,48.94406,3,21
2012-11-16T01:30:00-00:00,2012-11-16T01:45:00-00:00,2012-11-15,18,LAPLMG1_7_B2,LAPLMG1_7_B2,LAPLMG1_7_B2,HASP,LMP,LMP_PRC,LAPLMG1_7_B2,ALL,1,49.43593,3,21
2012-11-16T02:30:00-00:00,2012-11-16T02:45:00-00:00,2012-11-15,19,LAPLMG1_7_B2,LAPLMG1_7_B2,LAPLMG1_7_B2,HASP,LMP,LMP_PRC,LAPLMG1_7_B2,ALL,1,45.47932,3,21
2012-11-16T03:30:00-00:00,2012-11-16T03:45:00-00:00,2012-11-15,20,LAPLMG1_7_B2,LAPLMG1_7_B2,LAPLMG1_7_B2,HASP,LMP,LMP_PRC,LAPLMG1_7_B2,ALL,1,45.47648,3,21
2012-11-16T04:30:00-00:00,2012-11-16T04:45:00-00:00,2012-11-15,21,LAPLMG1_7_B2,LAPLMG1_7_B2,LAPLMG1_7_B2,HASP,LMP,LMP_PRC,LAPLMG1_7_B2,ALL,1,44.84481,3,21
2012-11-16T05:30:00-00:00,2012-11-16T05:45:00-00:00,2012-11-15,22,LAPLMG1_7_B2,LAPLMG1_7_B2,LAPLMG1_7_B2,HASP,LMP,LMP_PRC,LAPLMG1_7_B2,ALL,1,42.12486,3,21
2012-11-16T06:30:00-00:00,2012-11-16T06:45:00-00:00,2012-11-15,23,LAPLMG1_7_B2,LAPLMG1_7_B2,LAPLMG1_7_B2,HASP,LMP,LMP_PRC,LAPLMG1_7_B2,ALL,1,32.33008,3,21
2012-11-16T07:30:00-00:00,2012-11-16T07:45:00-00:00,2012-11-15,24,LAPLMG1_7_B2,LAPLMG1_7_B2,LAPLMG1_7_B2,HASP,LMP,LMP_PRC,LAPLMG1_7_B2,ALL,1,28.11148,3,21
2012-11-15T08:45:00-00:00,2012-11-15T09:00:00-00:00,2012-11-15,01,LAPLMG1_7_B2,LAPLMG1_7_B2,LAPLMG1_7_B2,HASP,LMP,LMP_PRC,LAPLMG1_7_B2,ALL,1,27.78448,4,21
2012-11-15T09:45:00-00:00,2012-11-15T10:00:00-00:00,2012-11-15,02,LAPLMG1_7_B2,LAPLMG1_7_B2,LAPLMG1_7_B2,HASP,LMP,LMP_PRC,LAPLMG1_7_B2,ALL,1,28.3085,4,21
2012-11-15T10:45:00-00:00,2012-11-15T11:00:00-00:00,2012-11-15,03,LAPLMG1_7_B2,LAPLMG1_7_B2,LAPLMG1_7_B2,HASP,LMP,LMP_PRC,LAPLMG1_7_B2,ALL,1,27.30772,4,21
2012-11-15T11:45:00-00:00,2012-11-15T12:00:00-00:00,2012-11-15,04,LAPLMG1_7_B2,LAPLMG1_7_B2,LAPLMG1_7_B2,HASP,LMP,LMP_PRC,LAPLMG1_7_B2,ALL,1,28.20934,4,21
2012-11-15T12:45:00-00:00,2012-11-15T13:00:00-00:00,2012-11-15,05,LAPLMG1_7_B2,LAPLMG1_7_B2,LAPLMG1_7_B2,HASP,LMP,LMP_PRC,LAPLMG1_7_B2,ALL,1,31.91987,4,21
2012-11-15T13:45:00-00:00,2012-11-15T14:00:00-00:00,2012-11-15,06,LAPLMG1_7_B2,LAPLMG1_7_B2,LAPLMG1_7_B2,HASP,LMP,LMP_PRC,LAPLMG1_7_B2,ALL,1,57.73645,4,21
2012-11-15T14:45:00-00:00,2012-11-15T15:00:00-00:00,2012-11-15,07,LAPLMG1_7_B2,LAPLMG1_7_B2,LAPLMG1_7_B2,HASP,LMP,LMP_PRC,LAPLMG1_7_B2,ALL,1,45.46956,4,21
2012-11-15T15:45:00-00:00,2012-11-15T16:00:00-00:00,2012-11-15,08,LAPLMG1_7_B2,LAPLMG1_7_B2,LAPLMG1_7_B2,HASP,LMP,LMP_PRC,LAPLMG1_7_B2,ALL,1,38.36054,4,21
2012-11-15T16:45:00-00:00,2012-11-15T17:00:00-00:00,2012-11-15,09,LAPLMG1_7_B2,LAPLMG1_7_B2,LAPLMG1_7_B2,HASP,LMP,LMP_PRC,LAPLMG1_7_B2,ALL,1,49.13171,4,21
2012-11-15T17:45:00-00:00,2012-11-15T18:00:00-00:00,2012-11-15,10,LAPLMG1_7_B2,LAPLMG1_7_B2,LAPLMG1_7_B2,HASP,LMP,LMP_PRC,LAPLMG1_7_B2,ALL,1,42.52174,4,21
2012-11-15T18:45:00-00:00,2012-11-15T19:00:00-00:00,2012-11-15,11,LAPLMG1_7_B2,LAPLMG1_7_B2,LAPLMG1_7_B2,HASP,LMP,LMP_PRC,LAPLMG1_7_B2,ALL,1,53.56409,4,21
2012-11-15T19:45:00-00:00,2012-11-15T20:00:00-00:00,2012-11-15,12,LAPLMG1_7_B2,LAPLMG1_7_B2,LAPLMG1_7_B2,HASP,LMP,LMP_PRC,LAPLMG1_7_B2,ALL,1,41.49605,4,21
2012-11-15T20:45:00-00:00,2012-11-15T21:00:00-00:00,2012-11-15,13,LAPLMG1_7_B2,LAPLMG1_7_B2,LAPLMG1_7_B2,HASP,LMP,LMP_PRC,LAPLMG1_7_B2,ALL,1,44.40496,4,21
2012-11-15T21:45:00-00:00,2012-11-15T22:00:00-00:00,2012-11-15,14,LAPLMG1_7_B2,LAPLMG1_7_B2,LAPLMG1_7_B2,HASP,LMP,LMP_PRC,LAPLMG1_7_B2,ALL,1,43.15686,4,21
2012-11-15T22:45:00-00:00,2012-11-15T23:00:00-00:00,2012-11-15,15,LAPLMG1_7_B2,LAPLMG1_7_B2,LAPLMG1_7_B2,HASP,LMP,LMP_PRC,LAPLMG1_7_B2,ALL,1,43.48181,4,21
2012-11-15T23:45:00-00:00,2012-11-16T00:00:00-00:00,2012-11-15,16,LAPLMG1_7_B2,LAPLMG1_7_B2,LAPLMG1_7_B2,HASP,LMP,LMP_PRC,LAPLMG1_7_B2,ALL,1,40.10926,4,21
2012-11-16T00:45:00-00:00,2012-11-16T01:00:00-00:00,2012-11-15,17,LAPLMG1_7_B2,LAPLMG1_7_B2,LAPLMG1_7_B2,HASP,LMP,LMP_PRC,LAPLMG1_7_B2,ALL,1,51.16215,4,21
2012-11-16T01:45:00-00:00,2012-11-16T02:00:00-00:00,2012-11-15,18,LAPLMG1_7_B2,LAPLMG1_7_B2,LAPLMG1_7_B2,HASP,LMP,LMP_PRC,LAPLMG1_7_B2,ALL,1,47.13206,4,21
2012-11-16T02:45:00-00:00,2012-11-16T03:00:00-00:00,2012-11-15,19,LAPLMG1_7_B2,LAPLMG1_7_B2,LAPLMG1_7_B2,HASP,LMP,LMP_PRC,LAPLMG1_7_B2,ALL,1,45.19704,4,21
2012-11-16T03:45:00-00:00,2012-11-16T04:00:00-00:00,2012-11-15,20,LAPLMG1_7_B2,LAPLMG1_7_B2,LAPLMG1_7_B2,HASP,LMP,LMP_PRC,LAPLMG1_7_B2,ALL,1,44.29987,4,21
2012-11-16T04:45:00-00:00,2012-11-16T05:00:00-00:00,2012-11-15,21,LAPLMG1_7_B2,LAPLMG1_7_B2,LAPLMG1_7_B2,HASP,LMP,LMP_PRC,LAPLMG1_7_B2,ALL,1,42.91057,4,21
2012-11-16T05:45:00-00:00,2012-11-16T06:00:00-00:00,2012-11-15,22,LAPLMG1_7_B2,LAPLMG1_7_B2,LAPLMG1_7_B2,HASP,LMP,LMP_PRC,LAPLMG1_7_B2,ALL,1,36.02497,4,21
2012-11-16T06:45:00-00:00,2012-11-16T07:00:00-00:00,2012-11-15,23,LAPLMG1_7_B2,LAPLMG1_7_B2,LAPLMG1_7_B2,HASP,LMP,LMP_PRC,LAPLMG1_7_B2,ALL,1,28.11159,4,21
2012-11-16T07:45:00-00:00,2012-11-16T08:00:00-00:00,2012-11-15,24,LAPLMG1_7_B2,LAPLMG1_7_B2,LAPLMG1_7_B2,HASP,LMP,LMP_PRC,LAPLMG1_7_B2,ALL,1,28.10853,4,21
2012-11-15T08:00:00-00:00,2012-11-15T08:15:00-00:00,2012-11-15,01,LAPLMG1_7_B2,LAPLMG1_7_B2,LAPLMG1_7_B2,HASP,MCC,LMP_CONG_PRC,LAPLMG1_7_B2,ALL,1,-0.04149,1,22
2012-11-15T09:00:00-00:00,2012-11-15T09:15:00-00:00,2012-11-15,02,LAPLMG1_7_B2,LAPLMG1_7_B2,LAPLMG1_7_B2,HASP,MCC,LMP_CONG_PRC,LAPLMG1_7_B2,ALL,1,-0.01991,1,22
2012-11-15T10:00:00-00:00,2012-11-15T10:15:00-00:00,2012-11-15,03,LAPLMG1_7_B2,LAPLMG1_7_B2,LAPLMG1_7_B2,HASP,MCC,LMP_CONG_PRC,LAPLMG1_7_B2,ALL,1,0,1,22
2012-11-15T11:00:00-00:00,2012-11-15T11:15:00-00:00,2012-11-15,04,LAPLMG1_7_B2,LAPLMG1_7_B2,LAPLMG1_7_B2,HASP,MCC,LMP_CONG_PRC,LAPLMG1_7_B2,ALL,1,0,1,22
2012-11-15T12:00:00-00:00,2012-11-15T12:15:00-00:00,2012-11-15,05,LAPLMG1_7_B2,LAPLMG1_7_B2,LAPLMG1_7_B2,HASP,MCC,LMP_CONG_PRC,LAPLMG1_7_B2,ALL,1,0,1,22
2012-11-15T13:00:00-00:00,2012-11-15T13:15:00-00:00,2012-11-15,06,LAPLMG1_7_B2,LAPLMG1_7_B2,LAPLMG1_7_B2,HASP,MCC,LMP_CONG_PRC,LAPLMG1_7_B2,ALL,1,0,1,22
2012-11-15T14:00:00-00:00,2012-11-15T14:15:00-00:00,2012-11-15,07,LAPLMG1_7_B2,LAPLMG1_7_B2,LAPLMG1_7_B2,HASP,MCC,LMP_CONG_PRC,LAPLMG1_7_B2,ALL,1,0,1,22
2012-11-15T15:00:00-00:00,2012-11-15T15:15:00-00:00,2012-11-15,08,LAPLMG1_7_B2,LAPLMG1_7_B2,LAPLMG1_7_B2,HASP,MCC,LMP_CONG_PRC,LAPLMG1_7_B2,ALL,1,0,1,22
2012-11-15T16:00:00-00:00,2012-11-15T16:15:00-00:00,2012-11-15,09,LAPLMG1_7_B2,LAPLMG1_7_B2,LAPLMG1_7_B2,HASP,MCC,LMP_CONG_PRC,LAPLMG1_7_B2,ALL,1,0.32239,1,22
2012-11-15T17:00:00-00:00,2012-11-15T17:15:00-00:00,2012-11-15,10,LAPLMG1_7_B2,LAPLMG1_7_B2,LAPLMG1_7_B2,HASP,MCC,LMP_CONG_PRC,LAPLMG1_7_B2,ALL,1,0.08942,1,22
2012-11-15T18:00:00-00:00,2012-11-15T18:15:00-00:00,2012-11-15,11,LAPLMG1_7_B2,LAPLMG1_7_B2,LAPLMG1_7_B2,HASP,MCC,LMP_CONG_PRC,LAPLMG1_7_B2,ALL,1,0.53716,1,22
2012-11-15T19:00:00-00:00,2012-11-15T19:15:00-00:00,2012-11-15,12,LAPLMG1_7_B2,LAPLMG1_7_B2,LAPLMG1_7_B2,HASP,MCC,LMP_CONG_PRC,LAPLMG1_7_B2,ALL,1,0.39518,1,22
2012-11-15T20:00:00-00:00,2012-11-15T20:15:00-00:00,2012-11-15,13,LAPLMG1_7_B2,LAPLMG1_7_B2,LAPLMG1_7_B2,HASP,MCC,LMP_CONG_PRC,LAPLMG1_7_B2,ALL,1,0.44188,1,22
2012-11-15T21:00:00-00:00,2012-11-15T21:15:00-00:00,2012-11-15,14,LAPLMG1_7_B2,LAPLMG1_7_B2,LAPLMG1_7_B2,HASP,MCC,LMP_CONG_PRC,LAPLMG1_7_B2,ALL,1,0.44088,1,22
2012-11-15T22:00:00-00:00,2012-11-15T22:15:00-00:00,2012-11-15,15,LAPLMG1_7_B2,LAPLMG1_7_B2,LAPLMG1_7_B2,HASP,MCC,LMP_CONG_PRC,LAPLMG1_7_B2,ALL,1,0,1,22
2012-11-15T23:00:00-00:00,2012-11-15T23:15:00-00:00,2012-11-15,16,LAPLMG1_7_B2,LAPLMG1_7_B2,LAPLMG1_7_B2,HASP,MCC,LMP_CONG_PRC,LAPLMG1_7_B2,ALL,1,0,1,22
2012-11-16T00:00:00-00:00,2012-11-16T00:15:00-00:00,2012-11-15,17,LAPLMG1_7_B2,LAPLMG1_7_B2,LAPLMG1_7_B2,HASP,MCC,LMP_CONG_PRC,LAPLMG1_7_B2,ALL,1,0,1,22
2012-11-16T01:00:00-00:00,2012-11-16T01:15:00-00:00,2012-11-15,18,LAPLMG1_7_B2,LAPLMG1_7_B2,LAPLMG1_7_B2,HASP,MCC,LMP_CONG_PRC,LAPLMG1_7_B2,ALL,1,0,1,22
2012-11-16T02:00:00-00:00,2012-11-16T02:15:00-00:00,2012-11-15,19,LAPLMG1_7_B2,LAPLMG1_7_B2,LAPLMG1_7_B2,HASP,MCC,LMP_CONG_PRC,LAPLMG1_7_B2,ALL,1,0.82844,1,22
2012-11-16T03:00:00-00:00,2012-11-16T03:15:00-00:00,2012-11-15,20,LAPLMG1_7_B2,LAPLMG1_7_B2,LAPLMG1_7_B2,HASP,MCC,LMP_CONG_PRC,LAPLMG1_7_B2,ALL,1,-0.03643,1,22
2012-11-16T04:00:00-00:00,2012-11-16T04:15:00-00:00,2012-11-15,21,LAPLMG1_7_B2,LAPLMG1_7_B2,LAPLMG1_7_B2,HASP,MCC,LMP_CONG_PRC,LAPLMG1_7_B2,ALL,1,1.91236,1,22
2012-11-16T05:00:00-00:00,2012-11-16T05:15:00-00:00,2012-11-15,22,LAPLMG1_7_B2,LAPLMG1_7_B2,LAPLMG1_7_B2,HASP,MCC,LMP_CONG_PRC,LAPLMG1_7_B2,ALL,1,-0.0774,1,22
2012-11-16T06:00:00-00:00,2012-11-16T06:15:00-00:00,2012-11-15,23,LAPLMG1_7_B2,LAPLMG1_7_B2,LAPLMG1_7_B2,HASP,MCC,LMP_CONG_PRC,LAPLMG1_7_B2,ALL,1,0.34038,1,22
2012-11-16T07:00:00-00:00,2012-11-16T07:15:00-00:00,2012-11-15,24,LAPLMG1_7_B2,LAPLMG1_7_B2,LAPLMG1_7_B2,HASP,MCC,LMP_CONG_PRC,LAPLMG1_7_B2,ALL,1,0.13474,1,22
2012-11-15T08:15:00-00:00,2012-11-15T08:30:00-00:00,2012-11-15,01,LAPLMG1_7_B2,LAPLMG1_7_B2,LAPLMG1_7_B2,HASP,MCC,LMP_CONG_PRC,LAPLMG1_7_B2,ALL,1,-0.0596,2,22
2012-11-15T09:15:00-00:00,2012-11-15T09:30:00-00:00,2012-11-15,02,LAPLMG1_7_B2,LAPLMG1_7_B2,LAPLMG1_7_B2,HASP,MCC,LMP_CONG_PRC,LAPLMG1_7_B2,ALL,1,-0.03699,2,22
2012-11-15T10:15:00-00:00,2012-11-15T10:30:00-00:00,2012-11-15,03,LAPLMG1_7_B2,LAPLMG1_7_B2,LAPLMG1_7_B2,HASP,MCC,LMP_CONG_PRC,LAPLMG1_7_B2,ALL,1,0,2,22
2012-11-15T11:15:00-00:00,2012-11-15T11:30:00-00:00,2012-11-15,04,LAPLMG1_7_B2,LAPLMG1_7_B2,LAPLMG1_7_B2,HASP,MCC,LMP_CONG_PRC,LAPLMG1_7_B2,ALL,1,0,2,22
2012-11-15T12:15:00-00:00,2012-11-15T12:30:00-00:00,2012-11-15,05,LAPLMG1_7_B2,LAPLMG1_7_B2,LAPLMG1_7_B2,HASP,MCC,LMP_CONG_PRC,LAPLMG1_7_B2,ALL,1,0,2,22
2012-11-15T13:15:00-00:00,2012-11-15T13:30:00-00:00,2012-11-15,06,LAPLMG1_7_B2,LAPLMG1_7_B2,LAPLMG1_7_B2,HASP,MCC,LMP_CONG_PRC,LAPLMG1_7_B2,ALL,1,0,2,22
2012-11-15T14:15:00-00:00,2012-11-15T14:30:00-00:00,2012-11-15,07,LAPLMG1_7_B2,LAPLMG1_7_B2,LAPLMG1_7_B2,HASP,MCC,LMP_CONG_PRC,LAPLMG1_7_B2,ALL,1,0,2,22
2012-11-15T15:15:00-00:00,2012-11-15T15:30:00-00:00,2012-11-15,08,LAPLMG1_7_B2,LAPLMG1_7_B2,LAPLMG1_7_B2,HASP,MCC,LMP_CONG_PRC,LAPLMG1_7_B2,ALL,1,0,2,22
2012-11-15T16:15:00-00:00,2012-11-15T16:30:00-00:00,2012-11-15,09,LAPLMG1_7_B2,LAPLMG1_7_B2,LAPLMG1_7_B2,HASP,MCC,LMP_CONG_PRC,LAPLMG1_7_B2,ALL,1,0.50662,2,22
2012-11-15T17:15:00-00:00,2012-11-15T17:30:00-00:00,2012-11-15,10,LAPLMG1_7_B2,LAPLMG1_7_B2,LAPLMG1_7_B2,HASP,MCC,LMP_CONG_PRC,LAPLMG1_7_B2,ALL,1,0.07961,2,22
2012-11-15T18:15:00-00:00,2012-11-15T18:30:00-00:00,2012-11-15,11,LAPLMG1_7_B2,LAPLMG1_7_B2,LAPLMG1_7_B2,HASP,MCC,LMP_CONG_PRC,LAPLMG1_7_B2,ALL,1,0.53262,2,22
2012-11-15T19:15:00-00:00,2012-11-15T19:30:00-00:00,2012-11-15,12,LAPLMG1_7_B2,LAPLMG1_7_B2,LAPLMG1_7_B2,HASP,MCC,LMP_CONG_PRC,LAPLMG1_7_B2,ALL,1,0.39571,2,22
2012-11-15T20:15:00-00:00,2012-11-15T20:30:00-00:00,2012-11-15,13,LAPLMG1_7_B2,LAPLMG1_7_B2,LAPLMG1_7_B2,HASP,MCC,LMP_CONG_PRC,LAPLMG1_7_B2,ALL,1,0.43118,2,22
2012-11-15T21:15:00-00:00,2012-11-15T21:30:00-00:00,2012-11-15,14,LAPLMG1_7_B2,LAPLMG1_7_B2,LAPLMG1_7_B2,HASP,MCC,LMP_CONG_PRC,LAPLMG1_7_B2,ALL,1,0,2,22
2012-11-15T22:15:00-00:00,2012-11-15T22:30:00-00:00,2012-11-15,15,LAPLMG1_7_B2,LAPLMG1_7_B2,LAPLMG1_7_B2,HASP,MCC,LMP_CONG_PRC,LAPLMG1_7_B2,ALL,1,0,2,22
2012-11-15T23:15:00-00:00,2012-11-15T23:30:00-00:00,2012-11-15,16,LAPLMG1_7_B2,LAPLMG1_7_B2,LAPLMG1_7_B2,HASP,MCC,LMP_CONG_PRC,LAPLMG1_7_B2,ALL,1,0,2,22
2012-11-16T00:15:00-00:00,2012-11-16T00:30:00-00:00,2012-11-15,17,LAPLMG1_7_B2,LAPLMG1_7_B2,LAPLMG1_7_B2,HASP,MCC,LMP_CONG_PRC,LAPLMG1_7_B2,ALL,1,0,2,22
2012-11-16T01:15:00-00:00,2012-11-16T01:30:00-00:00,2012-11-15,18,LAPLMG1_7_B2,LAPLMG1_7_B2,LAPLMG1_7_B2,HASP,MCC,LMP_CONG_PRC,LAPLMG1_7_B2,ALL,1,0,2,22
2012-11-16T02:15:00-00:00,2012-11-16T02:30:00-00:00,2012-11-15,19,LAPLMG1_7_B2,LAPLMG1_7_B2,LAPLMG1_7_B2,HASP,MCC,LMP_CONG_PRC,LAPLMG1_7_B2,ALL,1,0,2,22
2012-11-16T03:15:00-00:00,2012-11-16T03:30:00-00:00,2012-11-15,20,LAPLMG1_7_B2,LAPLMG1_7_B2,LAPLMG1_7_B2,HASP,MCC,LMP_CONG_PRC,LAPLMG1_7_B2,ALL,1,1.79782,2,22
2012-11-16T04:15:00-00:00,2012-11-16T04:30:00-00:00,2012-11-15,21,LAPLMG1_7_B2,LAPLMG1_7_B2,LAPLMG1_7_B2,HASP,MCC,LMP_CONG_PRC,LAPLMG1_7_B2,ALL,1,1.62741,2,22
2012-11-16T05:15:00-00:00,2012-11-16T05:30:00-00:00,2012-11-15,22,LAPLMG1_7_B2,LAPLMG1_7_B2,LAPLMG1_7_B2,HASP,MCC,LMP_CONG_PRC,LAPLMG1_7_B2,ALL,1,0.23381,2,22
2012-11-16T06:15:00-00:00,2012-11-16T06:30:00-00:00,2012-11-15,23,LAPLMG1_7_B2,LAPLMG1_7_B2,LAPLMG1_7_B2,HASP,MCC,LMP_CONG_PRC,LAPLMG1_7_B2,ALL,1,0.21009,2,22
2012-11-16T07:15:00-00:00,2012-11-16T07:30:00-00:00,2012-11-15,24,LAPLMG1_7_B2,LAPLMG1_7_B2,LAPLMG1_7_B2,HASP,MCC,LMP_CONG_PRC,LAPLMG1_7_B2,ALL,1,0.05065,2,22
2012-11-15T08:30:00-00:00,2012-11-15T08:45:00-00:00,2012-11-15,01,LAPLMG1_7_B2,LAPLMG1_7_B2,LAPLMG1_7_B2,HASP,MCC,LMP_CONG_PRC,LAPLMG1_7_B2,ALL,1,-0.0682,3,22
2012-11-15T09:30:00-00:00,2012-11-15T09:45:00-00:00,2012-11-15,02,LAPLMG1_7_B2,LAPLMG1_7_B2,LAPLMG1_7_B2,HASP,MCC,LMP_CONG_PRC,LAPLMG1_7_B2,ALL,1,-0.04608,3,22
2012-11-15T10:30:00-00:00,2012-11-15T10:45:00-00:00,2012-11-15,03,LAPLMG1_7_B2,LAPLMG1_7_B2,LAPLMG1_7_B2,HASP,MCC,LMP_CONG_PRC,LAPLMG1_7_B2,ALL,1,0,3,22
2012-11-15T11:30:00-00:00,2012-11-15T11:45:00-00:00,2012-11-15,04,LAPLMG1_7_B2,LAPLMG1_7_B2,LAPLMG1_7_B2,HASP,MCC,LMP_CONG_PRC,LAPLMG1_7_B2,ALL,1,0,3,22
2012-11-15T12:30:00-00:00,2012-11-15T12:45:00-00:00,2012-11-15,05,LAPLMG1_7_B2,LAPLMG1_7_B2,LAPLMG1_7_B2,HASP,MCC,LMP_CONG_PRC,LAPLMG1_7_B2,ALL,1,0,3,22
2012-11-15T13:30:00-00:00,2012-11-15T13:45:00-00:00,2012-11-15,06,LAPLMG1_7_B2,LAPLMG1_7_B2,LAPLMG1_7_B2,HASP,MCC,LMP_CONG_PRC,LAPLMG1_7_B2,ALL,1,0,3,22
2012-11-15T14:30:00-00:00,2012-11-15T14:45:00-00:00,2012-11-15,07,LAPLMG1_7_B2,LAPLMG1_7_B2,LAPLMG1_7_B2,HASP,MCC,LMP_CONG_PRC,LAPLMG1_7_B2,ALL,1,0,3,22
2012-11-15T15:30:00-00:00,2012-11-15T15:45:00-00:00,2012-11-15,08,LAPLMG1_7_B2,LAPLMG1_7_B2,LAPLMG1_7_B2,HASP,MCC,LMP_CONG_PRC,LAPLMG1_7_B2,ALL,1,0.08287,3,22
2012-11-15T16:30:00-00:00,2012-11-15T16:45:00-00:00,2012-11-15,09,LAPLMG1_7_B2,LAPLMG1_7_B2,LAPLMG1_7_B2,HASP,MCC,LMP_CONG_PRC,LAPLMG1_7_B2,ALL,1,0.41026,3,22
2012-11-15T17:30:00-00:00,2012-11-15T17:45:00-00:00,2012-11-15,10,LAPLMG1_7_B2,LAPLMG1_7_B2,LAPLMG1_7_B2,HASP,MCC,LMP_CONG_PRC,LAPLMG1_7_B2,ALL,1,0.1227,3,22
2012-11-15T18:30:00-00:00,2012-11-15T18:45:00-00:00,2012-11-15,11,LAPLMG1_7_B2,LAPLMG1_7_B2,LAPLMG1_7_B2,HASP,MCC,LMP_CONG_PRC,LAPLMG1_7_B2,ALL,1,0.33286,3,22
2012-11-15T19:30:00-00:00,2012-11-15T19:45:00-00:00,2012-11-15,12,LAPLMG1_7_B2,LAPLMG1_7_B2,LAPLMG1_7_B2,HASP,MCC,LMP_CONG_PRC,LAPLMG1_7_B2,ALL,1,0.39571,3,22
2012-11-15T20:30:00-00:00,2012-11-15T20:45:00-00:00,2012-11-15,13,LAPLMG1_7_B2,LAPLMG1_7_B2,LAPLMG1_7_B2,HASP,MCC,LMP_CONG_PRC,LAPLMG1_7_B2,ALL,1,0.43572,3,22
2012-11-15T21:30:00-00:00,2012-11-15T21:45:00-00:00,2012-11-15,14,LAPLMG1_7_B2,LAPLMG1_7_B2,LAPLMG1_7_B2,HASP,MCC,LMP_CONG_PRC,LAPLMG1_7_B2,ALL,1,0,3,22
2012-11-15T22:30:00-00:00,2012-11-15T22:45:00-00:00,2012-11-15,15,LAPLMG1_7_B2,LAPLMG1_7_B2,LAPLMG1_7_B2,HASP,MCC,LMP_CONG_PRC,LAPLMG1_7_B2,ALL,1,0,3,22
2012-11-15T23:30:00-00:00,2012-11-15T23:45:00-00:00,2012-11-15,16,LAPLMG1_7_B2,LAPLMG1_7_B2,LAPLMG1_7_B2,HASP,MCC,LMP_CONG_PRC,LAPLMG1_7_B2,ALL,1,0,3,22
2012-11-16T00:30:00-00:00,2012-11-16T00:45:00-00:00,2012-11-15,17,LAPLMG1_7_B2,LAPLMG1_7_B2,LAPLMG1_7_B2,HASP,MCC,LMP_CONG_PRC,LAPLMG1_7_B2,ALL,1,0.86874,3,22
2012-11-16T01:30:00-00:00,2012-11-16T01:45:00-00:00,2012-11-15,18,LAPLMG1_7_B2,LAPLMG1_7_B2,LAPLMG1_7_B2,HASP,MCC,LMP_CONG_PRC,LAPLMG1_7_B2,ALL,1,0,3,22
2012-11-16T02:30:00-00:00,2012-11-16T02:45:00-00:00,2012-11-15,19,LAPLMG1_7_B2,LAPLMG1_7_B2,LAPLMG1_7_B2,HASP,MCC,LMP_CONG_PRC,LAPLMG1_7_B2,ALL,1,0.0727,3,22
2012-11-16T03:30:00-00:00,2012-11-16T03:45:00-00:00,2012-11-15,20,LAPLMG1_7_B2,LAPLMG1_7_B2,LAPLMG1_7_B2,HASP,MCC,LMP_CONG_PRC,LAPLMG1_7_B2,ALL,1,0,3,22
2012-11-16T04:30:00-00:00,2012-11-16T04:45:00-00:00,2012-11-15,21,LAPLMG1_7_B2,LAPLMG1_7_B2,LAPLMG1_7_B2,HASP,MCC,LMP_CONG_PRC,LAPLMG1_7_B2,ALL,1,0.73857,3,22
2012-11-16T05:30:00-00:00,2012-11-16T05:45:00-00:00,2012-11-15,22,LAPLMG1_7_B2,LAPLMG1_7_B2,LAPLMG1_7_B2,HASP,MCC,LMP_CONG_PRC,LAPLMG1_7_B2,ALL,1,0.98767,3,22
2012-11-16T06:30:00-00:00,2012-11-16T06:45:00-00:00,2012-11-15,23,LAPLMG1_7_B2,LAPLMG1_7_B2,LAPLMG1_7_B2,HASP,MCC,LMP_CONG_PRC,LAPLMG1_7_B2,ALL,1,0.05605,3,22
2012-11-16T07:30:00-00:00,2012-11-16T07:45:00-00:00,2012-11-15,24,LAPLMG1_7_B2,LAPLMG1_7_B2,LAPLMG1_7_B2,HASP,MCC,LMP_CONG_PRC,LAPLMG1_7_B2,ALL,1,-0.04194,3,22
2012-11-15T08:45:00-00:00,2012-11-15T09:00:00-00:00,2012-11-15,01,LAPLMG1_7_B2,LAPLMG1_7_B2,LAPLMG1_7_B2,HASP,MCC,LMP_CONG_PRC,LAPLMG1_7_B2,ALL,1,-0.04937,4,22
2012-11-15T09:45:00-00:00,2012-11-15T10:00:00-00:00,2012-11-15,02,LAPLMG1_7_B2,LAPLMG1_7_B2,LAPLMG1_7_B2,HASP,MCC,LMP_CONG_PRC,LAPLMG1_7_B2,ALL,1,-0.03536,4,22
2012-11-15T10:45:00-00:00,2012-11-15T11:00:00-00:00,2012-11-15,03,LAPLMG1_7_B2,LAPLMG1_7_B2,LAPLMG1_7_B2,HASP,MCC,LMP_CONG_PRC,LAPLMG1_7_B2,ALL,1,0,4,22
2012-11-15T11:45:00-00:00,2012-11-15T12:00:00-00:00,2012-11-15,04,LAPLMG1_7_B2,LAPLMG1_7_B2,LAPLMG1_7_B2,HASP,MCC,LMP_CONG_PRC,LAPLMG1_7_B2,ALL,1,0,4,22
2012-11-15T12:45:00-00:00,2012-11-15T13:00:00-00:00,2012-11-15,05,LAPLMG1_7_B2,LAPLMG1_7_B2,LAPLMG1_7_B2,HASP,MCC,LMP_CONG_PRC,LAPLMG1_7_B2,ALL,1,0,4,22
2012-11-15T13:45:00-00:00,2012-11-15T14:00:00-00:00,2012-11-15,06,LAPLMG1_7_B2,LAPLMG1_7_B2,LAPLMG1_7_B2,HASP,MCC,LMP_CONG_PRC,LAPLMG1_7_B2,ALL,1,0,4,22
2012-11-15T14:45:00-00:00,2012-11-15T15:00:00-00:00,2012-11-15,07,LAPLMG1_7_B2,LAPLMG1_7_B2,LAPLMG1_7_B2,HASP,MCC,LMP_CONG_PRC,LAPLMG1_7_B2,ALL,1,0,4,22
2012-11-15T15:45:00-00:00,2012-11-15T16:00:00-00:00,2012-11-15,08,LAPLMG1_7_B2,LAPLMG1_7_B2,LAPLMG1_7_B2,HASP,MCC,LMP_CONG_PRC,LAPLMG1_7_B2,ALL,1,0.12754,4,22
2012-11-15T16:45:00-00:00,2012-11-15T17:00:00-00:00,2012-11-15,09,LAPLMG1_7_B2,LAPLMG1_7_B2,LAPLMG1_7_B2,HASP,MCC,LMP_CONG_PRC,LAPLMG1_7_B2,ALL,1,1.19926,4,22
2012-11-15T17:45:00-00:00,2012-11-15T18:00:00-00:00,2012-11-15,10,LAPLMG1_7_B2,LAPLMG1_7_B2,LAPLMG1_7_B2,HASP,MCC,LMP_CONG_PRC,LAPLMG1_7_B2,ALL,1,0.21372,4,22
2012-11-15T18:45:00-00:00,2012-11-15T19:00:00-00:00,2012-11-15,11,LAPLMG1_7_B2,LAPLMG1_7_B2,LAPLMG1_7_B2,HASP,MCC,LMP_CONG_PRC,LAPLMG1_7_B2,ALL,1,2.37021,4,22
2012-11-15T19:45:00-00:00,2012-11-15T20:00:00-00:00,2012-11-15,12,LAPLMG1_7_B2,LAPLMG1_7_B2,LAPLMG1_7_B2,HASP,MCC,LMP_CONG_PRC,LAPLMG1_7_B2,ALL,1,0.43443,4,22
2012-11-15T20:45:00-00:00,2012-11-15T21:00:00-00:00,2012-11-15,13,LAPLMG1_7_B2,LAPLMG1_7_B2,LAPLMG1_7_B2,HASP,MCC,LMP_CONG_PRC,LAPLMG1_7_B2,ALL,1,0.46142,4,22
2012-11-15T21:45:00-00:00,2012-11-15T22:00:00-00:00,2012-11-15,14,LAPLMG1_7_B2,LAPLMG1_7_B2,LAPLMG1_7_B2,HASP,MCC,LMP_CONG_PRC,LAPLMG1_7_B2,ALL,1,0,4,22
2012-11-15T22:45:00-00:00,2012-11-15T23:00:00-00:00,2012-11-15,15,LAPLMG1_7_B2,LAPLMG1_7_B2,LAPLMG1_7_B2,HASP,MCC,LMP_CONG_PRC,LAPLMG1_7_B2,ALL,1,0,4,22
2012-11-15T23:45:00-00:00,2012-11-16T00:00:00-00:00,2012-11-15,16,LAPLMG1_7_B2,LAPLMG1_7_B2,LAPLMG1_7_B2,HASP,MCC,LMP_CONG_PRC,LAPLMG1_7_B2,ALL,1,0,4,22
2012-11-16T00:45:00-00:00,2012-11-16T01:00:00-00:00,2012-11-15,17,LAPLMG1_7_B2,LAPLMG1_7_B2,LAPLMG1_7_B2,HASP,MCC,LMP_CONG_PRC,LAPLMG1_7_B2,ALL,1,0,4,22
2012-11-16T01:45:00-00:00,2012-11-16T02:00:00-00:00,2012-11-15,18,LAPLMG1_7_B2,LAPLMG1_7_B2,LAPLMG1_7_B2,HASP,MCC,LMP_CONG_PRC,LAPLMG1_7_B2,ALL,1,0,4,22
2012-11-16T02:45:00-00:00,2012-11-16T03:00:00-00:00,2012-11-15,19,LAPLMG1_7_B2,LAPLMG1_7_B2,LAPLMG1_7_B2,HASP,MCC,LMP_CONG_PRC,LAPLMG1_7_B2,ALL,1,0.66112,4,22
2012-11-16T03:45:00-00:00,2012-11-16T04:00:00-00:00,2012-11-15,20,LAPLMG1_7_B2,LAPLMG1_7_B2,LAPLMG1_7_B2,HASP,MCC,LMP_CONG_PRC,LAPLMG1_7_B2,ALL,1,0,4,22
2012-11-16T04:45:00-00:00,2012-11-16T05:00:00-00:00,2012-11-15,21,LAPLMG1_7_B2,LAPLMG1_7_B2,LAPLMG1_7_B2,HASP,MCC,LMP_CONG_PRC,LAPLMG1_7_B2,ALL,1,1.01787,4,22
2012-11-16T05:45:00-00:00,2012-11-16T06:00:00-00:00,2012-11-15,22,LAPLMG1_7_B2,LAPLMG1_7_B2,LAPLMG1_7_B2,HASP,MCC,LMP_CONG_PRC,LAPLMG1_7_B2,ALL,1,0.78327,4,22
2012-11-16T06:45:00-00:00,2012-11-16T07:00:00-00:00,2012-11-15,23,LAPLMG1_7_B2,LAPLMG1_7_B2,LAPLMG1_7_B2,HASP,MCC,LMP_CONG_PRC,LAPLMG1_7_B2,ALL,1,-0.03631,4,22
2012-11-16T07:45:00-00:00,2012-11-16T08:00:00-00:00,2012-11-15,24,LAPLMG1_7_B2,LAPLMG1_7_B2,LAPLMG1_7_B2,HASP,MCC,LMP_CONG_PRC,LAPLMG1_7_B2,ALL,1,-0.04231,4,22
2012-11-15T08:00:00-00:00,2012-11-15T08:15:00-00:00,2012-11-15,01,LAPLMG1_7_B2,LAPLMG1_7_B2,LAPLMG1_7_B2,HASP,MCE,LMP_ENE_PRC,LAPLMG1_7_B2,ALL,1,29.0876,1,23
2012-11-15T09:00:00-00:00,2012-11-15T09:15:00-00:00,2012-11-15,02,LAPLMG1_7_B2,LAPLMG1_7_B2,LAPLMG1_7_B2,HASP,MCE,LMP_ENE_PRC,LAPLMG1_7_B2,ALL,1,30.11023,1,23
2012-11-15T10:00:00-00:00,2012-11-15T10:15:00-00:00,2012-11-15,03,LAPLMG1_7_B2,LAPLMG1_7_B2,LAPLMG1_7_B2,HASP,MCE,LMP_ENE_PRC,LAPLMG1_7_B2,ALL,1,29.1893,1,23
2012-11-15T11:00:00-00:00,2012-11-15T11:15:00-00:00,2012-11-15,04,LAPLMG1_7_B2,LAPLMG1_7_B2,LAPLMG1_7_B2,HASP,MCE,LMP_ENE_PRC,LAPLMG1_7_B2,ALL,1,27.78732,1,23
2012-11-15T12:00:00-00:00,2012-11-15T12:15:00-00:00,2012-11-15,05,LAPLMG1_7_B2,LAPLMG1_7_B2,LAPLMG1_7_B2,HASP,MCE,LMP_ENE_PRC,LAPLMG1_7_B2,ALL,1,28.14512,1,23
2012-11-15T13:00:00-00:00,2012-11-15T13:15:00-00:00,2012-11-15,06,LAPLMG1_7_B2,LAPLMG1_7_B2,LAPLMG1_7_B2,HASP,MCE,LMP_ENE_PRC,LAPLMG1_7_B2,ALL,1,29.23311,1,23
2012-11-15T14:00:00-00:00,2012-11-15T14:15:00-00:00,2012-11-15,07,LAPLMG1_7_B2,LAPLMG1_7_B2,LAPLMG1_7_B2,HASP,MCE,LMP_ENE_PRC,LAPLMG1_7_B2,ALL,1,33.88975,1,23
2012-11-15T15:00:00-00:00,2012-11-15T15:15:00-00:00,2012-11-15,08,LAPLMG1_7_B2,LAPLMG1_7_B2,LAPLMG1_7_B2,HASP,MCE,LMP_ENE_PRC,LAPLMG1_7_B2,ALL,1,43.49542,1,23
2012-11-15T16:00:00-00:00,2012-11-15T16:15:00-00:00,2012-11-15,09,LAPLMG1_7_B2,LAPLMG1_7_B2,LAPLMG1_7_B2,HASP,MCE,LMP_ENE_PRC,LAPLMG1_7_B2,ALL,1,39.99108,1,23
2012-11-15T17:00:00-00:00,2012-11-15T17:15:00-00:00,2012-11-15,10,LAPLMG1_7_B2,LAPLMG1_7_B2,LAPLMG1_7_B2,HASP,MCE,LMP_ENE_PRC,LAPLMG1_7_B2,ALL,1,38.49393,1,23
2012-11-15T18:00:00-00:00,2012-11-15T18:15:00-00:00,2012-11-15,11,LAPLMG1_7_B2,LAPLMG1_7_B2,LAPLMG1_7_B2,HASP,MCE,LMP_ENE_PRC,LAPLMG1_7_B2,ALL,1,50.56898,1,23
2012-11-15T19:00:00-00:00,2012-11-15T19:15:00-00:00,2012-11-15,12,LAPLMG1_7_B2,LAPLMG1_7_B2,LAPLMG1_7_B2,HASP,MCE,LMP_ENE_PRC,LAPLMG1_7_B2,ALL,1,43.4711,1,23
2012-11-15T20:00:00-00:00,2012-11-15T20:15:00-00:00,2012-11-15,13,LAPLMG1_7_B2,LAPLMG1_7_B2,LAPLMG1_7_B2,HASP,MCE,LMP_ENE_PRC,LAPLMG1_7_B2,ALL,1,45.36353,1,23
2012-11-15T21:00:00-00:00,2012-11-15T21:15:00-00:00,2012-11-15,14,LAPLMG1_7_B2,LAPLMG1_7_B2,LAPLMG1_7_B2,HASP,MCE,LMP_ENE_PRC,LAPLMG1_7_B2,ALL,1,45.70768,1,23
2012-11-15T22:00:00-00:00,2012-11-15T22:15:00-00:00,2012-11-15,15,LAPLMG1_7_B2,LAPLMG1_7_B2,LAPLMG1_7_B2,HASP,MCE,LMP_ENE_PRC,LAPLMG1_7_B2,ALL,1,45.73574,1,23
2012-11-15T23:00:00-00:00,2012-11-15T23:15:00-00:00,2012-11-15,16,LAPLMG1_7_B2,LAPLMG1_7_B2,LAPLMG1_7_B2,HASP,MCE,LMP_ENE_PRC,LAPLMG1_7_B2,ALL,1,42.41027,1,23
2012-11-16T00:00:00-00:00,2012-11-16T00:15:00-00:00,2012-11-15,17,LAPLMG1_7_B2,LAPLMG1_7_B2,LAPLMG1_7_B2,HASP,MCE,LMP_ENE_PRC,LAPLMG1_7_B2,ALL,1,38.76826,1,23
2012-11-16T01:00:00-00:00,2012-11-16T01:15:00-00:00,2012-11-15,18,LAPLMG1_7_B2,LAPLMG1_7_B2,LAPLMG1_7_B2,HASP,MCE,LMP_ENE_PRC,LAPLMG1_7_B2,ALL,1,45.93284,1,23
2012-11-16T02:00:00-00:00,2012-11-16T02:15:00-00:00,2012-11-15,19,LAPLMG1_7_B2,LAPLMG1_7_B2,LAPLMG1_7_B2,HASP,MCE,LMP_ENE_PRC,LAPLMG1_7_B2,ALL,1,56.51165,1,23
2012-11-16T03:00:00-00:00,2012-11-16T03:15:00-00:00,2012-11-15,20,LAPLMG1_7_B2,LAPLMG1_7_B2,LAPLMG1_7_B2,HASP,MCE,LMP_ENE_PRC,LAPLMG1_7_B2,ALL,1,61.31417,1,23
2012-11-16T04:00:00-00:00,2012-11-16T04:15:00-00:00,2012-11-15,21,LAPLMG1_7_B2,LAPLMG1_7_B2,LAPLMG1_7_B2,HASP,MCE,LMP_ENE_PRC,LAPLMG1_7_B2,ALL,1,56.28403,1,23
2012-11-16T05:00:00-00:00,2012-11-16T05:15:00-00:00,2012-11-15,22,LAPLMG1_7_B2,LAPLMG1_7_B2,LAPLMG1_7_B2,HASP,MCE,LMP_ENE_PRC,LAPLMG1_7_B2,ALL,1,50.01177,1,23
2012-11-16T06:00:00-00:00,2012-11-16T06:15:00-00:00,2012-11-15,23,LAPLMG1_7_B2,LAPLMG1_7_B2,LAPLMG1_7_B2,HASP,MCE,LMP_ENE_PRC,LAPLMG1_7_B2,ALL,1,47.49128,1,23
2012-11-16T07:00:00-00:00,2012-11-16T07:15:00-00:00,2012-11-15,24,LAPLMG1_7_B2,LAPLMG1_7_B2,LAPLMG1_7_B2,HASP,MCE,LMP_ENE_PRC,LAPLMG1_7_B2,ALL,1,37.76791,1,23
2012-11-15T08:15:00-00:00,2012-11-15T08:30:00-00:00,2012-11-15,01,LAPLMG1_7_B2,LAPLMG1_7_B2,LAPLMG1_7_B2,HASP,MCE,LMP_ENE_PRC,LAPLMG1_7_B2,ALL,1,28.21757,2,23
2012-11-15T09:15:00-00:00,2012-11-15T09:30:00-00:00,2012-11-15,02,LAPLMG1_7_B2,LAPLMG1_7_B2,LAPLMG1_7_B2,HASP,MCE,LMP_ENE_PRC,LAPLMG1_7_B2,ALL,1,29.2392,2,23
2012-11-15T10:15:00-00:00,2012-11-15T10:30:00-00:00,2012-11-15,03,LAPLMG1_7_B2,LAPLMG1_7_B2,LAPLMG1_7_B2,HASP,MCE,LMP_ENE_PRC,LAPLMG1_7_B2,ALL,1,28.68034,2,23
2012-11-15T11:15:00-00:00,2012-11-15T11:30:00-00:00,2012-11-15,04,LAPLMG1_7_B2,LAPLMG1_7_B2,LAPLMG1_7_B2,HASP,MCE,LMP_ENE_PRC,LAPLMG1_7_B2,ALL,1,27.8267,2,23
2012-11-15T12:15:00-00:00,2012-11-15T12:30:00-00:00,2012-11-15,05,LAPLMG1_7_B2,LAPLMG1_7_B2,LAPLMG1_7_B2,HASP,MCE,LMP_ENE_PRC,LAPLMG1_7_B2,ALL,1,29.15643,2,23
2012-11-15T13:15:00-00:00,2012-11-15T13:30:00-00:00,2012-11-15,06,LAPLMG1_7_B2,LAPLMG1_7_B2,LAPLMG1_7_B2,HASP,MCE,LMP_ENE_PRC,LAPLMG1_7_B2,ALL,1,31.08287,2,23
2012-11-15T14:15:00-00:00,2012-11-15T14:30:00-00:00,2012-11-15,07,LAPLMG1_7_B2,LAPLMG1_7_B2,LAPLMG1_7_B2,HASP,MCE,LMP_ENE_PRC,LAPLMG1_7_B2,ALL,1,40.92295,2,23
2012-11-15T15:15:00-00:00,2012-11-15T15:30:00-00:00,2012-11-15,08,LAPLMG1_7_B2,LAPLMG1_7_B2,LAPLMG1_7_B2,HASP,MCE,LMP_ENE_PRC,LAPLMG1_7_B2,ALL,1,40.42298,2,23
2012-11-15T16:15:00-00:00,2012-11-15T16:30:00-00:00,2012-11-15,09,LAPLMG1_7_B2,LAPLMG1_7_B2,LAPLMG1_7_B2,HASP,MCE,LMP_ENE_PRC,LAPLMG1_7_B2,ALL,1,44.19687,2,23
2012-11-15T17:15:00-00:00,2012-11-15T17:30:00-00:00,2012-11-15,10,LAPLMG1_7_B2,LAPLMG1_7_B2,LAPLMG1_7_B2,HASP,MCE,LMP_ENE_PRC,LAPLMG1_7_B2,ALL,1,37.98865,2,23
2012-11-15T18:15:00-00:00,2012-11-15T18:30:00-00:00,2012-11-15,11,LAPLMG1_7_B2,LAPLMG1_7_B2,LAPLMG1_7_B2,HASP,MCE,LMP_ENE_PRC,LAPLMG1_7_B2,ALL,1,50.35648,2,23
2012-11-15T19:15:00-00:00,2012-11-15T19:30:00-00:00,2012-11-15,12,LAPLMG1_7_B2,LAPLMG1_7_B2,LAPLMG1_7_B2,HASP,MCE,LMP_ENE_PRC,LAPLMG1_7_B2,ALL,1,43.48406,2,23
2012-11-15T20:15:00-00:00,2012-11-15T20:30:00-00:00,2012-11-15,13,LAPLMG1_7_B2,LAPLMG1_7_B2,LAPLMG1_7_B2,HASP,MCE,LMP_ENE_PRC,LAPLMG1_7_B2,ALL,1,44.84588,2,23
2012-11-15T21:15:00-00:00,2012-11-15T21:30:00-00:00,2012-11-15,14,LAPLMG1_7_B2,LAPLMG1_7_B2,LAPLMG1_7_B2,HASP,MCE,LMP_ENE_PRC,LAPLMG1_7_B2,ALL,1,46.16975,2,23
2012-11-15T22:15:00-00:00,2012-11-15T22:30:00-00:00,2012-11-15,15,LAPLMG1_7_B2,LAPLMG1_7_B2,LAPLMG1_7_B2,HASP,MCE,LMP_ENE_PRC,LAPLMG1_7_B2,ALL,1,45.47851,2,23
2012-11-15T23:15:00-00:00,2012-11-15T23:30:00-00:00,2012-11-15,16,LAPLMG1_7_B2,LAPLMG1_7_B2,LAPLMG1_7_B2,HASP,MCE,LMP_ENE_PRC,LAPLMG1_7_B2,ALL,1,42.32963,2,23
2012-11-16T00:15:00-00:00,2012-11-16T00:30:00-00:00,2012-11-15,17,LAPLMG1_7_B2,LAPLMG1_7_B2,LAPLMG1_7_B2,HASP,MCE,LMP_ENE_PRC,LAPLMG1_7_B2,ALL,1,42.43154,2,23
2012-11-16T01:15:00-00:00,2012-11-16T01:30:00-00:00,2012-11-15,18,LAPLMG1_7_B2,LAPLMG1_7_B2,LAPLMG1_7_B2,HASP,MCE,LMP_ENE_PRC,LAPLMG1_7_B2,ALL,1,50.40538,2,23
2012-11-16T02:15:00-00:00,2012-11-16T02:30:00-00:00,2012-11-15,19,LAPLMG1_7_B2,LAPLMG1_7_B2,LAPLMG1_7_B2,HASP,MCE,LMP_ENE_PRC,LAPLMG1_7_B2,ALL,1,49.33413,2,23
2012-11-16T03:15:00-00:00,2012-11-16T03:30:00-00:00,2012-11-15,20,LAPLMG1_7_B2,LAPLMG1_7_B2,LAPLMG1_7_B2,HASP,MCE,LMP_ENE_PRC,LAPLMG1_7_B2,ALL,1,57.53935,2,23
2012-11-16T04:15:00-00:00,2012-11-16T04:30:00-00:00,2012-11-15,21,LAPLMG1_7_B2,LAPLMG1_7_B2,LAPLMG1_7_B2,HASP,MCE,LMP_ENE_PRC,LAPLMG1_7_B2,ALL,1,52.55553,2,23
2012-11-16T05:15:00-00:00,2012-11-16T05:30:00-00:00,2012-11-15,22,LAPLMG1_7_B2,LAPLMG1_7_B2,LAPLMG1_7_B2,HASP,MCE,LMP_ENE_PRC,LAPLMG1_7_B2,ALL,1,44.65652,2,23
2012-11-16T06:15:00-00:00,2012-11-16T06:30:00-00:00,2012-11-15,23,LAPLMG1_7_B2,LAPLMG1_7_B2,LAPLMG1_7_B2,HASP,MCE,LMP_ENE_PRC,LAPLMG1_7_B2,ALL,1,41.351,2,23
2012-11-16T07:15:00-00:00,2012-11-16T07:30:00-00:00,2012-11-15,24,LAPLMG1_7_B2,LAPLMG1_7_B2,LAPLMG1_7_B2,HASP,MCE,LMP_ENE_PRC,LAPLMG1_7_B2,ALL,1,33.76761,2,23
2012-11-15T08:30:00-00:00,2012-11-15T08:45:00-00:00,2012-11-15,01,LAPLMG1_7_B2,LAPLMG1_7_B2,LAPLMG1_7_B2,HASP,MCE,LMP_ENE_PRC,LAPLMG1_7_B2,ALL,1,27.78505,3,23
2012-11-15T09:30:00-00:00,2012-11-15T09:45:00-00:00,2012-11-15,02,LAPLMG1_7_B2,LAPLMG1_7_B2,LAPLMG1_7_B2,HASP,MCE,LMP_ENE_PRC,LAPLMG1_7_B2,ALL,1,28.78588,3,23
2012-11-15T10:30:00-00:00,2012-11-15T10:45:00-00:00,2012-11-15,03,LAPLMG1_7_B2,LAPLMG1_7_B2,LAPLMG1_7_B2,HASP,MCE,LMP_ENE_PRC,LAPLMG1_7_B2,ALL,1,28.21772,3,23
2012-11-15T11:30:00-00:00,2012-11-15T11:45:00-00:00,2012-11-15,04,LAPLMG1_7_B2,LAPLMG1_7_B2,LAPLMG1_7_B2,HASP,MCE,LMP_ENE_PRC,LAPLMG1_7_B2,ALL,1,28.13552,3,23
2012-11-15T12:30:00-00:00,2012-11-15T12:45:00-00:00,2012-11-15,05,LAPLMG1_7_B2,LAPLMG1_7_B2,LAPLMG1_7_B2,HASP,MCE,LMP_ENE_PRC,LAPLMG1_7_B2,ALL,1,31.78222,3,23
2012-11-15T13:30:00-00:00,2012-11-15T13:45:00-00:00,2012-11-15,06,LAPLMG1_7_B2,LAPLMG1_7_B2,LAPLMG1_7_B2,HASP,MCE,LMP_ENE_PRC,LAPLMG1_7_B2,ALL,1,38.25221,3,23
2012-11-15T14:30:00-00:00,2012-11-15T14:45:00-00:00,2012-11-15,07,LAPLMG1_7_B2,LAPLMG1_7_B2,LAPLMG1_7_B2,HASP,MCE,LMP_ENE_PRC,LAPLMG1_7_B2,ALL,1,41.50411,3,23
2012-11-15T15:30:00-00:00,2012-11-15T15:45:00-00:00,2012-11-15,08,LAPLMG1_7_B2,LAPLMG1_7_B2,LAPLMG1_7_B2,HASP,MCE,LMP_ENE_PRC,LAPLMG1_7_B2,ALL,1,38.07455,3,23
2012-11-15T16:30:00-00:00,2012-11-15T16:45:00-00:00,2012-11-15,09,LAPLMG1_7_B2,LAPLMG1_7_B2,LAPLMG1_7_B2,HASP,MCE,LMP_ENE_PRC,LAPLMG1_7_B2,ALL,1,44.31826,3,23
2012-11-15T17:30:00-00:00,2012-11-15T17:45:00-00:00,2012-11-15,10,LAPLMG1_7_B2,LAPLMG1_7_B2,LAPLMG1_7_B2,HASP,MCE,LMP_ENE_PRC,LAPLMG1_7_B2,ALL,1,40.16063,3,23
2012-11-15T18:30:00-00:00,2012-11-15T18:45:00-00:00,2012-11-15,11,LAPLMG1_7_B2,LAPLMG1_7_B2,LAPLMG1_7_B2,HASP,MCE,LMP_ENE_PRC,LAPLMG1_7_B2,ALL,1,50.61489,3,23
2012-11-15T19:30:00-00:00,2012-11-15T19:45:00-00:00,2012-11-15,12,LAPLMG1_7_B2,LAPLMG1_7_B2,LAPLMG1_7_B2,HASP,MCE,LMP_ENE_PRC,LAPLMG1_7_B2,ALL,1,43.48406,3,23
2012-11-15T20:30:00-00:00,2012-11-15T20:45:00-00:00,2012-11-15,13,LAPLMG1_7_B2,LAPLMG1_7_B2,LAPLMG1_7_B2,HASP,MCE,LMP_ENE_PRC,LAPLMG1_7_B2,ALL,1,45.07153,3,23
2012-11-15T21:30:00-00:00,2012-11-15T21:45:00-00:00,2012-11-15,14,LAPLMG1_7_B2,LAPLMG1_7_B2,LAPLMG1_7_B2,HASP,MCE,LMP_ENE_PRC,LAPLMG1_7_B2,ALL,1,46.20637,3,23
2012-11-15T22:30:00-00:00,2012-11-15T22:45:00-00:00,2012-11-15,15,LAPLMG1_7_B2,LAPLMG1_7_B2,LAPLMG1_7_B2,HASP,MCE,LMP_ENE_PRC,LAPLMG1_7_B2,ALL,1,46.27311,3,23
2012-11-15T23:30:00-00:00,2012-11-15T23:45:00-00:00,2012-11-15,16,LAPLMG1_7_B2,LAPLMG1_7_B2,LAPLMG1_7_B2,HASP,MCE,LMP_ENE_PRC,LAPLMG1_7_B2,ALL,1,42.3254,3,23
2012-11-16T00:30:00-00:00,2012-11-16T00:45:00-00:00,2012-11-15,17,LAPLMG1_7_B2,LAPLMG1_7_B2,LAPLMG1_7_B2,HASP,MCE,LMP_ENE_PRC,LAPLMG1_7_B2,ALL,1,50.80347,3,23
2012-11-16T01:30:00-00:00,2012-11-16T01:45:00-00:00,2012-11-15,18,LAPLMG1_7_B2,LAPLMG1_7_B2,LAPLMG1_7_B2,HASP,MCE,LMP_ENE_PRC,LAPLMG1_7_B2,ALL,1,52.16962,3,23
2012-11-16T02:30:00-00:00,2012-11-16T02:45:00-00:00,2012-11-15,19,LAPLMG1_7_B2,LAPLMG1_7_B2,LAPLMG1_7_B2,HASP,MCE,LMP_ENE_PRC,LAPLMG1_7_B2,ALL,1,47.91244,3,23
2012-11-16T03:30:00-00:00,2012-11-16T03:45:00-00:00,2012-11-15,20,LAPLMG1_7_B2,LAPLMG1_7_B2,LAPLMG1_7_B2,HASP,MCE,LMP_ENE_PRC,LAPLMG1_7_B2,ALL,1,47.96085,3,23
2012-11-16T04:30:00-00:00,2012-11-16T04:45:00-00:00,2012-11-15,21,LAPLMG1_7_B2,LAPLMG1_7_B2,LAPLMG1_7_B2,HASP,MCE,LMP_ENE_PRC,LAPLMG1_7_B2,ALL,1,46.56978,3,23
2012-11-16T05:30:00-00:00,2012-11-16T05:45:00-00:00,2012-11-15,22,LAPLMG1_7_B2,LAPLMG1_7_B2,LAPLMG1_7_B2,HASP,MCE,LMP_ENE_PRC,LAPLMG1_7_B2,ALL,1,43.37536,3,23
2012-11-16T06:30:00-00:00,2012-11-16T06:45:00-00:00,2012-11-15,23,LAPLMG1_7_B2,LAPLMG1_7_B2,LAPLMG1_7_B2,HASP,MCE,LMP_ENE_PRC,LAPLMG1_7_B2,ALL,1,33.84087,3,23
2012-11-16T07:30:00-00:00,2012-11-16T07:45:00-00:00,2012-11-15,24,LAPLMG1_7_B2,LAPLMG1_7_B2,LAPLMG1_7_B2,HASP,MCE,LMP_ENE_PRC,LAPLMG1_7_B2,ALL,1,29.18663,3,23
2012-11-15T08:45:00-00:00,2012-11-15T09:00:00-00:00,2012-11-15,01,LAPLMG1_7_B2,LAPLMG1_7_B2,LAPLMG1_7_B2,HASP,MCE,LMP_ENE_PRC,LAPLMG1_7_B2,ALL,1,28.73617,4,23
2012-11-15T09:45:00-00:00,2012-11-15T10:00:00-00:00,2012-11-15,02,LAPLMG1_7_B2,LAPLMG1_7_B2,LAPLMG1_7_B2,HASP,MCE,LMP_ENE_PRC,LAPLMG1_7_B2,ALL,1,29.3871,4,23
2012-11-15T10:45:00-00:00,2012-11-15T11:00:00-00:00,2012-11-15,03,LAPLMG1_7_B2,LAPLMG1_7_B2,LAPLMG1_7_B2,HASP,MCE,LMP_ENE_PRC,LAPLMG1_7_B2,ALL,1,28.20172,4,23
2012-11-15T11:45:00-00:00,2012-11-15T12:00:00-00:00,2012-11-15,04,LAPLMG1_7_B2,LAPLMG1_7_B2,LAPLMG1_7_B2,HASP,MCE,LMP_ENE_PRC,LAPLMG1_7_B2,ALL,1,29.1028,4,23
2012-11-15T12:45:00-00:00,2012-11-15T13:00:00-00:00,2012-11-15,05,LAPLMG1_7_B2,LAPLMG1_7_B2,LAPLMG1_7_B2,HASP,MCE,LMP_ENE_PRC,LAPLMG1_7_B2,ALL,1,33.01259,4,23
2012-11-15T13:45:00-00:00,2012-11-15T14:00:00-00:00,2012-11-15,06,LAPLMG1_7_B2,LAPLMG1_7_B2,LAPLMG1_7_B2,HASP,MCE,LMP_ENE_PRC,LAPLMG1_7_B2,ALL,1,60.11083,4,23
2012-11-15T14:45:00-00:00,2012-11-15T15:00:00-00:00,2012-11-15,07,LAPLMG1_7_B2,LAPLMG1_7_B2,LAPLMG1_7_B2,HASP,MCE,LMP_ENE_PRC,LAPLMG1_7_B2,ALL,1,47.5275,4,23
2012-11-15T15:45:00-00:00,2012-11-15T16:00:00-00:00,2012-11-15,08,LAPLMG1_7_B2,LAPLMG1_7_B2,LAPLMG1_7_B2,HASP,MCE,LMP_ENE_PRC,LAPLMG1_7_B2,ALL,1,40.30891,4,23
2012-11-15T16:45:00-00:00,2012-11-15T17:00:00-00:00,2012-11-15,09,LAPLMG1_7_B2,LAPLMG1_7_B2,LAPLMG1_7_B2,HASP,MCE,LMP_ENE_PRC,LAPLMG1_7_B2,ALL,1,50.60971,4,23
2012-11-15T17:45:00-00:00,2012-11-15T18:00:00-00:00,2012-11-15,10,LAPLMG1_7_B2,LAPLMG1_7_B2,LAPLMG1_7_B2,HASP,MCE,LMP_ENE_PRC,LAPLMG1_7_B2,ALL,1,44.68056,4,23
2012-11-15T18:45:00-00:00,2012-11-15T19:00:00-00:00,2012-11-15,11,LAPLMG1_7_B2,LAPLMG1_7_B2,LAPLMG1_7_B2,HASP,MCE,LMP_ENE_PRC,LAPLMG1_7_B2,ALL,1,54.07042,4,23
2012-11-15T19:45:00-00:00,2012-11-15T20:00:00-00:00,2012-11-15,12,LAPLMG1_7_B2,LAPLMG1_7_B2,LAPLMG1_7_B2,HASP,MCE,LMP_ENE_PRC,LAPLMG1_7_B2,ALL,1,43.41469,4,23
2012-11-15T20:45:00-00:00,2012-11-15T21:00:00-00:00,2012-11-15,13,LAPLMG1_7_B2,LAPLMG1_7_B2,LAPLMG1_7_B2,HASP,MCE,LMP_ENE_PRC,LAPLMG1_7_B2,ALL,1,46.32951,4,23
2012-11-15T21:45:00-00:00,2012-11-15T22:00:00-00:00,2012-11-15,14,LAPLMG1_7_B2,LAPLMG1_7_B2,LAPLMG1_7_B2,HASP,MCE,LMP_ENE_PRC,LAPLMG1_7_B2,ALL,1,45.74609,4,23
2012-11-15T22:45:00-00:00,2012-11-15T23:00:00-00:00,2012-11-15,15,LAPLMG1_7_B2,LAPLMG1_7_B2,LAPLMG1_7_B2,HASP,MCE,LMP_ENE_PRC,LAPLMG1_7_B2,ALL,1,45.95414,4,23
2012-11-15T23:45:00-00:00,2012-11-16T00:00:00-00:00,2012-11-15,16,LAPLMG1_7_B2,LAPLMG1_7_B2,LAPLMG1_7_B2,HASP,MCE,LMP_ENE_PRC,LAPLMG1_7_B2,ALL,1,42.41224,4,23
2012-11-16T00:45:00-00:00,2012-11-16T01:00:00-00:00,2012-11-15,17,LAPLMG1_7_B2,LAPLMG1_7_B2,LAPLMG1_7_B2,HASP,MCE,LMP_ENE_PRC,LAPLMG1_7_B2,ALL,1,54.07689,4,23
2012-11-16T01:45:00-00:00,2012-11-16T02:00:00-00:00,2012-11-15,18,LAPLMG1_7_B2,LAPLMG1_7_B2,LAPLMG1_7_B2,HASP,MCE,LMP_ENE_PRC,LAPLMG1_7_B2,ALL,1,49.7331,4,23
2012-11-16T02:45:00-00:00,2012-11-16T03:00:00-00:00,2012-11-15,19,LAPLMG1_7_B2,LAPLMG1_7_B2,LAPLMG1_7_B2,HASP,MCE,LMP_ENE_PRC,LAPLMG1_7_B2,ALL,1,46.98378,4,23
2012-11-16T03:45:00-00:00,2012-11-16T04:00:00-00:00,2012-11-15,20,LAPLMG1_7_B2,LAPLMG1_7_B2,LAPLMG1_7_B2,HASP,MCE,LMP_ENE_PRC,LAPLMG1_7_B2,ALL,1,46.71997,4,23
2012-11-16T04:45:00-00:00,2012-11-16T05:00:00-00:00,2012-11-15,21,LAPLMG1_7_B2,LAPLMG1_7_B2,LAPLMG1_7_B2,HASP,MCE,LMP_ENE_PRC,LAPLMG1_7_B2,ALL,1,44.13475,4,23
2012-11-16T05:45:00-00:00,2012-11-16T06:00:00-00:00,2012-11-15,22,LAPLMG1_7_B2,LAPLMG1_7_B2,LAPLMG1_7_B2,HASP,MCE,LMP_ENE_PRC,LAPLMG1_7_B2,ALL,1,37.04583,4,23
2012-11-16T06:45:00-00:00,2012-11-16T07:00:00-00:00,2012-11-15,23,LAPLMG1_7_B2,LAPLMG1_7_B2,LAPLMG1_7_B2,HASP,MCE,LMP_ENE_PRC,LAPLMG1_7_B2,ALL,1,29.49585,4,23
2012-11-16T07:45:00-00:00,2012-11-16T08:00:00-00:00,2012-11-15,24,LAPLMG1_7_B2,LAPLMG1_7_B2,LAPLMG1_7_B2,HASP,MCE,LMP_ENE_PRC,LAPLMG1_7_B2,ALL,1,29.19,4,23
2012-11-15T08:00:00-00:00,2012-11-15T08:15:00-00:00,2012-11-15,01,LAPLMG1_7_B2,LAPLMG1_7_B2,LAPLMG1_7_B2,HASP,MCL,LMP_LOSS_PRC,LAPLMG1_7_B2,ALL,1,-0.93662,1,24
2012-11-15T09:00:00-00:00,2012-11-15T09:15:00-00:00,2012-11-15,02,LAPLMG1_7_B2,LAPLMG1_7_B2,LAPLMG1_7_B2,HASP,MCL,LMP_LOSS_PRC,LAPLMG1_7_B2,ALL,1,-1.05386,1,24
2012-11-15T10:00:00-00:00,2012-11-15T10:15:00-00:00,2012-11-15,03,LAPLMG1_7_B2,LAPLMG1_7_B2,LAPLMG1_7_B2,HASP,MCL,LMP_LOSS_PRC,LAPLMG1_7_B2,ALL,1,-0.98076,1,24
2012-11-15T11:00:00-00:00,2012-11-15T11:15:00-00:00,2012-11-15,04,LAPLMG1_7_B2,LAPLMG1_7_B2,LAPLMG1_7_B2,HASP,MCL,LMP_LOSS_PRC,LAPLMG1_7_B2,ALL,1,-0.80861,1,24
2012-11-15T12:00:00-00:00,2012-11-15T12:15:00-00:00,2012-11-15,05,LAPLMG1_7_B2,LAPLMG1_7_B2,LAPLMG1_7_B2,HASP,MCL,LMP_LOSS_PRC,LAPLMG1_7_B2,ALL,1,-0.86687,1,24
2012-11-15T13:00:00-00:00,2012-11-15T13:15:00-00:00,2012-11-15,06,LAPLMG1_7_B2,LAPLMG1_7_B2,LAPLMG1_7_B2,HASP,MCL,LMP_LOSS_PRC,LAPLMG1_7_B2,ALL,1,-1.0027,1,24
2012-11-15T14:00:00-00:00,2012-11-15T14:15:00-00:00,2012-11-15,07,LAPLMG1_7_B2,LAPLMG1_7_B2,LAPLMG1_7_B2,HASP,MCL,LMP_LOSS_PRC,LAPLMG1_7_B2,ALL,1,-1.37592,1,24
2012-11-15T15:00:00-00:00,2012-11-15T15:15:00-00:00,2012-11-15,08,LAPLMG1_7_B2,LAPLMG1_7_B2,LAPLMG1_7_B2,HASP,MCL,LMP_LOSS_PRC,LAPLMG1_7_B2,ALL,1,-2.07473,1,24
2012-11-15T16:00:00-00:00,2012-11-15T16:15:00-00:00,2012-11-15,09,LAPLMG1_7_B2,LAPLMG1_7_B2,LAPLMG1_7_B2,HASP,MCL,LMP_LOSS_PRC,LAPLMG1_7_B2,ALL,1,-2.13552,1,24
2012-11-15T17:00:00-00:00,2012-11-15T17:15:00-00:00,2012-11-15,10,LAPLMG1_7_B2,LAPLMG1_7_B2,LAPLMG1_7_B2,HASP,MCL,LMP_LOSS_PRC,LAPLMG1_7_B2,ALL,1,-1.98244,1,24
2012-11-15T18:00:00-00:00,2012-11-15T18:15:00-00:00,2012-11-15,11,LAPLMG1_7_B2,LAPLMG1_7_B2,LAPLMG1_7_B2,HASP,MCL,LMP_LOSS_PRC,LAPLMG1_7_B2,ALL,1,-2.68016,1,24
2012-11-15T19:00:00-00:00,2012-11-15T19:15:00-00:00,2012-11-15,12,LAPLMG1_7_B2,LAPLMG1_7_B2,LAPLMG1_7_B2,HASP,MCL,LMP_LOSS_PRC,LAPLMG1_7_B2,ALL,1,-2.37352,1,24
2012-11-15T20:00:00-00:00,2012-11-15T20:15:00-00:00,2012-11-15,13,LAPLMG1_7_B2,LAPLMG1_7_B2,LAPLMG1_7_B2,HASP,MCL,LMP_LOSS_PRC,LAPLMG1_7_B2,ALL,1,-2.32715,1,24
2012-11-15T21:00:00-00:00,2012-11-15T21:15:00-00:00,2012-11-15,14,LAPLMG1_7_B2,LAPLMG1_7_B2,LAPLMG1_7_B2,HASP,MCL,LMP_LOSS_PRC,LAPLMG1_7_B2,ALL,1,-2.55506,1,24
2012-11-15T22:00:00-00:00,2012-11-15T22:15:00-00:00,2012-11-15,15,LAPLMG1_7_B2,LAPLMG1_7_B2,LAPLMG1_7_B2,HASP,MCL,LMP_LOSS_PRC,LAPLMG1_7_B2,ALL,1,-2.45144,1,24
2012-11-15T23:00:00-00:00,2012-11-15T23:15:00-00:00,2012-11-15,16,LAPLMG1_7_B2,LAPLMG1_7_B2,LAPLMG1_7_B2,HASP,MCL,LMP_LOSS_PRC,LAPLMG1_7_B2,ALL,1,-2.26895,1,24
2012-11-16T00:00:00-00:00,2012-11-16T00:15:00-00:00,2012-11-15,17,LAPLMG1_7_B2,LAPLMG1_7_B2,LAPLMG1_7_B2,HASP,MCL,LMP_LOSS_PRC,LAPLMG1_7_B2,ALL,1,-2.01983,1,24
2012-11-16T01:00:00-00:00,2012-11-16T01:15:00-00:00,2012-11-15,18,LAPLMG1_7_B2,LAPLMG1_7_B2,LAPLMG1_7_B2,HASP,MCL,LMP_LOSS_PRC,LAPLMG1_7_B2,ALL,1,-2.40688,1,24
2012-11-16T02:00:00-00:00,2012-11-16T02:15:00-00:00,2012-11-15,19,LAPLMG1_7_B2,LAPLMG1_7_B2,LAPLMG1_7_B2,HASP,MCL,LMP_LOSS_PRC,LAPLMG1_7_B2,ALL,1,-2.97816,1,24
2012-11-16T03:00:00-00:00,2012-11-16T03:15:00-00:00,2012-11-15,20,LAPLMG1_7_B2,LAPLMG1_7_B2,LAPLMG1_7_B2,HASP,MCL,LMP_LOSS_PRC,LAPLMG1_7_B2,ALL,1,-3.13929,1,24
2012-11-16T04:00:00-00:00,2012-11-16T04:15:00-00:00,2012-11-15,21,LAPLMG1_7_B2,LAPLMG1_7_B2,LAPLMG1_7_B2,HASP,MCL,LMP_LOSS_PRC,LAPLMG1_7_B2,ALL,1,-2.94928,1,24
2012-11-16T05:00:00-00:00,2012-11-16T05:15:00-00:00,2012-11-15,22,LAPLMG1_7_B2,LAPLMG1_7_B2,LAPLMG1_7_B2,HASP,MCL,LMP_LOSS_PRC,LAPLMG1_7_B2,ALL,1,-2.52559,1,24
2012-11-16T06:00:00-00:00,2012-11-16T06:15:00-00:00,2012-11-15,23,LAPLMG1_7_B2,LAPLMG1_7_B2,LAPLMG1_7_B2,HASP,MCL,LMP_LOSS_PRC,LAPLMG1_7_B2,ALL,1,-2.32232,1,24
2012-11-16T07:00:00-00:00,2012-11-16T07:15:00-00:00,2012-11-15,24,LAPLMG1_7_B2,LAPLMG1_7_B2,LAPLMG1_7_B2,HASP,MCL,LMP_LOSS_PRC,LAPLMG1_7_B2,ALL,1,-1.38608,1,24
2012-11-15T08:15:00-00:00,2012-11-15T08:30:00-00:00,2012-11-15,01,LAPLMG1_7_B2,LAPLMG1_7_B2,LAPLMG1_7_B2,HASP,MCL,LMP_LOSS_PRC,LAPLMG1_7_B2,ALL,1,-0.87757,2,24
2012-11-15T09:15:00-00:00,2012-11-15T09:30:00-00:00,2012-11-15,02,LAPLMG1_7_B2,LAPLMG1_7_B2,LAPLMG1_7_B2,HASP,MCL,LMP_LOSS_PRC,LAPLMG1_7_B2,ALL,1,-0.99413,2,24
2012-11-15T10:15:00-00:00,2012-11-15T10:30:00-00:00,2012-11-15,03,LAPLMG1_7_B2,LAPLMG1_7_B2,LAPLMG1_7_B2,HASP,MCL,LMP_LOSS_PRC,LAPLMG1_7_B2,ALL,1,-0.94645,2,24
2012-11-15T11:15:00-00:00,2012-11-15T11:30:00-00:00,2012-11-15,04,LAPLMG1_7_B2,LAPLMG1_7_B2,LAPLMG1_7_B2,HASP,MCL,LMP_LOSS_PRC,LAPLMG1_7_B2,ALL,1,-0.80976,2,24
2012-11-15T12:15:00-00:00,2012-11-15T12:30:00-00:00,2012-11-15,05,LAPLMG1_7_B2,LAPLMG1_7_B2,LAPLMG1_7_B2,HASP,MCL,LMP_LOSS_PRC,LAPLMG1_7_B2,ALL,1,-0.94758,2,24
2012-11-15T13:15:00-00:00,2012-11-15T13:30:00-00:00,2012-11-15,06,LAPLMG1_7_B2,LAPLMG1_7_B2,LAPLMG1_7_B2,HASP,MCL,LMP_LOSS_PRC,LAPLMG1_7_B2,ALL,1,-1.1625,2,24
2012-11-15T14:15:00-00:00,2012-11-15T14:30:00-00:00,2012-11-15,07,LAPLMG1_7_B2,LAPLMG1_7_B2,LAPLMG1_7_B2,HASP,MCL,LMP_LOSS_PRC,LAPLMG1_7_B2,ALL,1,-1.75559,2,24
2012-11-15T15:15:00-00:00,2012-11-15T15:30:00-00:00,2012-11-15,08,LAPLMG1_7_B2,LAPLMG1_7_B2,LAPLMG1_7_B2,HASP,MCL,LMP_LOSS_PRC,LAPLMG1_7_B2,ALL,1,-2.06157,2,24
2012-11-15T16:15:00-00:00,2012-11-15T16:30:00-00:00,2012-11-15,09,LAPLMG1_7_B2,LAPLMG1_7_B2,LAPLMG1_7_B2,HASP,MCL,LMP_LOSS_PRC,LAPLMG1_7_B2,ALL,1,-2.36011,2,24
2012-11-15T17:15:00-00:00,2012-11-15T17:30:00-00:00,2012-11-15,10,LAPLMG1_7_B2,LAPLMG1_7_B2,LAPLMG1_7_B2,HASP,MCL,LMP_LOSS_PRC,LAPLMG1_7_B2,ALL,1,-1.94882,2,24
2012-11-15T18:15:00-00:00,2012-11-15T18:30:00-00:00,2012-11-15,11,LAPLMG1_7_B2,LAPLMG1_7_B2,LAPLMG1_7_B2,HASP,MCL,LMP_LOSS_PRC,LAPLMG1_7_B2,ALL,1,-2.67896,2,24
2012-11-15T19:15:00-00:00,2012-11-15T19:30:00-00:00,2012-11-15,12,LAPLMG1_7_B2,LAPLMG1_7_B2,LAPLMG1_7_B2,HASP,MCL,LMP_LOSS_PRC,LAPLMG1_7_B2,ALL,1,-2.36988,2,24
2012-11-15T20:15:00-00:00,2012-11-15T20:30:00-00:00,2012-11-15,13,LAPLMG1_7_B2,LAPLMG1_7_B2,LAPLMG1_7_B2,HASP,MCL,LMP_LOSS_PRC,LAPLMG1_7_B2,ALL,1,-2.31853,2,24
2012-11-15T21:15:00-00:00,2012-11-15T21:30:00-00:00,2012-11-15,14,LAPLMG1_7_B2,LAPLMG1_7_B2,LAPLMG1_7_B2,HASP,MCL,LMP_LOSS_PRC,LAPLMG1_7_B2,ALL,1,-2.60859,2,24
2012-11-15T22:15:00-00:00,2012-11-15T22:30:00-00:00,2012-11-15,15,LAPLMG1_7_B2,LAPLMG1_7_B2,LAPLMG1_7_B2,HASP,MCL,LMP_LOSS_PRC,LAPLMG1_7_B2,ALL,1,-2.45129,2,24
2012-11-15T23:15:00-00:00,2012-11-15T23:30:00-00:00,2012-11-15,16,LAPLMG1_7_B2,LAPLMG1_7_B2,LAPLMG1_7_B2,HASP,MCL,LMP_LOSS_PRC,LAPLMG1_7_B2,ALL,1,-2.28157,2,24
2012-11-16T00:15:00-00:00,2012-11-16T00:30:00-00:00,2012-11-15,17,LAPLMG1_7_B2,LAPLMG1_7_B2,LAPLMG1_7_B2,HASP,MCL,LMP_LOSS_PRC,LAPLMG1_7_B2,ALL,1,-2.29979,2,24
2012-11-16T01:15:00-00:00,2012-11-16T01:30:00-00:00,2012-11-15,18,LAPLMG1_7_B2,LAPLMG1_7_B2,LAPLMG1_7_B2,HASP,MCL,LMP_LOSS_PRC,LAPLMG1_7_B2,ALL,1,-2.6362,2,24
2012-11-16T02:15:00-00:00,2012-11-16T02:30:00-00:00,2012-11-15,19,LAPLMG1_7_B2,LAPLMG1_7_B2,LAPLMG1_7_B2,HASP,MCL,LMP_LOSS_PRC,LAPLMG1_7_B2,ALL,1,-2.60978,2,24
2012-11-16T03:15:00-00:00,2012-11-16T03:30:00-00:00,2012-11-15,20,LAPLMG1_7_B2,LAPLMG1_7_B2,LAPLMG1_7_B2,HASP,MCL,LMP_LOSS_PRC,LAPLMG1_7_B2,ALL,1,-2.97478,2,24
2012-11-16T04:15:00-00:00,2012-11-16T04:30:00-00:00,2012-11-15,21,LAPLMG1_7_B2,LAPLMG1_7_B2,LAPLMG1_7_B2,HASP,MCL,LMP_LOSS_PRC,LAPLMG1_7_B2,ALL,1,-2.77493,2,24
2012-11-16T05:15:00-00:00,2012-11-16T05:30:00-00:00,2012-11-15,22,LAPLMG1_7_B2,LAPLMG1_7_B2,LAPLMG1_7_B2,HASP,MCL,LMP_LOSS_PRC,LAPLMG1_7_B2,ALL,1,-2.30428,2,24
2012-11-16T06:15:00-00:00,2012-11-16T06:30:00-00:00,2012-11-15,23,LAPLMG1_7_B2,LAPLMG1_7_B2,LAPLMG1_7_B2,HASP,MCL,LMP_LOSS_PRC,LAPLMG1_7_B2,ALL,1,-1.97658,2,24
2012-11-16T07:15:00-00:00,2012-11-16T07:30:00-00:00,2012-11-15,24,LAPLMG1_7_B2,LAPLMG1_7_B2,LAPLMG1_7_B2,HASP,MCL,LMP_LOSS_PRC,LAPLMG1_7_B2,ALL,1,-1.22576,2,24
2012-11-15T08:30:00-00:00,2012-11-15T08:45:00-00:00,2012-11-15,01,LAPLMG1_7_B2,LAPLMG1_7_B2,LAPLMG1_7_B2,HASP,MCL,LMP_LOSS_PRC,LAPLMG1_7_B2,ALL,1,-0.82799,3,24
2012-11-15T09:30:00-00:00,2012-11-15T09:45:00-00:00,2012-11-15,02,LAPLMG1_7_B2,LAPLMG1_7_B2,LAPLMG1_7_B2,HASP,MCL,LMP_LOSS_PRC,LAPLMG1_7_B2,ALL,1,-0.94706,3,24
2012-11-15T10:30:00-00:00,2012-11-15T10:45:00-00:00,2012-11-15,03,LAPLMG1_7_B2,LAPLMG1_7_B2,LAPLMG1_7_B2,HASP,MCL,LMP_LOSS_PRC,LAPLMG1_7_B2,ALL,1,-0.89732,3,24
2012-11-15T11:30:00-00:00,2012-11-15T11:45:00-00:00,2012-11-15,04,LAPLMG1_7_B2,LAPLMG1_7_B2,LAPLMG1_7_B2,HASP,MCL,LMP_LOSS_PRC,LAPLMG1_7_B2,ALL,1,-0.82718,3,24
2012-11-15T12:30:00-00:00,2012-11-15T12:45:00-00:00,2012-11-15,05,LAPLMG1_7_B2,LAPLMG1_7_B2,LAPLMG1_7_B2,HASP,MCL,LMP_LOSS_PRC,LAPLMG1_7_B2,ALL,1,-1.07106,3,24
2012-11-15T13:30:00-00:00,2012-11-15T13:45:00-00:00,2012-11-15,06,LAPLMG1_7_B2,LAPLMG1_7_B2,LAPLMG1_7_B2,HASP,MCL,LMP_LOSS_PRC,LAPLMG1_7_B2,ALL,1,-1.44593,3,24
2012-11-15T14:30:00-00:00,2012-11-15T14:45:00-00:00,2012-11-15,07,LAPLMG1_7_B2,LAPLMG1_7_B2,LAPLMG1_7_B2,HASP,MCL,LMP_LOSS_PRC,LAPLMG1_7_B2,ALL,1,-1.80128,3,24
2012-11-15T15:30:00-00:00,2012-11-15T15:45:00-00:00,2012-11-15,08,LAPLMG1_7_B2,LAPLMG1_7_B2,LAPLMG1_7_B2,HASP,MCL,LMP_LOSS_PRC,LAPLMG1_7_B2,ALL,1,-1.9418,3,24
2012-11-15T16:30:00-00:00,2012-11-15T16:45:00-00:00,2012-11-15,09,LAPLMG1_7_B2,LAPLMG1_7_B2,LAPLMG1_7_B2,HASP,MCL,LMP_LOSS_PRC,LAPLMG1_7_B2,ALL,1,-2.35773,3,24
2012-11-15T17:30:00-00:00,2012-11-15T17:45:00-00:00,2012-11-15,10,LAPLMG1_7_B2,LAPLMG1_7_B2,LAPLMG1_7_B2,HASP,MCL,LMP_LOSS_PRC,LAPLMG1_7_B2,ALL,1,-2.1245,3,24
2012-11-15T18:30:00-00:00,2012-11-15T18:45:00-00:00,2012-11-15,11,LAPLMG1_7_B2,LAPLMG1_7_B2,LAPLMG1_7_B2,HASP,MCL,LMP_LOSS_PRC,LAPLMG1_7_B2,ALL,1,-2.7079,3,24
2012-11-15T19:30:00-00:00,2012-11-15T19:45:00-00:00,2012-11-15,12,LAPLMG1_7_B2,LAPLMG1_7_B2,LAPLMG1_7_B2,HASP,MCL,LMP_LOSS_PRC,LAPLMG1_7_B2,ALL,1,-2.36988,3,24
2012-11-15T20:30:00-00:00,2012-11-15T20:45:00-00:00,2012-11-15,13,LAPLMG1_7_B2,LAPLMG1_7_B2,LAPLMG1_7_B2,HASP,MCL,LMP_LOSS_PRC,LAPLMG1_7_B2,ALL,1,-2.32569,3,24
2012-11-15T21:30:00-00:00,2012-11-15T21:45:00-00:00,2012-11-15,14,LAPLMG1_7_B2,LAPLMG1_7_B2,LAPLMG1_7_B2,HASP,MCL,LMP_LOSS_PRC,LAPLMG1_7_B2,ALL,1,-2.6199,3,24
2012-11-15T22:30:00-00:00,2012-11-15T22:45:00-00:00,2012-11-15,15,LAPLMG1_7_B2,LAPLMG1_7_B2,LAPLMG1_7_B2,HASP,MCL,LMP_LOSS_PRC,LAPLMG1_7_B2,ALL,1,-2.49875,3,24
2012-11-15T23:30:00-00:00,2012-11-15T23:45:00-00:00,2012-11-15,16,LAPLMG1_7_B2,LAPLMG1_7_B2,LAPLMG1_7_B2,HASP,MCL,LMP_LOSS_PRC,LAPLMG1_7_B2,ALL,1,-2.29827,3,24
2012-11-16T00:30:00-00:00,2012-11-16T00:45:00-00:00,2012-11-15,17,LAPLMG1_7_B2,LAPLMG1_7_B2,LAPLMG1_7_B2,HASP,MCL,LMP_LOSS_PRC,LAPLMG1_7_B2,ALL,1,-2.72815,3,24
2012-11-16T01:30:00-00:00,2012-11-16T01:45:00-00:00,2012-11-15,18,LAPLMG1_7_B2,LAPLMG1_7_B2,LAPLMG1_7_B2,HASP,MCL,LMP_LOSS_PRC,LAPLMG1_7_B2,ALL,1,-2.73369,3,24
2012-11-16T02:30:00-00:00,2012-11-16T02:45:00-00:00,2012-11-15,19,LAPLMG1_7_B2,LAPLMG1_7_B2,LAPLMG1_7_B2,HASP,MCL,LMP_LOSS_PRC,LAPLMG1_7_B2,ALL,1,-2.50582,3,24
2012-11-16T03:30:00-00:00,2012-11-16T03:45:00-00:00,2012-11-15,20,LAPLMG1_7_B2,LAPLMG1_7_B2,LAPLMG1_7_B2,HASP,MCL,LMP_LOSS_PRC,LAPLMG1_7_B2,ALL,1,-2.48437,3,24
2012-11-16T04:30:00-00:00,2012-11-16T04:45:00-00:00,2012-11-15,21,LAPLMG1_7_B2,LAPLMG1_7_B2,LAPLMG1_7_B2,HASP,MCL,LMP_LOSS_PRC,LAPLMG1_7_B2,ALL,1,-2.46354,3,24
2012-11-16T05:30:00-00:00,2012-11-16T05:45:00-00:00,2012-11-15,22,LAPLMG1_7_B2,LAPLMG1_7_B2,LAPLMG1_7_B2,HASP,MCL,LMP_LOSS_PRC,LAPLMG1_7_B2,ALL,1,-2.23817,3,24
2012-11-16T06:30:00-00:00,2012-11-16T06:45:00-00:00,2012-11-15,23,LAPLMG1_7_B2,LAPLMG1_7_B2,LAPLMG1_7_B2,HASP,MCL,LMP_LOSS_PRC,LAPLMG1_7_B2,ALL,1,-1.56683,3,24
2012-11-16T07:30:00-00:00,2012-11-16T07:45:00-00:00,2012-11-15,24,LAPLMG1_7_B2,LAPLMG1_7_B2,LAPLMG1_7_B2,HASP,MCL,LMP_LOSS_PRC,LAPLMG1_7_B2,ALL,1,-1.03321,3,24
2012-11-15T08:45:00-00:00,2012-11-15T09:00:00-00:00,2012-11-15,01,LAPLMG1_7_B2,LAPLMG1_7_B2,LAPLMG1_7_B2,HASP,MCL,LMP_LOSS_PRC,LAPLMG1_7_B2,ALL,1,-0.90232,4,24
2012-11-15T09:45:00-00:00,2012-11-15T10:00:00-00:00,2012-11-15,02,LAPLMG1_7_B2,LAPLMG1_7_B2,LAPLMG1_7_B2,HASP,MCL,LMP_LOSS_PRC,LAPLMG1_7_B2,ALL,1,-1.04324,4,24
2012-11-15T10:45:00-00:00,2012-11-15T11:00:00-00:00,2012-11-15,03,LAPLMG1_7_B2,LAPLMG1_7_B2,LAPLMG1_7_B2,HASP,MCL,LMP_LOSS_PRC,LAPLMG1_7_B2,ALL,1,-0.89399,4,24
2012-11-15T11:45:00-00:00,2012-11-15T12:00:00-00:00,2012-11-15,04,LAPLMG1_7_B2,LAPLMG1_7_B2,LAPLMG1_7_B2,HASP,MCL,LMP_LOSS_PRC,LAPLMG1_7_B2,ALL,1,-0.89346,4,24
2012-11-15T12:45:00-00:00,2012-11-15T13:00:00-00:00,2012-11-15,05,LAPLMG1_7_B2,LAPLMG1_7_B2,LAPLMG1_7_B2,HASP,MCL,LMP_LOSS_PRC,LAPLMG1_7_B2,ALL,1,-1.09272,4,24
2012-11-15T13:45:00-00:00,2012-11-15T14:00:00-00:00,2012-11-15,06,LAPLMG1_7_B2,LAPLMG1_7_B2,LAPLMG1_7_B2,HASP,MCL,LMP_LOSS_PRC,LAPLMG1_7_B2,ALL,1,-2.37438,4,24
2012-11-15T14:45:00-00:00,2012-11-15T15:00:00-00:00,2012-11-15,07,LAPLMG1_7_B2,LAPLMG1_7_B2,LAPLMG1_7_B2,HASP,MCL,LMP_LOSS_PRC,LAPLMG1_7_B2,ALL,1,-2.05794,4,24
2012-11-15T15:45:00-00:00,2012-11-15T16:00:00-00:00,2012-11-15,08,LAPLMG1_7_B2,LAPLMG1_7_B2,LAPLMG1_7_B2,HASP,MCL,LMP_LOSS_PRC,LAPLMG1_7_B2,ALL,1,-2.07591,4,24
2012-11-15T16:45:00-00:00,2012-11-15T17:00:00-00:00,2012-11-15,09,LAPLMG1_7_B2,LAPLMG1_7_B2,LAPLMG1_7_B2,HASP,MCL,LMP_LOSS_PRC,LAPLMG1_7_B2,ALL,1,-2.67725,4,24
2012-11-15T17:45:00-00:00,2012-11-15T18:00:00-00:00,2012-11-15,10,LAPLMG1_7_B2,LAPLMG1_7_B2,LAPLMG1_7_B2,HASP,MCL,LMP_LOSS_PRC,LAPLMG1_7_B2,ALL,1,-2.37254,4,24
2012-11-15T18:45:00-00:00,2012-11-15T19:00:00-00:00,2012-11-15,11,LAPLMG1_7_B2,LAPLMG1_7_B2,LAPLMG1_7_B2,HASP,MCL,LMP_LOSS_PRC,LAPLMG1_7_B2,ALL,1,-2.87655,4,24
2012-11-15T19:45:00-00:00,2012-11-15T20:00:00-00:00,2012-11-15,12,LAPLMG1_7_B2,LAPLMG1_7_B2,LAPLMG1_7_B2,HASP,MCL,LMP_LOSS_PRC,LAPLMG1_7_B2,ALL,1,-2.35308,4,24
2012-11-15T20:45:00-00:00,2012-11-15T21:00:00-00:00,2012-11-15,13,LAPLMG1_7_B2,LAPLMG1_7_B2,LAPLMG1_7_B2,HASP,MCL,LMP_LOSS_PRC,LAPLMG1_7_B2,ALL,1,-2.38597,4,24
2012-11-15T21:45:00-00:00,2012-11-15T22:00:00-00:00,2012-11-15,14,LAPLMG1_7_B2,LAPLMG1_7_B2,LAPLMG1_7_B2,HASP,MCL,LMP_LOSS_PRC,LAPLMG1_7_B2,ALL,1,-2.58923,4,24
2012-11-15T22:45:00-00:00,2012-11-15T23:00:00-00:00,2012-11-15,15,LAPLMG1_7_B2,LAPLMG1_7_B2,LAPLMG1_7_B2,HASP,MCL,LMP_LOSS_PRC,LAPLMG1_7_B2,ALL,1,-2.47233,4,24
2012-11-15T23:45:00-00:00,2012-11-16T00:00:00-00:00,2012-11-15,16,LAPLMG1_7_B2,LAPLMG1_7_B2,LAPLMG1_7_B2,HASP,MCL,LMP_LOSS_PRC,LAPLMG1_7_B2,ALL,1,-2.30298,4,24
2012-11-16T00:45:00-00:00,2012-11-16T01:00:00-00:00,2012-11-15,17,LAPLMG1_7_B2,LAPLMG1_7_B2,LAPLMG1_7_B2,HASP,MCL,LMP_LOSS_PRC,LAPLMG1_7_B2,ALL,1,-2.91474,4,24
2012-11-16T01:45:00-00:00,2012-11-16T02:00:00-00:00,2012-11-15,18,LAPLMG1_7_B2,LAPLMG1_7_B2,LAPLMG1_7_B2,HASP,MCL,LMP_LOSS_PRC,LAPLMG1_7_B2,ALL,1,-2.60104,4,24
2012-11-16T02:45:00-00:00,2012-11-16T03:00:00-00:00,2012-11-15,19,LAPLMG1_7_B2,LAPLMG1_7_B2,LAPLMG1_7_B2,HASP,MCL,LMP_LOSS_PRC,LAPLMG1_7_B2,ALL,1,-2.44785,4,24
2012-11-16T03:45:00-00:00,2012-11-16T04:00:00-00:00,2012-11-15,20,LAPLMG1_7_B2,LAPLMG1_7_B2,LAPLMG1_7_B2,HASP,MCL,LMP_LOSS_PRC,LAPLMG1_7_B2,ALL,1,-2.42009,4,24
2012-11-16T04:45:00-00:00,2012-11-16T05:00:00-00:00,2012-11-15,21,LAPLMG1_7_B2,LAPLMG1_7_B2,LAPLMG1_7_B2,HASP,MCL,LMP_LOSS_PRC,LAPLMG1_7_B2,ALL,1,-2.24205,4,24
2012-11-16T05:45:00-00:00,2012-11-16T06:00:00-00:00,2012-11-15,22,LAPLMG1_7_B2,LAPLMG1_7_B2,LAPLMG1_7_B2,HASP,MCL,LMP_LOSS_PRC,LAPLMG1_7_B2,ALL,1,-1.80413,4,24
2012-11-16T06:45:00-00:00,2012-11-16T07:00:00-00:00,2012-11-15,23,LAPLMG1_7_B2,LAPLMG1_7_B2,LAPLMG1_7_B2,HASP,MCL,LMP_LOSS_PRC,LAPLMG1_7_B2,ALL,1,-1.34796,4,24
2012-11-16T07:45:00-00:00,2012-11-16T08:00:00-00:00,2012-11-15,24,LAPLMG1_7_B2,LAPLMG1_7_B2,LAPLMG1_7_B2,HASP,MCL,LMP_LOSS_PRC,LAPLMG1_7_B2,ALL,1,-1.03916,4,24
2012-11-16T08:00:00-00:00,2012-11-16T08:15:00-00:00,2012-11-16,01,LAPLMG1_7_B2,LAPLMG1_7_B2,LAPLMG1_7_B2,HASP,LMP,LMP_PRC,LAPLMG1_7_B2,ALL,1,44.90006,1,25
2012-11-16T09:00:00-00:00,2012-11-16T09:15:00-00:00,2012-11-16,02,LAPLMG1_7_B2,LAPLMG1_7_B2,LAPLMG1_7_B2,HASP,LMP,LMP_PRC,LAPLMG1_7_B2,ALL,1,37.9559,1,25
2012-11-16T10:00:00-00:00,2012-11-16T10:15:00-00:00,2012-11-16,03,LAPLMG1_7_B2,LAPLMG1_7_B2,LAPLMG1_7_B2,HASP,LMP,LMP_PRC,LAPLMG1_7_B2,ALL,1,32.54361,1,25
2012-11-16T11:00:00-00:00,2012-11-16T11:15:00-00:00,2012-11-16,04,LAPLMG1_7_B2,LAPLMG1_7_B2,LAPLMG1_7_B2,HASP,LMP,LMP_PRC,LAPLMG1_7_B2,ALL,1,30.11463,1,25
2012-11-16T12:00:00-00:00,2012-11-16T12:15:00-00:00,2012-11-16,05,LAPLMG1_7_B2,LAPLMG1_7_B2,LAPLMG1_7_B2,HASP,LMP,LMP_PRC,LAPLMG1_7_B2,ALL,1,26.93304,1,25
2012-11-16T13:00:00-00:00,2012-11-16T13:15:00-00:00,2012-11-16,06,LAPLMG1_7_B2,LAPLMG1_7_B2,LAPLMG1_7_B2,HASP,LMP,LMP_PRC,LAPLMG1_7_B2,ALL,1,38.69976,1,25
2012-11-16T14:00:00-00:00,2012-11-16T14:15:00-00:00,2012-11-16,07,LAPLMG1_7_B2,LAPLMG1_7_B2,LAPLMG1_7_B2,HASP,LMP,LMP_PRC,LAPLMG1_7_B2,ALL,1,42.06154,1,25
2012-11-16T15:00:00-00:00,2012-11-16T15:15:00-00:00,2012-11-16,08,LAPLMG1_7_B2,LAPLMG1_7_B2,LAPLMG1_7_B2,HASP,LMP,LMP_PRC,LAPLMG1_7_B2,ALL,1,35.46822,1,25
2012-11-16T16:00:00-00:00,2012-11-16T16:15:00-00:00,2012-11-16,09,LAPLMG1_7_B2,LAPLMG1_7_B2,LAPLMG1_7_B2,HASP,LMP,LMP_PRC,LAPLMG1_7_B2,ALL,1,41.47794,1,25
2012-11-16T17:00:00-00:00,2012-11-16T17:15:00-00:00,2012-11-16,10,LAPLMG1_7_B2,LAPLMG1_7_B2,LAPLMG1_7_B2,HASP,LMP,LMP_PRC,LAPLMG1_7_B2,ALL,1,41.30456,1,25
2012-11-16T18:00:00-00:00,2012-11-16T18:15:00-00:00,2012-11-16,11,LAPLMG1_7_B2,LAPLMG1_7_B2,LAPLMG1_7_B2,HASP,LMP,LMP_PRC,LAPLMG1_7_B2,ALL,1,43.77234,1,25
2012-11-16T19:00:00-00:00,2012-11-16T19:15:00-00:00,2012-11-16,12,LAPLMG1_7_B2,LAPLMG1_7_B2,LAPLMG1_7_B2,HASP,LMP,LMP_PRC,LAPLMG1_7_B2,ALL,1,51.31108,1,25
2012-11-16T20:00:00-00:00,2012-11-16T20:15:00-00:00,2012-11-16,13,LAPLMG1_7_B2,LAPLMG1_7_B2,LAPLMG1_7_B2,HASP,LMP,LMP_PRC,LAPLMG1_7_B2,ALL,1,43.61448,1,25
2012-11-16T21:00:00-00:00,2012-11-16T21:15:00-00:00,2012-11-16,14,LAPLMG1_7_B2,LAPLMG1_7_B2,LAPLMG1_7_B2,HASP,LMP,LMP_PRC,LAPLMG1_7_B2,ALL,1,43.5358,1,25
2012-11-16T22:00:00-00:00,2012-11-16T22:15:00-00:00,2012-11-16,15,LAPLMG1_7_B2,LAPLMG1_7_B2,LAPLMG1_7_B2,HASP,LMP,LMP_PRC,LAPLMG1_7_B2,ALL,1,36.77655,1,25
2012-11-16T23:00:00-00:00,2012-11-16T23:15:00-00:00,2012-11-16,16,LAPLMG1_7_B2,LAPLMG1_7_B2,LAPLMG1_7_B2,HASP,LMP,LMP_PRC,LAPLMG1_7_B2,ALL,1,42.14643,1,25
2012-11-17T00:00:00-00:00,2012-11-17T00:15:00-00:00,2012-11-16,17,LAPLMG1_7_B2,LAPLMG1_7_B2,LAPLMG1_7_B2,HASP,LMP,LMP_PRC,LAPLMG1_7_B2,ALL,1,46.32232,1,25
2012-11-17T01:00:00-00:00,2012-11-17T01:15:00-00:00,2012-11-16,18,LAPLMG1_7_B2,LAPLMG1_7_B2,LAPLMG1_7_B2,HASP,LMP,LMP_PRC,LAPLMG1_7_B2,ALL,1,46.72669,1,25
2012-11-17T02:00:00-00:00,2012-11-17T02:15:00-00:00,2012-11-16,19,LAPLMG1_7_B2,LAPLMG1_7_B2,LAPLMG1_7_B2,HASP,LMP,LMP_PRC,LAPLMG1_7_B2,ALL,1,45.05147,1,25
2012-11-17T03:00:00-00:00,2012-11-17T03:15:00-00:00,2012-11-16,20,LAPLMG1_7_B2,LAPLMG1_7_B2,LAPLMG1_7_B2,HASP,LMP,LMP_PRC,LAPLMG1_7_B2,ALL,1,41.28496,1,25
2012-11-17T04:00:00-00:00,2012-11-17T04:15:00-00:00,2012-11-16,21,LAPLMG1_7_B2,LAPLMG1_7_B2,LAPLMG1_7_B2,HASP,LMP,LMP_PRC,LAPLMG1_7_B2,ALL,1,46.72826,1,25
2012-11-17T05:00:00-00:00,2012-11-17T05:15:00-00:00,2012-11-16,22,LAPLMG1_7_B2,LAPLMG1_7_B2,LAPLMG1_7_B2,HASP,LMP,LMP_PRC,LAPLMG1_7_B2,ALL,1,37.63359,1,25
2012-11-17T06:00:00-00:00,2012-11-17T06:15:00-00:00,2012-11-16,23,LAPLMG1_7_B2,LAPLMG1_7_B2,LAPLMG1_7_B2,HASP,LMP,LMP_PRC,LAPLMG1_7_B2,ALL,1,41.88094,1,25
2012-11-17T07:00:00-00:00,2012-11-17T07:15:00-00:00,2012-11-16,24,LAPLMG1_7_B2,LAPLMG1_7_B2,LAPLMG1_7_B2,HASP,LMP,LMP_PRC,LAPLMG1_7_B2,ALL,1,32.25988,1,25
2012-11-16T08:15:00-00:00,2012-11-16T08:30:00-00:00,2012-11-16,01,LAPLMG1_7_B2,LAPLMG1_7_B2,LAPLMG1_7_B2,HASP,LMP,LMP_PRC,LAPLMG1_7_B2,ALL,1,38.02931,2,25
2012-11-16T09:15:00-00:00,2012-11-16T09:30:00-00:00,2012-11-16,02,LAPLMG1_7_B2,LAPLMG1_7_B2,LAPLMG1_7_B2,HASP,LMP,LMP_PRC,LAPLMG1_7_B2,ALL,1,35.75768,2,25
2012-11-16T10:15:00-00:00,2012-11-16T10:30:00-00:00,2012-11-16,03,LAPLMG1_7_B2,LAPLMG1_7_B2,LAPLMG1_7_B2,HASP,LMP,LMP_PRC,LAPLMG1_7_B2,ALL,1,30.39623,2,25
2012-11-16T11:15:00-00:00,2012-11-16T11:30:00-00:00,2012-11-16,04,LAPLMG1_7_B2,LAPLMG1_7_B2,LAPLMG1_7_B2,HASP,LMP,LMP_PRC,LAPLMG1_7_B2,ALL,1,30.2854,2,25
2012-11-16T12:15:00-00:00,2012-11-16T12:30:00-00:00,2012-11-16,05,LAPLMG1_7_B2,LAPLMG1_7_B2,LAPLMG1_7_B2,HASP,LMP,LMP_PRC,LAPLMG1_7_B2,ALL,1,27.80464,2,25
2012-11-16T13:15:00-00:00,2012-11-16T13:30:00-00:00,2012-11-16,06,LAPLMG1_7_B2,LAPLMG1_7_B2,LAPLMG1_7_B2,HASP,LMP,LMP_PRC,LAPLMG1_7_B2,ALL,1,37.66808,2,25
2012-11-16T14:15:00-00:00,2012-11-16T14:30:00-00:00,2012-11-16,07,LAPLMG1_7_B2,LAPLMG1_7_B2,LAPLMG1_7_B2,HASP,LMP,LMP_PRC,LAPLMG1_7_B2,ALL,1,42.92724,2,25
2012-11-16T15:15:00-00:00,2012-11-16T15:30:00-00:00,2012-11-16,08,LAPLMG1_7_B2,LAPLMG1_7_B2,LAPLMG1_7_B2,HASP,LMP,LMP_PRC,LAPLMG1_7_B2,ALL,1,33.91166,2,25
2012-11-16T16:15:00-00:00,2012-11-16T16:30:00-00:00,2012-11-16,09,LAPLMG1_7_B2,LAPLMG1_7_B2,LAPLMG1_7_B2,HASP,LMP,LMP_PRC,LAPLMG1_7_B2,ALL,1,40.46121,2,25
2012-11-16T17:15:00-00:00,2012-11-16T17:30:00-00:00,2012-11-16,10,LAPLMG1_7_B2,LAPLMG1_7_B2,LAPLMG1_7_B2,HASP,LMP,LMP_PRC,LAPLMG1_7_B2,ALL,1,39.16792,2,25
2012-11-16T18:15:00-00:00,2012-11-16T18:30:00-00:00,2012-11-16,11,LAPLMG1_7_B2,LAPLMG1_7_B2,LAPLMG1_7_B2,HASP,LMP,LMP_PRC,LAPLMG1_7_B2,ALL,1,45.03924,2,25
2012-11-16T19:15:00-00:00,2012-11-16T19:30:00-00:00,2012-11-16,12,LAPLMG1_7_B2,LAPLMG1_7_B2,LAPLMG1_7_B2,HASP,LMP,LMP_PRC,LAPLMG1_7_B2,ALL,1,51.2981,2,25
2012-11-16T20:15:00-00:00,2012-11-16T20:30:00-00:00,2012-11-16,13,LAPLMG1_7_B2,LAPLMG1_7_B2,LAPLMG1_7_B2,HASP,LMP,LMP_PRC,LAPLMG1_7_B2,ALL,1,38.38131,2,25
2012-11-16T21:15:00-00:00,2012-11-16T21:30:00-00:00,2012-11-16,14,LAPLMG1_7_B2,LAPLMG1_7_B2,LAPLMG1_7_B2,HASP,LMP,LMP_PRC,LAPLMG1_7_B2,ALL,1,41.41655,2,25
2012-11-16T22:15:00-00:00,2012-11-16T22:30:00-00:00,2012-11-16,15,LAPLMG1_7_B2,LAPLMG1_7_B2,LAPLMG1_7_B2,HASP,LMP,LMP_PRC,LAPLMG1_7_B2,ALL,1,33.92097,2,25
2012-11-16T23:15:00-00:00,2012-11-16T23:30:00-00:00,2012-11-16,16,LAPLMG1_7_B2,LAPLMG1_7_B2,LAPLMG1_7_B2,HASP,LMP,LMP_PRC,LAPLMG1_7_B2,ALL,1,38.82114,2,25
2012-11-17T00:15:00-00:00,2012-11-17T00:30:00-00:00,2012-11-16,17,LAPLMG1_7_B2,LAPLMG1_7_B2,LAPLMG1_7_B2,HASP,LMP,LMP_PRC,LAPLMG1_7_B2,ALL,1,42.641,2,25
2012-11-17T01:15:00-00:00,2012-11-17T01:30:00-00:00,2012-11-16,18,LAPLMG1_7_B2,LAPLMG1_7_B2,LAPLMG1_7_B2,HASP,LMP,LMP_PRC,LAPLMG1_7_B2,ALL,1,46.63102,2,25
2012-11-17T02:15:00-00:00,2012-11-17T02:30:00-00:00,2012-11-16,19,LAPLMG1_7_B2,LAPLMG1_7_B2,LAPLMG1_7_B2,HASP,LMP,LMP_PRC,LAPLMG1_7_B2,ALL,1,41.65364,2,25
2012-11-17T03:15:00-00:00,2012-11-17T03:30:00-00:00,2012-11-16,20,LAPLMG1_7_B2,LAPLMG1_7_B2,LAPLMG1_7_B2,HASP,LMP,LMP_PRC,LAPLMG1_7_B2,ALL,1,41.19645,2,25
2012-11-17T04:15:00-00:00,2012-11-17T04:30:00-00:00,2012-11-16,21,LAPLMG1_7_B2,LAPLMG1_7_B2,LAPLMG1_7_B2,HASP,LMP,LMP_PRC,LAPLMG1_7_B2,ALL,1,34.61771,2,25
2012-11-17T05:15:00-00:00,2012-11-17T05:30:00-00:00,2012-11-16,22,LAPLMG1_7_B2,LAPLMG1_7_B2,LAPLMG1_7_B2,HASP,LMP,LMP_PRC,LAPLMG1_7_B2,ALL,1,40.84588,2,25
2012-11-17T06:15:00-00:00,2012-11-17T06:30:00-00:00,2012-11-16,23,LAPLMG1_7_B2,LAPLMG1_7_B2,LAPLMG1_7_B2,HASP,LMP,LMP_PRC,LAPLMG1_7_B2,ALL,1,35.51932,2,25
2012-11-17T07:15:00-00:00,2012-11-17T07:30:00-00:00,2012-11-16,24,LAPLMG1_7_B2,LAPLMG1_7_B2,LAPLMG1_7_B2,HASP,LMP,LMP_PRC,LAPLMG1_7_B2,ALL,1,27.77055,2,25
2012-11-16T08:30:00-00:00,2012-11-16T08:45:00-00:00,2012-11-16,01,LAPLMG1_7_B2,LAPLMG1_7_B2,LAPLMG1_7_B2,HASP,LMP,LMP_PRC,LAPLMG1_7_B2,ALL,1,32.82701,3,25
2012-11-16T09:30:00-00:00,2012-11-16T09:45:00-00:00,2012-11-16,02,LAPLMG1_7_B2,LAPLMG1_7_B2,LAPLMG1_7_B2,HASP,LMP,LMP_PRC,LAPLMG1_7_B2,ALL,1,32.63931,3,25
2012-11-16T10:30:00-00:00,2012-11-16T10:45:00-00:00,2012-11-16,03,LAPLMG1_7_B2,LAPLMG1_7_B2,LAPLMG1_7_B2,HASP,LMP,LMP_PRC,LAPLMG1_7_B2,ALL,1,30.03635,3,25
2012-11-16T11:30:00-00:00,2012-11-16T11:45:00-00:00,2012-11-16,04,LAPLMG1_7_B2,LAPLMG1_7_B2,LAPLMG1_7_B2,HASP,LMP,LMP_PRC,LAPLMG1_7_B2,ALL,1,31.89128,3,25
2012-11-16T12:30:00-00:00,2012-11-16T12:45:00-00:00,2012-11-16,05,LAPLMG1_7_B2,LAPLMG1_7_B2,LAPLMG1_7_B2,HASP,LMP,LMP_PRC,LAPLMG1_7_B2,ALL,1,29.8046,3,25
2012-11-16T13:30:00-00:00,2012-11-16T13:45:00-00:00,2012-11-16,06,LAPLMG1_7_B2,LAPLMG1_7_B2,LAPLMG1_7_B2,HASP,LMP,LMP_PRC,LAPLMG1_7_B2,ALL,1,44.26236,3,25
2012-11-16T14:30:00-00:00,2012-11-16T14:45:00-00:00,2012-11-16,07,LAPLMG1_7_B2,LAPLMG1_7_B2,LAPLMG1_7_B2,HASP,LMP,LMP_PRC,LAPLMG1_7_B2,ALL,1,44.62485,3,25
2012-11-16T15:30:00-00:00,2012-11-16T15:45:00-00:00,2012-11-16,08,LAPLMG1_7_B2,LAPLMG1_7_B2,LAPLMG1_7_B2,HASP,LMP,LMP_PRC,LAPLMG1_7_B2,ALL,1,35.1581,3,25
2012-11-16T16:30:00-00:00,2012-11-16T16:45:00-00:00,2012-11-16,09,LAPLMG1_7_B2,LAPLMG1_7_B2,LAPLMG1_7_B2,HASP,LMP,LMP_PRC,LAPLMG1_7_B2,ALL,1,41.79954,3,25
2012-11-16T17:30:00-00:00,2012-11-16T17:45:00-00:00,2012-11-16,10,LAPLMG1_7_B2,LAPLMG1_7_B2,LAPLMG1_7_B2,HASP,LMP,LMP_PRC,LAPLMG1_7_B2,ALL,1,41.30432,3,25
2012-11-16T18:30:00-00:00,2012-11-16T18:45:00-00:00,2012-11-16,11,LAPLMG1_7_B2,LAPLMG1_7_B2,LAPLMG1_7_B2,HASP,LMP,LMP_PRC,LAPLMG1_7_B2,ALL,1,45.13048,3,25
2012-11-16T19:30:00-00:00,2012-11-16T19:45:00-00:00,2012-11-16,12,LAPLMG1_7_B2,LAPLMG1_7_B2,LAPLMG1_7_B2,HASP,LMP,LMP_PRC,LAPLMG1_7_B2,ALL,1,49.7467,3,25
2012-11-16T20:30:00-00:00,2012-11-16T20:45:00-00:00,2012-11-16,13,LAPLMG1_7_B2,LAPLMG1_7_B2,LAPLMG1_7_B2,HASP,LMP,LMP_PRC,LAPLMG1_7_B2,ALL,1,37.18108,3,25
2012-11-16T21:30:00-00:00,2012-11-16T21:45:00-00:00,2012-11-16,14,LAPLMG1_7_B2,LAPLMG1_7_B2,LAPLMG1_7_B2,HASP,LMP,LMP_PRC,LAPLMG1_7_B2,ALL,1,42.60522,3,25
2012-11-16T22:30:00-00:00,2012-11-16T22:45:00-00:00,2012-11-16,15,LAPLMG1_7_B2,LAPLMG1_7_B2,LAPLMG1_7_B2,HASP,LMP,LMP_PRC,LAPLMG1_7_B2,ALL,1,33.91053,3,25
2012-11-16T23:30:00-00:00,2012-11-16T23:45:00-00:00,2012-11-16,16,LAPLMG1_7_B2,LAPLMG1_7_B2,LAPLMG1_7_B2,HASP,LMP,LMP_PRC,LAPLMG1_7_B2,ALL,1,38.92483,3,25
2012-11-17T00:30:00-00:00,2012-11-17T00:45:00-00:00,2012-11-16,17,LAPLMG1_7_B2,LAPLMG1_7_B2,LAPLMG1_7_B2,HASP,LMP,LMP_PRC,LAPLMG1_7_B2,ALL,1,55.1971,3,25
2012-11-17T01:30:00-00:00,2012-11-17T01:45:00-00:00,2012-11-16,18,LAPLMG1_7_B2,LAPLMG1_7_B2,LAPLMG1_7_B2,HASP,LMP,LMP_PRC,LAPLMG1_7_B2,ALL,1,62.45299,3,25
2012-11-17T02:30:00-00:00,2012-11-17T02:45:00-00:00,2012-11-16,19,LAPLMG1_7_B2,LAPLMG1_7_B2,LAPLMG1_7_B2,HASP,LMP,LMP_PRC,LAPLMG1_7_B2,ALL,1,41.29185,3,25
2012-11-17T03:30:00-00:00,2012-11-17T03:45:00-00:00,2012-11-16,20,LAPLMG1_7_B2,LAPLMG1_7_B2,LAPLMG1_7_B2,HASP,LMP,LMP_PRC,LAPLMG1_7_B2,ALL,1,36.62998,3,25
2012-11-17T04:30:00-00:00,2012-11-17T04:45:00-00:00,2012-11-16,21,LAPLMG1_7_B2,LAPLMG1_7_B2,LAPLMG1_7_B2,HASP,LMP,LMP_PRC,LAPLMG1_7_B2,ALL,1,29.31627,3,25
2012-11-17T05:30:00-00:00,2012-11-17T05:45:00-00:00,2012-11-16,22,LAPLMG1_7_B2,LAPLMG1_7_B2,LAPLMG1_7_B2,HASP,LMP,LMP_PRC,LAPLMG1_7_B2,ALL,1,29.45667,3,25
2012-11-17T06:30:00-00:00,2012-11-17T06:45:00-00:00,2012-11-16,23,LAPLMG1_7_B2,LAPLMG1_7_B2,LAPLMG1_7_B2,HASP,LMP,LMP_PRC,LAPLMG1_7_B2,ALL,1,29.60526,3,25
2012-11-17T07:30:00-00:00,2012-11-17T07:45:00-00:00,2012-11-16,24,LAPLMG1_7_B2,LAPLMG1_7_B2,LAPLMG1_7_B2,HASP,LMP,LMP_PRC,LAPLMG1_7_B2,ALL,1,25.71664,3,25
2012-11-16T08:45:00-00:00,2012-11-16T09:00:00-00:00,2012-11-16,01,LAPLMG1_7_B2,LAPLMG1_7_B2,LAPLMG1_7_B2,HASP,LMP,LMP_PRC,LAPLMG1_7_B2,ALL,1,32.63731,4,25
2012-11-16T09:45:00-00:00,2012-11-16T10:00:00-00:00,2012-11-16,02,LAPLMG1_7_B2,LAPLMG1_7_B2,LAPLMG1_7_B2,HASP,LMP,LMP_PRC,LAPLMG1_7_B2,ALL,1,31.9082,4,25
2012-11-16T10:45:00-00:00,2012-11-16T11:00:00-00:00,2012-11-16,03,LAPLMG1_7_B2,LAPLMG1_7_B2,LAPLMG1_7_B2,HASP,LMP,LMP_PRC,LAPLMG1_7_B2,ALL,1,27.90626,4,25
2012-11-16T11:45:00-00:00,2012-11-16T12:00:00-00:00,2012-11-16,04,LAPLMG1_7_B2,LAPLMG1_7_B2,LAPLMG1_7_B2,HASP,LMP,LMP_PRC,LAPLMG1_7_B2,ALL,1,31.12153,4,25
2012-11-16T12:45:00-00:00,2012-11-16T13:00:00-00:00,2012-11-16,05,LAPLMG1_7_B2,LAPLMG1_7_B2,LAPLMG1_7_B2,HASP,LMP,LMP_PRC,LAPLMG1_7_B2,ALL,1,33.04405,4,25
2012-11-16T13:45:00-00:00,2012-11-16T14:00:00-00:00,2012-11-16,06,LAPLMG1_7_B2,LAPLMG1_7_B2,LAPLMG1_7_B2,HASP,LMP,LMP_PRC,LAPLMG1_7_B2,ALL,1,47.47556,4,25
2012-11-16T14:45:00-00:00,2012-11-16T15:00:00-00:00,2012-11-16,07,LAPLMG1_7_B2,LAPLMG1_7_B2,LAPLMG1_7_B2,HASP,LMP,LMP_PRC,LAPLMG1_7_B2,ALL,1,52.7031,4,25
2012-11-16T15:45:00-00:00,2012-11-16T16:00:00-00:00,2012-11-16,08,LAPLMG1_7_B2,LAPLMG1_7_B2,LAPLMG1_7_B2,HASP,LMP,LMP_PRC,LAPLMG1_7_B2,ALL,1,42.19143,4,25
2012-11-16T16:45:00-00:00,2012-11-16T17:00:00-00:00,2012-11-16,09,LAPLMG1_7_B2,LAPLMG1_7_B2,LAPLMG1_7_B2,HASP,LMP,LMP_PRC,LAPLMG1_7_B2,ALL,1,42.05775,4,25
2012-11-16T17:45:00-00:00,2012-11-16T18:00:00-00:00,2012-11-16,10,LAPLMG1_7_B2,LAPLMG1_7_B2,LAPLMG1_7_B2,HASP,LMP,LMP_PRC,LAPLMG1_7_B2,ALL,1,41.30699,4,25
2012-11-16T18:45:00-00:00,2012-11-16T19:00:00-00:00,2012-11-16,11,LAPLMG1_7_B2,LAPLMG1_7_B2,LAPLMG1_7_B2,HASP,LMP,LMP_PRC,LAPLMG1_7_B2,ALL,1,45.57442,4,25
2012-11-16T19:45:00-00:00,2012-11-16T20:00:00-00:00,2012-11-16,12,LAPLMG1_7_B2,LAPLMG1_7_B2,LAPLMG1_7_B2,HASP,LMP,LMP_PRC,LAPLMG1_7_B2,ALL,1,43.34586,4,25
2012-11-16T20:45:00-00:00,2012-11-16T21:00:00-00:00,2012-11-16,13,LAPLMG1_7_B2,LAPLMG1_7_B2,LAPLMG1_7_B2,HASP,LMP,LMP_PRC,LAPLMG1_7_B2,ALL,1,38.46859,4,25
2012-11-16T21:45:00-00:00,2012-11-16T22:00:00-00:00,2012-11-16,14,LAPLMG1_7_B2,LAPLMG1_7_B2,LAPLMG1_7_B2,HASP,LMP,LMP_PRC,LAPLMG1_7_B2,ALL,1,42.60113,4,25
2012-11-16T22:45:00-00:00,2012-11-16T23:00:00-00:00,2012-11-16,15,LAPLMG1_7_B2,LAPLMG1_7_B2,LAPLMG1_7_B2,HASP,LMP,LMP_PRC,LAPLMG1_7_B2,ALL,1,28.83294,4,25
2012-11-16T23:45:00-00:00,2012-11-17T00:00:00-00:00,2012-11-16,16,LAPLMG1_7_B2,LAPLMG1_7_B2,LAPLMG1_7_B2,HASP,LMP,LMP_PRC,LAPLMG1_7_B2,ALL,1,42.10228,4,25
2012-11-17T00:45:00-00:00,2012-11-17T01:00:00-00:00,2012-11-16,17,LAPLMG1_7_B2,LAPLMG1_7_B2,LAPLMG1_7_B2,HASP,LMP,LMP_PRC,LAPLMG1_7_B2,ALL,1,64.03571,4,25
2012-11-17T01:45:00-00:00,2012-11-17T02:00:00-00:00,2012-11-16,18,LAPLMG1_7_B2,LAPLMG1_7_B2,LAPLMG1_7_B2,HASP,LMP,LMP_PRC,LAPLMG1_7_B2,ALL,1,62.11312,4,25
2012-11-17T02:45:00-00:00,2012-11-17T03:00:00-00:00,2012-11-16,19,LAPLMG1_7_B2,LAPLMG1_7_B2,LAPLMG1_7_B2,HASP,LMP,LMP_PRC,LAPLMG1_7_B2,ALL,1,33.91236,4,25
2012-11-17T03:45:00-00:00,2012-11-17T04:00:00-00:00,2012-11-16,20,LAPLMG1_7_B2,LAPLMG1_7_B2,LAPLMG1_7_B2,HASP,LMP,LMP_PRC,LAPLMG1_7_B2,ALL,1,27.69556,4,25
2012-11-17T04:45:00-00:00,2012-11-17T05:00:00-00:00,2012-11-16,21,LAPLMG1_7_B2,LAPLMG1_7_B2,LAPLMG1_7_B2,HASP,LMP,LMP_PRC,LAPLMG1_7_B2,ALL,1,27.59987,4,25
2012-11-17T05:45:00-00:00,2012-11-17T06:00:00-00:00,2012-11-16,22,LAPLMG1_7_B2,LAPLMG1_7_B2,LAPLMG1_7_B2,HASP,LMP,LMP_PRC,LAPLMG1_7_B2,ALL,1,26.47763,4,25
2012-11-17T06:45:00-00:00,2012-11-17T07:00:00-00:00,2012-11-16,23,LAPLMG1_7_B2,LAPLMG1_7_B2,LAPLMG1_7_B2,HASP,LMP,LMP_PRC,LAPLMG1_7_B2,ALL,1,26.79511,4,25
2012-11-17T07:45:00-00:00,2012-11-17T08:00:00-00:00,2012-11-16,24,LAPLMG1_7_B2,LAPLMG1_7_B2,LAPLMG1_7_B2,HASP,LMP,LMP_PRC,LAPLMG1_7_B2,ALL,1,25.0261,4,25
2012-11-16T08:00:00-00:00,2012-11-16T08:15:00-00:00,2012-11-16,01,LAPLMG1_7_B2,LAPLMG1_7_B2,LAPLMG1_7_B2,HASP,MCC,LMP_CONG_PRC,LAPLMG1_7_B2,ALL,1,0.27741,1,26
2012-11-16T09:00:00-00:00,2012-11-16T09:15:00-00:00,2012-11-16,02,LAPLMG1_7_B2,LAPLMG1_7_B2,LAPLMG1_7_B2,HASP,MCC,LMP_CONG_PRC,LAPLMG1_7_B2,ALL,1,0.12742,1,26
2012-11-16T10:00:00-00:00,2012-11-16T10:15:00-00:00,2012-11-16,03,LAPLMG1_7_B2,LAPLMG1_7_B2,LAPLMG1_7_B2,HASP,MCC,LMP_CONG_PRC,LAPLMG1_7_B2,ALL,1,0,1,26
2012-11-16T11:00:00-00:00,2012-11-16T11:15:00-00:00,2012-11-16,04,LAPLMG1_7_B2,LAPLMG1_7_B2,LAPLMG1_7_B2,HASP,MCC,LMP_CONG_PRC,LAPLMG1_7_B2,ALL,1,0,1,26
2012-11-16T12:00:00-00:00,2012-11-16T12:15:00-00:00,2012-11-16,05,LAPLMG1_7_B2,LAPLMG1_7_B2,LAPLMG1_7_B2,HASP,MCC,LMP_CONG_PRC,LAPLMG1_7_B2,ALL,1,0,1,26
2012-11-16T13:00:00-00:00,2012-11-16T13:15:00-00:00,2012-11-16,06,LAPLMG1_7_B2,LAPLMG1_7_B2,LAPLMG1_7_B2,HASP,MCC,LMP_CONG_PRC,LAPLMG1_7_B2,ALL,1,0,1,26
2012-11-16T14:00:00-00:00,2012-11-16T14:15:00-00:00,2012-11-16,07,LAPLMG1_7_B2,LAPLMG1_7_B2,LAPLMG1_7_B2,HASP,MCC,LMP_CONG_PRC,LAPLMG1_7_B2,ALL,1,0,1,26
2012-11-16T15:00:00-00:00,2012-11-16T15:15:00-00:00,2012-11-16,08,LAPLMG1_7_B2,LAPLMG1_7_B2,LAPLMG1_7_B2,HASP,MCC,LMP_CONG_PRC,LAPLMG1_7_B2,ALL,1,0,1,26
2012-11-16T16:00:00-00:00,2012-11-16T16:15:00-00:00,2012-11-16,09,LAPLMG1_7_B2,LAPLMG1_7_B2,LAPLMG1_7_B2,HASP,MCC,LMP_CONG_PRC,LAPLMG1_7_B2,ALL,1,0.4018,1,26
2012-11-16T17:00:00-00:00,2012-11-16T17:15:00-00:00,2012-11-16,10,LAPLMG1_7_B2,LAPLMG1_7_B2,LAPLMG1_7_B2,HASP,MCC,LMP_CONG_PRC,LAPLMG1_7_B2,ALL,1,0.19748,1,26
2012-11-16T18:00:00-00:00,2012-11-16T18:15:00-00:00,2012-11-16,11,LAPLMG1_7_B2,LAPLMG1_7_B2,LAPLMG1_7_B2,HASP,MCC,LMP_CONG_PRC,LAPLMG1_7_B2,ALL,1,0.24951,1,26
2012-11-16T19:00:00-00:00,2012-11-16T19:15:00-00:00,2012-11-16,12,LAPLMG1_7_B2,LAPLMG1_7_B2,LAPLMG1_7_B2,HASP,MCC,LMP_CONG_PRC,LAPLMG1_7_B2,ALL,1,1.39359,1,26
2012-11-16T20:00:00-00:00,2012-11-16T20:15:00-00:00,2012-11-16,13,LAPLMG1_7_B2,LAPLMG1_7_B2,LAPLMG1_7_B2,HASP,MCC,LMP_CONG_PRC,LAPLMG1_7_B2,ALL,1,0,1,26
2012-11-16T21:00:00-00:00,2012-11-16T21:15:00-00:00,2012-11-16,14,LAPLMG1_7_B2,LAPLMG1_7_B2,LAPLMG1_7_B2,HASP,MCC,LMP_CONG_PRC,LAPLMG1_7_B2,ALL,1,0,1,26
2012-11-16T22:00:00-00:00,2012-11-16T22:15:00-00:00,2012-11-16,15,LAPLMG1_7_B2,LAPLMG1_7_B2,LAPLMG1_7_B2,HASP,MCC,LMP_CONG_PRC,LAPLMG1_7_B2,ALL,1,0,1,26
2012-11-16T23:00:00-00:00,2012-11-16T23:15:00-00:00,2012-11-16,16,LAPLMG1_7_B2,LAPLMG1_7_B2,LAPLMG1_7_B2,HASP,MCC,LMP_CONG_PRC,LAPLMG1_7_B2,ALL,1,0,1,26
2012-11-17T00:00:00-00:00,2012-11-17T00:15:00-00:00,2012-11-16,17,LAPLMG1_7_B2,LAPLMG1_7_B2,LAPLMG1_7_B2,HASP,MCC,LMP_CONG_PRC,LAPLMG1_7_B2,ALL,1,0,1,26
2012-11-17T01:00:00-00:00,2012-11-17T01:15:00-00:00,2012-11-16,18,LAPLMG1_7_B2,LAPLMG1_7_B2,LAPLMG1_7_B2,HASP,MCC,LMP_CONG_PRC,LAPLMG1_7_B2,ALL,1,0,1,26
2012-11-17T02:00:00-00:00,2012-11-17T02:15:00-00:00,2012-11-16,19,LAPLMG1_7_B2,LAPLMG1_7_B2,LAPLMG1_7_B2,HASP,MCC,LMP_CONG_PRC,LAPLMG1_7_B2,ALL,1,0,1,26
2012-11-17T03:00:00-00:00,2012-11-17T03:15:00-00:00,2012-11-16,20,LAPLMG1_7_B2,LAPLMG1_7_B2,LAPLMG1_7_B2,HASP,MCC,LMP_CONG_PRC,LAPLMG1_7_B2,ALL,1,0,1,26
2012-11-17T04:00:00-00:00,2012-11-17T04:15:00-00:00,2012-11-16,21,LAPLMG1_7_B2,LAPLMG1_7_B2,LAPLMG1_7_B2,HASP,MCC,LMP_CONG_PRC,LAPLMG1_7_B2,ALL,1,0,1,26
2012-11-17T05:00:00-00:00,2012-11-17T05:15:00-00:00,2012-11-16,22,LAPLMG1_7_B2,LAPLMG1_7_B2,LAPLMG1_7_B2,HASP,MCC,LMP_CONG_PRC,LAPLMG1_7_B2,ALL,1,0.17995,1,26
2012-11-17T06:00:00-00:00,2012-11-17T06:15:00-00:00,2012-11-16,23,LAPLMG1_7_B2,LAPLMG1_7_B2,LAPLMG1_7_B2,HASP,MCC,LMP_CONG_PRC,LAPLMG1_7_B2,ALL,1,0.26177,1,26
2012-11-17T07:00:00-00:00,2012-11-17T07:15:00-00:00,2012-11-16,24,LAPLMG1_7_B2,LAPLMG1_7_B2,LAPLMG1_7_B2,HASP,MCC,LMP_CONG_PRC,LAPLMG1_7_B2,ALL,1,0.05398,1,26
2012-11-16T08:15:00-00:00,2012-11-16T08:30:00-00:00,2012-11-16,01,LAPLMG1_7_B2,LAPLMG1_7_B2,LAPLMG1_7_B2,HASP,MCC,LMP_CONG_PRC,LAPLMG1_7_B2,ALL,1,0.13097,2,26
2012-11-16T09:15:00-00:00,2012-11-16T09:30:00-00:00,2012-11-16,02,LAPLMG1_7_B2,LAPLMG1_7_B2,LAPLMG1_7_B2,HASP,MCC,LMP_CONG_PRC,LAPLMG1_7_B2,ALL,1,0.08249,2,26
2012-11-16T10:15:00-00:00,2012-11-16T10:30:00-00:00,2012-11-16,03,LAPLMG1_7_B2,LAPLMG1_7_B2,LAPLMG1_7_B2,HASP,MCC,LMP_CONG_PRC,LAPLMG1_7_B2,ALL,1,0,2,26
2012-11-16T11:15:00-00:00,2012-11-16T11:30:00-00:00,2012-11-16,04,LAPLMG1_7_B2,LAPLMG1_7_B2,LAPLMG1_7_B2,HASP,MCC,LMP_CONG_PRC,LAPLMG1_7_B2,ALL,1,0,2,26
2012-11-16T12:15:00-00:00,2012-11-16T12:30:00-00:00,2012-11-16,05,LAPLMG1_7_B2,LAPLMG1_7_B2,LAPLMG1_7_B2,HASP,MCC,LMP_CONG_PRC,LAPLMG1_7_B2,ALL,1,0,2,26
2012-11-16T13:15:00-00:00,2012-11-16T13:30:00-00:00,2012-11-16,06,LAPLMG1_7_B2,LAPLMG1_7_B2,LAPLMG1_7_B2,HASP,MCC,LMP_CONG_PRC,LAPLMG1_7_B2,ALL,1,0,2,26
2012-11-16T14:15:00-00:00,2012-11-16T14:30:00-00:00,2012-11-16,07,LAPLMG1_7_B2,LAPLMG1_7_B2,LAPLMG1_7_B2,HASP,MCC,LMP_CONG_PRC,LAPLMG1_7_B2,ALL,1,0,2,26
2012-11-16T15:15:00-00:00,2012-11-16T15:30:00-00:00,2012-11-16,08,LAPLMG1_7_B2,LAPLMG1_7_B2,LAPLMG1_7_B2,HASP,MCC,LMP_CONG_PRC,LAPLMG1_7_B2,ALL,1,0,2,26
2012-11-16T16:15:00-00:00,2012-11-16T16:30:00-00:00,2012-11-16,09,LAPLMG1_7_B2,LAPLMG1_7_B2,LAPLMG1_7_B2,HASP,MCC,LMP_CONG_PRC,LAPLMG1_7_B2,ALL,1,0.38139,2,26
2012-11-16T17:15:00-00:00,2012-11-16T17:30:00-00:00,2012-11-16,10,LAPLMG1_7_B2,LAPLMG1_7_B2,LAPLMG1_7_B2,HASP,MCC,LMP_CONG_PRC,LAPLMG1_7_B2,ALL,1,0.15328,2,26
2012-11-16T18:15:00-00:00,2012-11-16T18:30:00-00:00,2012-11-16,11,LAPLMG1_7_B2,LAPLMG1_7_B2,LAPLMG1_7_B2,HASP,MCC,LMP_CONG_PRC,LAPLMG1_7_B2,ALL,1,0.27606,2,26
2012-11-16T19:15:00-00:00,2012-11-16T19:30:00-00:00,2012-11-16,12,LAPLMG1_7_B2,LAPLMG1_7_B2,LAPLMG1_7_B2,HASP,MCC,LMP_CONG_PRC,LAPLMG1_7_B2,ALL,1,1.41728,2,26
2012-11-16T20:15:00-00:00,2012-11-16T20:30:00-00:00,2012-11-16,13,LAPLMG1_7_B2,LAPLMG1_7_B2,LAPLMG1_7_B2,HASP,MCC,LMP_CONG_PRC,LAPLMG1_7_B2,ALL,1,0,2,26
2012-11-16T21:15:00-00:00,2012-11-16T21:30:00-00:00,2012-11-16,14,LAPLMG1_7_B2,LAPLMG1_7_B2,LAPLMG1_7_B2,HASP,MCC,LMP_CONG_PRC,LAPLMG1_7_B2,ALL,1,0,2,26
2012-11-16T22:15:00-00:00,2012-11-16T22:30:00-00:00,2012-11-16,15,LAPLMG1_7_B2,LAPLMG1_7_B2,LAPLMG1_7_B2,HASP,MCC,LMP_CONG_PRC,LAPLMG1_7_B2,ALL,1,0,2,26
2012-11-16T23:15:00-00:00,2012-11-16T23:30:00-00:00,2012-11-16,16,LAPLMG1_7_B2,LAPLMG1_7_B2,LAPLMG1_7_B2,HASP,MCC,LMP_CONG_PRC,LAPLMG1_7_B2,ALL,1,0,2,26
2012-11-17T00:15:00-00:00,2012-11-17T00:30:00-00:00,2012-11-16,17,LAPLMG1_7_B2,LAPLMG1_7_B2,LAPLMG1_7_B2,HASP,MCC,LMP_CONG_PRC,LAPLMG1_7_B2,ALL,1,0,2,26
2012-11-17T01:15:00-00:00,2012-11-17T01:30:00-00:00,2012-11-16,18,LAPLMG1_7_B2,LAPLMG1_7_B2,LAPLMG1_7_B2,HASP,MCC,LMP_CONG_PRC,LAPLMG1_7_B2,ALL,1,0,2,26
2012-11-17T02:15:00-00:00,2012-11-17T02:30:00-00:00,2012-11-16,19,LAPLMG1_7_B2,LAPLMG1_7_B2,LAPLMG1_7_B2,HASP,MCC,LMP_CONG_PRC,LAPLMG1_7_B2,ALL,1,0,2,26
2012-11-17T03:15:00-00:00,2012-11-17T03:30:00-00:00,2012-11-16,20,LAPLMG1_7_B2,LAPLMG1_7_B2,LAPLMG1_7_B2,HASP,MCC,LMP_CONG_PRC,LAPLMG1_7_B2,ALL,1,0,2,26
2012-11-17T04:15:00-00:00,2012-11-17T04:30:00-00:00,2012-11-16,21,LAPLMG1_7_B2,LAPLMG1_7_B2,LAPLMG1_7_B2,HASP,MCC,LMP_CONG_PRC,LAPLMG1_7_B2,ALL,1,0,2,26
2012-11-17T05:15:00-00:00,2012-11-17T05:30:00-00:00,2012-11-16,22,LAPLMG1_7_B2,LAPLMG1_7_B2,LAPLMG1_7_B2,HASP,MCC,LMP_CONG_PRC,LAPLMG1_7_B2,ALL,1,0.24449,2,26
2012-11-17T06:15:00-00:00,2012-11-17T06:30:00-00:00,2012-11-16,23,LAPLMG1_7_B2,LAPLMG1_7_B2,LAPLMG1_7_B2,HASP,MCC,LMP_CONG_PRC,LAPLMG1_7_B2,ALL,1,0.12424,2,26
2012-11-17T07:15:00-00:00,2012-11-17T07:30:00-00:00,2012-11-16,24,LAPLMG1_7_B2,LAPLMG1_7_B2,LAPLMG1_7_B2,HASP,MCC,LMP_CONG_PRC,LAPLMG1_7_B2,ALL,1,-0.03995,2,26
2012-11-16T08:30:00-00:00,2012-11-16T08:45:00-00:00,2012-11-16,01,LAPLMG1_7_B2,LAPLMG1_7_B2,LAPLMG1_7_B2,HASP,MCC,LMP_CONG_PRC,LAPLMG1_7_B2,ALL,1,0.02093,3,26
2012-11-16T09:30:00-00:00,2012-11-16T09:45:00-00:00,2012-11-16,02,LAPLMG1_7_B2,LAPLMG1_7_B2,LAPLMG1_7_B2,HASP,MCC,LMP_CONG_PRC,LAPLMG1_7_B2,ALL,1,0.0161,3,26
2012-11-16T10:30:00-00:00,2012-11-16T10:45:00-00:00,2012-11-16,03,LAPLMG1_7_B2,LAPLMG1_7_B2,LAPLMG1_7_B2,HASP,MCC,LMP_CONG_PRC,LAPLMG1_7_B2,ALL,1,0,3,26
2012-11-16T11:30:00-00:00,2012-11-16T11:45:00-00:00,2012-11-16,04,LAPLMG1_7_B2,LAPLMG1_7_B2,LAPLMG1_7_B2,HASP,MCC,LMP_CONG_PRC,LAPLMG1_7_B2,ALL,1,0,3,26
2012-11-16T12:30:00-00:00,2012-11-16T12:45:00-00:00,2012-11-16,05,LAPLMG1_7_B2,LAPLMG1_7_B2,LAPLMG1_7_B2,HASP,MCC,LMP_CONG_PRC,LAPLMG1_7_B2,ALL,1,0,3,26
2012-11-16T13:30:00-00:00,2012-11-16T13:45:00-00:00,2012-11-16,06,LAPLMG1_7_B2,LAPLMG1_7_B2,LAPLMG1_7_B2,HASP,MCC,LMP_CONG_PRC,LAPLMG1_7_B2,ALL,1,0,3,26
2012-11-16T14:30:00-00:00,2012-11-16T14:45:00-00:00,2012-11-16,07,LAPLMG1_7_B2,LAPLMG1_7_B2,LAPLMG1_7_B2,HASP,MCC,LMP_CONG_PRC,LAPLMG1_7_B2,ALL,1,0,3,26
2012-11-16T15:30:00-00:00,2012-11-16T15:45:00-00:00,2012-11-16,08,LAPLMG1_7_B2,LAPLMG1_7_B2,LAPLMG1_7_B2,HASP,MCC,LMP_CONG_PRC,LAPLMG1_7_B2,ALL,1,0,3,26
2012-11-16T16:30:00-00:00,2012-11-16T16:45:00-00:00,2012-11-16,09,LAPLMG1_7_B2,LAPLMG1_7_B2,LAPLMG1_7_B2,HASP,MCC,LMP_CONG_PRC,LAPLMG1_7_B2,ALL,1,0.41079,3,26
2012-11-16T17:30:00-00:00,2012-11-16T17:45:00-00:00,2012-11-16,10,LAPLMG1_7_B2,LAPLMG1_7_B2,LAPLMG1_7_B2,HASP,MCC,LMP_CONG_PRC,LAPLMG1_7_B2,ALL,1,0.19742,3,26
2012-11-16T18:30:00-00:00,2012-11-16T18:45:00-00:00,2012-11-16,11,LAPLMG1_7_B2,LAPLMG1_7_B2,LAPLMG1_7_B2,HASP,MCC,LMP_CONG_PRC,LAPLMG1_7_B2,ALL,1,0.27823,3,26
2012-11-16T19:30:00-00:00,2012-11-16T19:45:00-00:00,2012-11-16,12,LAPLMG1_7_B2,LAPLMG1_7_B2,LAPLMG1_7_B2,HASP,MCC,LMP_CONG_PRC,LAPLMG1_7_B2,ALL,1,1.30179,3,26
2012-11-16T20:30:00-00:00,2012-11-16T20:45:00-00:00,2012-11-16,13,LAPLMG1_7_B2,LAPLMG1_7_B2,LAPLMG1_7_B2,HASP,MCC,LMP_CONG_PRC,LAPLMG1_7_B2,ALL,1,0,3,26
2012-11-16T21:30:00-00:00,2012-11-16T21:45:00-00:00,2012-11-16,14,LAPLMG1_7_B2,LAPLMG1_7_B2,LAPLMG1_7_B2,HASP,MCC,LMP_CONG_PRC,LAPLMG1_7_B2,ALL,1,0,3,26
2012-11-16T22:30:00-00:00,2012-11-16T22:45:00-00:00,2012-11-16,15,LAPLMG1_7_B2,LAPLMG1_7_B2,LAPLMG1_7_B2,HASP,MCC,LMP_CONG_PRC,LAPLMG1_7_B2,ALL,1,0,3,26
2012-11-16T23:30:00-00:00,2012-11-16T23:45:00-00:00,2012-11-16,16,LAPLMG1_7_B2,LAPLMG1_7_B2,LAPLMG1_7_B2,HASP,MCC,LMP_CONG_PRC,LAPLMG1_7_B2,ALL,1,0,3,26
2012-11-17T00:30:00-00:00,2012-11-17T00:45:00-00:00,2012-11-16,17,LAPLMG1_7_B2,LAPLMG1_7_B2,LAPLMG1_7_B2,HASP,MCC,LMP_CONG_PRC,LAPLMG1_7_B2,ALL,1,0,3,26
2012-11-17T01:30:00-00:00,2012-11-17T01:45:00-00:00,2012-11-16,18,LAPLMG1_7_B2,LAPLMG1_7_B2,LAPLMG1_7_B2,HASP,MCC,LMP_CONG_PRC,LAPLMG1_7_B2,ALL,1,0,3,26
2012-11-17T02:30:00-00:00,2012-11-17T02:45:00-00:00,2012-11-16,19,LAPLMG1_7_B2,LAPLMG1_7_B2,LAPLMG1_7_B2,HASP,MCC,LMP_CONG_PRC,LAPLMG1_7_B2,ALL,1,0,3,26
2012-11-17T03:30:00-00:00,2012-11-17T03:45:00-00:00,2012-11-16,20,LAPLMG1_7_B2,LAPLMG1_7_B2,LAPLMG1_7_B2,HASP,MCC,LMP_CONG_PRC,LAPLMG1_7_B2,ALL,1,0,3,26
2012-11-17T04:30:00-00:00,2012-11-17T04:45:00-00:00,2012-11-16,21,LAPLMG1_7_B2,LAPLMG1_7_B2,LAPLMG1_7_B2,HASP,MCC,LMP_CONG_PRC,LAPLMG1_7_B2,ALL,1,0,3,26
2012-11-17T05:30:00-00:00,2012-11-17T05:45:00-00:00,2012-11-16,22,LAPLMG1_7_B2,LAPLMG1_7_B2,LAPLMG1_7_B2,HASP,MCC,LMP_CONG_PRC,LAPLMG1_7_B2,ALL,1,0,3,26
2012-11-17T06:30:00-00:00,2012-11-17T06:45:00-00:00,2012-11-16,23,LAPLMG1_7_B2,LAPLMG1_7_B2,LAPLMG1_7_B2,HASP,MCC,LMP_CONG_PRC,LAPLMG1_7_B2,ALL,1,0,3,26
2012-11-17T07:30:00-00:00,2012-11-17T07:45:00-00:00,2012-11-16,24,LAPLMG1_7_B2,LAPLMG1_7_B2,LAPLMG1_7_B2,HASP,MCC,LMP_CONG_PRC,LAPLMG1_7_B2,ALL,1,-0.08651,3,26
2012-11-16T08:45:00-00:00,2012-11-16T09:00:00-00:00,2012-11-16,01,LAPLMG1_7_B2,LAPLMG1_7_B2,LAPLMG1_7_B2,HASP,MCC,LMP_CONG_PRC,LAPLMG1_7_B2,ALL,1,0.01796,4,26
2012-11-16T09:45:00-00:00,2012-11-16T10:00:00-00:00,2012-11-16,02,LAPLMG1_7_B2,LAPLMG1_7_B2,LAPLMG1_7_B2,HASP,MCC,LMP_CONG_PRC,LAPLMG1_7_B2,ALL,1,0,4,26
2012-11-16T10:45:00-00:00,2012-11-16T11:00:00-00:00,2012-11-16,03,LAPLMG1_7_B2,LAPLMG1_7_B2,LAPLMG1_7_B2,HASP,MCC,LMP_CONG_PRC,LAPLMG1_7_B2,ALL,1,0,4,26
2012-11-16T11:45:00-00:00,2012-11-16T12:00:00-00:00,2012-11-16,04,LAPLMG1_7_B2,LAPLMG1_7_B2,LAPLMG1_7_B2,HASP,MCC,LMP_CONG_PRC,LAPLMG1_7_B2,ALL,1,0,4,26
2012-11-16T12:45:00-00:00,2012-11-16T13:00:00-00:00,2012-11-16,05,LAPLMG1_7_B2,LAPLMG1_7_B2,LAPLMG1_7_B2,HASP,MCC,LMP_CONG_PRC,LAPLMG1_7_B2,ALL,1,0,4,26
2012-11-16T13:45:00-00:00,2012-11-16T14:00:00-00:00,2012-11-16,06,LAPLMG1_7_B2,LAPLMG1_7_B2,LAPLMG1_7_B2,HASP,MCC,LMP_CONG_PRC,LAPLMG1_7_B2,ALL,1,0,4,26
2012-11-16T14:45:00-00:00,2012-11-16T15:00:00-00:00,2012-11-16,07,LAPLMG1_7_B2,LAPLMG1_7_B2,LAPLMG1_7_B2,HASP,MCC,LMP_CONG_PRC,LAPLMG1_7_B2,ALL,1,0,4,26
2012-11-16T15:45:00-00:00,2012-11-16T16:00:00-00:00,2012-11-16,08,LAPLMG1_7_B2,LAPLMG1_7_B2,LAPLMG1_7_B2,HASP,MCC,LMP_CONG_PRC,LAPLMG1_7_B2,ALL,1,0,4,26
2012-11-16T16:45:00-00:00,2012-11-16T17:00:00-00:00,2012-11-16,09,LAPLMG1_7_B2,LAPLMG1_7_B2,LAPLMG1_7_B2,HASP,MCC,LMP_CONG_PRC,LAPLMG1_7_B2,ALL,1,0.21914,4,26
2012-11-16T17:45:00-00:00,2012-11-16T18:00:00-00:00,2012-11-16,10,LAPLMG1_7_B2,LAPLMG1_7_B2,LAPLMG1_7_B2,HASP,MCC,LMP_CONG_PRC,LAPLMG1_7_B2,ALL,1,0.1973,4,26
2012-11-16T18:45:00-00:00,2012-11-16T19:00:00-00:00,2012-11-16,11,LAPLMG1_7_B2,LAPLMG1_7_B2,LAPLMG1_7_B2,HASP,MCC,LMP_CONG_PRC,LAPLMG1_7_B2,ALL,1,0.28806,4,26
2012-11-16T19:45:00-00:00,2012-11-16T20:00:00-00:00,2012-11-16,12,LAPLMG1_7_B2,LAPLMG1_7_B2,LAPLMG1_7_B2,HASP,MCC,LMP_CONG_PRC,LAPLMG1_7_B2,ALL,1,0.70032,4,26
2012-11-16T20:45:00-00:00,2012-11-16T21:00:00-00:00,2012-11-16,13,LAPLMG1_7_B2,LAPLMG1_7_B2,LAPLMG1_7_B2,HASP,MCC,LMP_CONG_PRC,LAPLMG1_7_B2,ALL,1,0,4,26
2012-11-16T21:45:00-00:00,2012-11-16T22:00:00-00:00,2012-11-16,14,LAPLMG1_7_B2,LAPLMG1_7_B2,LAPLMG1_7_B2,HASP,MCC,LMP_CONG_PRC,LAPLMG1_7_B2,ALL,1,0,4,26
2012-11-16T22:45:00-00:00,2012-11-16T23:00:00-00:00,2012-11-16,15,LAPLMG1_7_B2,LAPLMG1_7_B2,LAPLMG1_7_B2,HASP,MCC,LMP_CONG_PRC,LAPLMG1_7_B2,ALL,1,0,4,26
2012-11-16T23:45:00-00:00,2012-11-17T00:00:00-00:00,2012-11-16,16,LAPLMG1_7_B2,LAPLMG1_7_B2,LAPLMG1_7_B2,HASP,MCC,LMP_CONG_PRC,LAPLMG1_7_B2,ALL,1,0,4,26
2012-11-17T00:45:00-00:00,2012-11-17T01:00:00-00:00,2012-11-16,17,LAPLMG1_7_B2,LAPLMG1_7_B2,LAPLMG1_7_B2,HASP,MCC,LMP_CONG_PRC,LAPLMG1_7_B2,ALL,1,0,4,26
2012-11-17T01:45:00-00:00,2012-11-17T02:00:00-00:00,2012-11-16,18,LAPLMG1_7_B2,LAPLMG1_7_B2,LAPLMG1_7_B2,HASP,MCC,LMP_CONG_PRC,LAPLMG1_7_B2,ALL,1,0,4,26
2012-11-17T02:45:00-00:00,2012-11-17T03:00:00-00:00,2012-11-16,19,LAPLMG1_7_B2,LAPLMG1_7_B2,LAPLMG1_7_B2,HASP,MCC,LMP_CONG_PRC,LAPLMG1_7_B2,ALL,1,0,4,26
2012-11-17T03:45:00-00:00,2012-11-17T04:00:00-00:00,2012-11-16,20,LAPLMG1_7_B2,LAPLMG1_7_B2,LAPLMG1_7_B2,HASP,MCC,LMP_CONG_PRC,LAPLMG1_7_B2,ALL,1,0,4,26
2012-11-17T04:45:00-00:00,2012-11-17T05:00:00-00:00,2012-11-16,21,LAPLMG1_7_B2,LAPLMG1_7_B2,LAPLMG1_7_B2,HASP,MCC,LMP_CONG_PRC,LAPLMG1_7_B2,ALL,1,0,4,26
2012-11-17T05:45:00-00:00,2012-11-17T06:00:00-00:00,2012-11-16,22,LAPLMG1_7_B2,LAPLMG1_7_B2,LAPLMG1_7_B2,HASP,MCC,LMP_CONG_PRC,LAPLMG1_7_B2,ALL,1,-0.06271,4,26
2012-11-17T06:45:00-00:00,2012-11-17T07:00:00-00:00,2012-11-16,23,LAPLMG1_7_B2,LAPLMG1_7_B2,LAPLMG1_7_B2,HASP,MCC,LMP_CONG_PRC,LAPLMG1_7_B2,ALL,1,-0.06072,4,26
2012-11-17T07:45:00-00:00,2012-11-17T08:00:00-00:00,2012-11-16,24,LAPLMG1_7_B2,LAPLMG1_7_B2,LAPLMG1_7_B2,HASP,MCC,LMP_CONG_PRC,LAPLMG1_7_B2,ALL,1,-0.10254,4,26
2012-11-16T08:00:00-00:00,2012-11-16T08:15:00-00:00,2012-11-16,01,LAPLMG1_7_B2,LAPLMG1_7_B2,LAPLMG1_7_B2,HASP,MCE,LMP_ENE_PRC,LAPLMG1_7_B2,ALL,1,46.21236,1,27
2012-11-16T09:00:00-00:00,2012-11-16T09:15:00-00:00,2012-11-16,02,LAPLMG1_7_B2,LAPLMG1_7_B2,LAPLMG1_7_B2,HASP,MCE,LMP_ENE_PRC,LAPLMG1_7_B2,ALL,1,39.14371,1,27
2012-11-16T10:00:00-00:00,2012-11-16T10:15:00-00:00,2012-11-16,03,LAPLMG1_7_B2,LAPLMG1_7_B2,LAPLMG1_7_B2,HASP,MCE,LMP_ENE_PRC,LAPLMG1_7_B2,ALL,1,33.68555,1,27
2012-11-16T11:00:00-00:00,2012-11-16T11:15:00-00:00,2012-11-16,04,LAPLMG1_7_B2,LAPLMG1_7_B2,LAPLMG1_7_B2,HASP,MCE,LMP_ENE_PRC,LAPLMG1_7_B2,ALL,1,31.18425,1,27
2012-11-16T12:00:00-00:00,2012-11-16T12:15:00-00:00,2012-11-16,05,LAPLMG1_7_B2,LAPLMG1_7_B2,LAPLMG1_7_B2,HASP,MCE,LMP_ENE_PRC,LAPLMG1_7_B2,ALL,1,27.93015,1,27
2012-11-16T13:00:00-00:00,2012-11-16T13:15:00-00:00,2012-11-16,06,LAPLMG1_7_B2,LAPLMG1_7_B2,LAPLMG1_7_B2,HASP,MCE,LMP_ENE_PRC,LAPLMG1_7_B2,ALL,1,40.15748,1,27
2012-11-16T14:00:00-00:00,2012-11-16T14:15:00-00:00,2012-11-16,07,LAPLMG1_7_B2,LAPLMG1_7_B2,LAPLMG1_7_B2,HASP,MCE,LMP_ENE_PRC,LAPLMG1_7_B2,ALL,1,43.89182,1,27
2012-11-16T15:00:00-00:00,2012-11-16T15:15:00-00:00,2012-11-16,08,LAPLMG1_7_B2,LAPLMG1_7_B2,LAPLMG1_7_B2,HASP,MCE,LMP_ENE_PRC,LAPLMG1_7_B2,ALL,1,37.24089,1,27
2012-11-16T16:00:00-00:00,2012-11-16T16:15:00-00:00,2012-11-16,09,LAPLMG1_7_B2,LAPLMG1_7_B2,LAPLMG1_7_B2,HASP,MCE,LMP_ENE_PRC,LAPLMG1_7_B2,ALL,1,43.36128,1,27
2012-11-16T17:00:00-00:00,2012-11-16T17:15:00-00:00,2012-11-16,10,LAPLMG1_7_B2,LAPLMG1_7_B2,LAPLMG1_7_B2,HASP,MCE,LMP_ENE_PRC,LAPLMG1_7_B2,ALL,1,43.46276,1,27
2012-11-16T18:00:00-00:00,2012-11-16T18:15:00-00:00,2012-11-16,11,LAPLMG1_7_B2,LAPLMG1_7_B2,LAPLMG1_7_B2,HASP,MCE,LMP_ENE_PRC,LAPLMG1_7_B2,ALL,1,46.08028,1,27
2012-11-16T19:00:00-00:00,2012-11-16T19:15:00-00:00,2012-11-16,12,LAPLMG1_7_B2,LAPLMG1_7_B2,LAPLMG1_7_B2,HASP,MCE,LMP_ENE_PRC,LAPLMG1_7_B2,ALL,1,52.95162,1,27
2012-11-16T20:00:00-00:00,2012-11-16T20:15:00-00:00,2012-11-16,13,LAPLMG1_7_B2,LAPLMG1_7_B2,LAPLMG1_7_B2,HASP,MCE,LMP_ENE_PRC,LAPLMG1_7_B2,ALL,1,46.13336,1,27
2012-11-16T21:00:00-00:00,2012-11-16T21:15:00-00:00,2012-11-16,14,LAPLMG1_7_B2,LAPLMG1_7_B2,LAPLMG1_7_B2,HASP,MCE,LMP_ENE_PRC,LAPLMG1_7_B2,ALL,1,46.05013,1,27
2012-11-16T22:00:00-00:00,2012-11-16T22:15:00-00:00,2012-11-16,15,LAPLMG1_7_B2,LAPLMG1_7_B2,LAPLMG1_7_B2,HASP,MCE,LMP_ENE_PRC,LAPLMG1_7_B2,ALL,1,38.9211,1,27
2012-11-16T23:00:00-00:00,2012-11-16T23:15:00-00:00,2012-11-16,16,LAPLMG1_7_B2,LAPLMG1_7_B2,LAPLMG1_7_B2,HASP,MCE,LMP_ENE_PRC,LAPLMG1_7_B2,ALL,1,44.50521,1,27
2012-11-17T00:00:00-00:00,2012-11-17T00:15:00-00:00,2012-11-16,17,LAPLMG1_7_B2,LAPLMG1_7_B2,LAPLMG1_7_B2,HASP,MCE,LMP_ENE_PRC,LAPLMG1_7_B2,ALL,1,48.94064,1,27
2012-11-17T01:00:00-00:00,2012-11-17T01:15:00-00:00,2012-11-16,18,LAPLMG1_7_B2,LAPLMG1_7_B2,LAPLMG1_7_B2,HASP,MCE,LMP_ENE_PRC,LAPLMG1_7_B2,ALL,1,49.69867,1,27
2012-11-17T02:00:00-00:00,2012-11-17T02:15:00-00:00,2012-11-16,19,LAPLMG1_7_B2,LAPLMG1_7_B2,LAPLMG1_7_B2,HASP,MCE,LMP_ENE_PRC,LAPLMG1_7_B2,ALL,1,47.96282,1,27
2012-11-17T03:00:00-00:00,2012-11-17T03:15:00-00:00,2012-11-16,20,LAPLMG1_7_B2,LAPLMG1_7_B2,LAPLMG1_7_B2,HASP,MCE,LMP_ENE_PRC,LAPLMG1_7_B2,ALL,1,43.92952,1,27
2012-11-17T04:00:00-00:00,2012-11-17T04:15:00-00:00,2012-11-16,21,LAPLMG1_7_B2,LAPLMG1_7_B2,LAPLMG1_7_B2,HASP,MCE,LMP_ENE_PRC,LAPLMG1_7_B2,ALL,1,49.62117,1,27
2012-11-17T05:00:00-00:00,2012-11-17T05:15:00-00:00,2012-11-16,22,LAPLMG1_7_B2,LAPLMG1_7_B2,LAPLMG1_7_B2,HASP,MCE,LMP_ENE_PRC,LAPLMG1_7_B2,ALL,1,39.5623,1,27
2012-11-17T06:00:00-00:00,2012-11-17T06:15:00-00:00,2012-11-16,23,LAPLMG1_7_B2,LAPLMG1_7_B2,LAPLMG1_7_B2,HASP,MCE,LMP_ENE_PRC,LAPLMG1_7_B2,ALL,1,43.57572,1,27
2012-11-17T07:00:00-00:00,2012-11-17T07:15:00-00:00,2012-11-16,24,LAPLMG1_7_B2,LAPLMG1_7_B2,LAPLMG1_7_B2,HASP,MCE,LMP_ENE_PRC,LAPLMG1_7_B2,ALL,1,33.61785,1,27
2012-11-16T08:15:00-00:00,2012-11-16T08:30:00-00:00,2012-11-16,01,LAPLMG1_7_B2,LAPLMG1_7_B2,LAPLMG1_7_B2,HASP,MCE,LMP_ENE_PRC,LAPLMG1_7_B2,ALL,1,39.22411,2,27
2012-11-16T09:15:00-00:00,2012-11-16T09:30:00-00:00,2012-11-16,02,LAPLMG1_7_B2,LAPLMG1_7_B2,LAPLMG1_7_B2,HASP,MCE,LMP_ENE_PRC,LAPLMG1_7_B2,ALL,1,36.90791,2,27
2012-11-16T10:15:00-00:00,2012-11-16T10:30:00-00:00,2012-11-16,03,LAPLMG1_7_B2,LAPLMG1_7_B2,LAPLMG1_7_B2,HASP,MCE,LMP_ENE_PRC,LAPLMG1_7_B2,ALL,1,31.45305,2,27
2012-11-16T11:15:00-00:00,2012-11-16T11:30:00-00:00,2012-11-16,04,LAPLMG1_7_B2,LAPLMG1_7_B2,LAPLMG1_7_B2,HASP,MCE,LMP_ENE_PRC,LAPLMG1_7_B2,ALL,1,31.35784,2,27
2012-11-16T12:15:00-00:00,2012-11-16T12:30:00-00:00,2012-11-16,05,LAPLMG1_7_B2,LAPLMG1_7_B2,LAPLMG1_7_B2,HASP,MCE,LMP_ENE_PRC,LAPLMG1_7_B2,ALL,1,28.84299,2,27
2012-11-16T13:15:00-00:00,2012-11-16T13:30:00-00:00,2012-11-16,06,LAPLMG1_7_B2,LAPLMG1_7_B2,LAPLMG1_7_B2,HASP,MCE,LMP_ENE_PRC,LAPLMG1_7_B2,ALL,1,39.24167,2,27
2012-11-16T14:15:00-00:00,2012-11-16T14:30:00-00:00,2012-11-16,07,LAPLMG1_7_B2,LAPLMG1_7_B2,LAPLMG1_7_B2,HASP,MCE,LMP_ENE_PRC,LAPLMG1_7_B2,ALL,1,44.81858,2,27
2012-11-16T15:15:00-00:00,2012-11-16T15:30:00-00:00,2012-11-16,08,LAPLMG1_7_B2,LAPLMG1_7_B2,LAPLMG1_7_B2,HASP,MCE,LMP_ENE_PRC,LAPLMG1_7_B2,ALL,1,35.68897,2,27
2012-11-16T16:15:00-00:00,2012-11-16T16:30:00-00:00,2012-11-16,09,LAPLMG1_7_B2,LAPLMG1_7_B2,LAPLMG1_7_B2,HASP,MCE,LMP_ENE_PRC,LAPLMG1_7_B2,ALL,1,42.32741,2,27
2012-11-16T17:15:00-00:00,2012-11-16T17:30:00-00:00,2012-11-16,10,LAPLMG1_7_B2,LAPLMG1_7_B2,LAPLMG1_7_B2,HASP,MCE,LMP_ENE_PRC,LAPLMG1_7_B2,ALL,1,41.28533,2,27
2012-11-16T18:15:00-00:00,2012-11-16T18:30:00-00:00,2012-11-16,11,LAPLMG1_7_B2,LAPLMG1_7_B2,LAPLMG1_7_B2,HASP,MCE,LMP_ENE_PRC,LAPLMG1_7_B2,ALL,1,47.42364,2,27
2012-11-16T19:15:00-00:00,2012-11-16T19:30:00-00:00,2012-11-16,12,LAPLMG1_7_B2,LAPLMG1_7_B2,LAPLMG1_7_B2,HASP,MCE,LMP_ENE_PRC,LAPLMG1_7_B2,ALL,1,52.88467,2,27
2012-11-16T20:15:00-00:00,2012-11-16T20:30:00-00:00,2012-11-16,13,LAPLMG1_7_B2,LAPLMG1_7_B2,LAPLMG1_7_B2,HASP,MCE,LMP_ENE_PRC,LAPLMG1_7_B2,ALL,1,40.5765,2,27
2012-11-16T21:15:00-00:00,2012-11-16T21:30:00-00:00,2012-11-16,14,LAPLMG1_7_B2,LAPLMG1_7_B2,LAPLMG1_7_B2,HASP,MCE,LMP_ENE_PRC,LAPLMG1_7_B2,ALL,1,43.82704,2,27
2012-11-16T22:15:00-00:00,2012-11-16T22:30:00-00:00,2012-11-16,15,LAPLMG1_7_B2,LAPLMG1_7_B2,LAPLMG1_7_B2,HASP,MCE,LMP_ENE_PRC,LAPLMG1_7_B2,ALL,1,35.8459,2,27
2012-11-16T23:15:00-00:00,2012-11-16T23:30:00-00:00,2012-11-16,16,LAPLMG1_7_B2,LAPLMG1_7_B2,LAPLMG1_7_B2,HASP,MCE,LMP_ENE_PRC,LAPLMG1_7_B2,ALL,1,41.01547,2,27
2012-11-17T00:15:00-00:00,2012-11-17T00:30:00-00:00,2012-11-16,17,LAPLMG1_7_B2,LAPLMG1_7_B2,LAPLMG1_7_B2,HASP,MCE,LMP_ENE_PRC,LAPLMG1_7_B2,ALL,1,45.06077,2,27
2012-11-17T01:15:00-00:00,2012-11-17T01:30:00-00:00,2012-11-16,18,LAPLMG1_7_B2,LAPLMG1_7_B2,LAPLMG1_7_B2,HASP,MCE,LMP_ENE_PRC,LAPLMG1_7_B2,ALL,1,49.63386,2,27
2012-11-17T02:15:00-00:00,2012-11-17T02:30:00-00:00,2012-11-16,19,LAPLMG1_7_B2,LAPLMG1_7_B2,LAPLMG1_7_B2,HASP,MCE,LMP_ENE_PRC,LAPLMG1_7_B2,ALL,1,44.34069,2,27
2012-11-17T03:15:00-00:00,2012-11-17T03:30:00-00:00,2012-11-16,20,LAPLMG1_7_B2,LAPLMG1_7_B2,LAPLMG1_7_B2,HASP,MCE,LMP_ENE_PRC,LAPLMG1_7_B2,ALL,1,43.84467,2,27
2012-11-17T04:15:00-00:00,2012-11-17T04:30:00-00:00,2012-11-16,21,LAPLMG1_7_B2,LAPLMG1_7_B2,LAPLMG1_7_B2,HASP,MCE,LMP_ENE_PRC,LAPLMG1_7_B2,ALL,1,36.67907,2,27
2012-11-17T05:15:00-00:00,2012-11-17T05:30:00-00:00,2012-11-16,22,LAPLMG1_7_B2,LAPLMG1_7_B2,LAPLMG1_7_B2,HASP,MCE,LMP_ENE_PRC,LAPLMG1_7_B2,ALL,1,42.55912,2,27
2012-11-17T06:15:00-00:00,2012-11-17T06:30:00-00:00,2012-11-16,23,LAPLMG1_7_B2,LAPLMG1_7_B2,LAPLMG1_7_B2,HASP,MCE,LMP_ENE_PRC,LAPLMG1_7_B2,ALL,1,37.03577,2,27
2012-11-17T07:15:00-00:00,2012-11-17T07:30:00-00:00,2012-11-16,24,LAPLMG1_7_B2,LAPLMG1_7_B2,LAPLMG1_7_B2,HASP,MCE,LMP_ENE_PRC,LAPLMG1_7_B2,ALL,1,28.99343,2,27
2012-11-16T08:30:00-00:00,2012-11-16T08:45:00-00:00,2012-11-16,01,LAPLMG1_7_B2,LAPLMG1_7_B2,LAPLMG1_7_B2,HASP,MCE,LMP_ENE_PRC,LAPLMG1_7_B2,ALL,1,33.94318,3,27
2012-11-16T09:30:00-00:00,2012-11-16T09:45:00-00:00,2012-11-16,02,LAPLMG1_7_B2,LAPLMG1_7_B2,LAPLMG1_7_B2,HASP,MCE,LMP_ENE_PRC,LAPLMG1_7_B2,ALL,1,33.74699,3,27
2012-11-16T10:30:00-00:00,2012-11-16T10:45:00-00:00,2012-11-16,03,LAPLMG1_7_B2,LAPLMG1_7_B2,LAPLMG1_7_B2,HASP,MCE,LMP_ENE_PRC,LAPLMG1_7_B2,ALL,1,31.08066,3,27
2012-11-16T11:30:00-00:00,2012-11-16T11:45:00-00:00,2012-11-16,04,LAPLMG1_7_B2,LAPLMG1_7_B2,LAPLMG1_7_B2,HASP,MCE,LMP_ENE_PRC,LAPLMG1_7_B2,ALL,1,33.02058,3,27
2012-11-16T12:30:00-00:00,2012-11-16T12:45:00-00:00,2012-11-16,05,LAPLMG1_7_B2,LAPLMG1_7_B2,LAPLMG1_7_B2,HASP,MCE,LMP_ENE_PRC,LAPLMG1_7_B2,ALL,1,30.8888,3,27
2012-11-16T13:30:00-00:00,2012-11-16T13:45:00-00:00,2012-11-16,06,LAPLMG1_7_B2,LAPLMG1_7_B2,LAPLMG1_7_B2,HASP,MCE,LMP_ENE_PRC,LAPLMG1_7_B2,ALL,1,46.11143,3,27
2012-11-16T14:30:00-00:00,2012-11-16T14:45:00-00:00,2012-11-16,07,LAPLMG1_7_B2,LAPLMG1_7_B2,LAPLMG1_7_B2,HASP,MCE,LMP_ENE_PRC,LAPLMG1_7_B2,ALL,1,46.60072,3,27
2012-11-16T15:30:00-00:00,2012-11-16T15:45:00-00:00,2012-11-16,08,LAPLMG1_7_B2,LAPLMG1_7_B2,LAPLMG1_7_B2,HASP,MCE,LMP_ENE_PRC,LAPLMG1_7_B2,ALL,1,37.05924,3,27
2012-11-16T16:30:00-00:00,2012-11-16T16:45:00-00:00,2012-11-16,09,LAPLMG1_7_B2,LAPLMG1_7_B2,LAPLMG1_7_B2,HASP,MCE,LMP_ENE_PRC,LAPLMG1_7_B2,ALL,1,43.68205,3,27
2012-11-16T17:30:00-00:00,2012-11-16T17:45:00-00:00,2012-11-16,10,LAPLMG1_7_B2,LAPLMG1_7_B2,LAPLMG1_7_B2,HASP,MCE,LMP_ENE_PRC,LAPLMG1_7_B2,ALL,1,43.50858,3,27
2012-11-16T18:30:00-00:00,2012-11-16T18:45:00-00:00,2012-11-16,11,LAPLMG1_7_B2,LAPLMG1_7_B2,LAPLMG1_7_B2,HASP,MCE,LMP_ENE_PRC,LAPLMG1_7_B2,ALL,1,47.51297,3,27
2012-11-16T19:30:00-00:00,2012-11-16T19:45:00-00:00,2012-11-16,12,LAPLMG1_7_B2,LAPLMG1_7_B2,LAPLMG1_7_B2,HASP,MCE,LMP_ENE_PRC,LAPLMG1_7_B2,ALL,1,51.39499,3,27
2012-11-16T20:30:00-00:00,2012-11-16T20:45:00-00:00,2012-11-16,13,LAPLMG1_7_B2,LAPLMG1_7_B2,LAPLMG1_7_B2,HASP,MCE,LMP_ENE_PRC,LAPLMG1_7_B2,ALL,1,39.27441,3,27
2012-11-16T21:30:00-00:00,2012-11-16T21:45:00-00:00,2012-11-16,14,LAPLMG1_7_B2,LAPLMG1_7_B2,LAPLMG1_7_B2,HASP,MCE,LMP_ENE_PRC,LAPLMG1_7_B2,ALL,1,45.10398,3,27
2012-11-16T22:30:00-00:00,2012-11-16T22:45:00-00:00,2012-11-16,15,LAPLMG1_7_B2,LAPLMG1_7_B2,LAPLMG1_7_B2,HASP,MCE,LMP_ENE_PRC,LAPLMG1_7_B2,ALL,1,35.81215,3,27
2012-11-16T23:30:00-00:00,2012-11-16T23:45:00-00:00,2012-11-16,16,LAPLMG1_7_B2,LAPLMG1_7_B2,LAPLMG1_7_B2,HASP,MCE,LMP_ENE_PRC,LAPLMG1_7_B2,ALL,1,41.12936,3,27
2012-11-17T00:30:00-00:00,2012-11-17T00:45:00-00:00,2012-11-16,17,LAPLMG1_7_B2,LAPLMG1_7_B2,LAPLMG1_7_B2,HASP,MCE,LMP_ENE_PRC,LAPLMG1_7_B2,ALL,1,58.36023,3,27
2012-11-17T01:30:00-00:00,2012-11-17T01:45:00-00:00,2012-11-16,18,LAPLMG1_7_B2,LAPLMG1_7_B2,LAPLMG1_7_B2,HASP,MCE,LMP_ENE_PRC,LAPLMG1_7_B2,ALL,1,66.46764,3,27
2012-11-17T02:30:00-00:00,2012-11-17T02:45:00-00:00,2012-11-16,19,LAPLMG1_7_B2,LAPLMG1_7_B2,LAPLMG1_7_B2,HASP,MCE,LMP_ENE_PRC,LAPLMG1_7_B2,ALL,1,43.90882,3,27
2012-11-17T03:30:00-00:00,2012-11-17T03:45:00-00:00,2012-11-16,20,LAPLMG1_7_B2,LAPLMG1_7_B2,LAPLMG1_7_B2,HASP,MCE,LMP_ENE_PRC,LAPLMG1_7_B2,ALL,1,38.88945,3,27
2012-11-17T04:30:00-00:00,2012-11-17T04:45:00-00:00,2012-11-16,21,LAPLMG1_7_B2,LAPLMG1_7_B2,LAPLMG1_7_B2,HASP,MCE,LMP_ENE_PRC,LAPLMG1_7_B2,ALL,1,31.03893,3,27
2012-11-17T05:30:00-00:00,2012-11-17T05:45:00-00:00,2012-11-16,22,LAPLMG1_7_B2,LAPLMG1_7_B2,LAPLMG1_7_B2,HASP,MCE,LMP_ENE_PRC,LAPLMG1_7_B2,ALL,1,30.86407,3,27
2012-11-17T06:30:00-00:00,2012-11-17T06:45:00-00:00,2012-11-16,23,LAPLMG1_7_B2,LAPLMG1_7_B2,LAPLMG1_7_B2,HASP,MCE,LMP_ENE_PRC,LAPLMG1_7_B2,ALL,1,30.95166,3,27
2012-11-17T07:30:00-00:00,2012-11-17T07:45:00-00:00,2012-11-16,24,LAPLMG1_7_B2,LAPLMG1_7_B2,LAPLMG1_7_B2,HASP,MCE,LMP_ENE_PRC,LAPLMG1_7_B2,ALL,1,26.76398,3,27
2012-11-16T08:45:00-00:00,2012-11-16T09:00:00-00:00,2012-11-16,01,LAPLMG1_7_B2,LAPLMG1_7_B2,LAPLMG1_7_B2,HASP,MCE,LMP_ENE_PRC,LAPLMG1_7_B2,ALL,1,33.73253,4,27
2012-11-16T09:45:00-00:00,2012-11-16T10:00:00-00:00,2012-11-16,02,LAPLMG1_7_B2,LAPLMG1_7_B2,LAPLMG1_7_B2,HASP,MCE,LMP_ENE_PRC,LAPLMG1_7_B2,ALL,1,33.00393,4,27
2012-11-16T10:45:00-00:00,2012-11-16T11:00:00-00:00,2012-11-16,03,LAPLMG1_7_B2,LAPLMG1_7_B2,LAPLMG1_7_B2,HASP,MCE,LMP_ENE_PRC,LAPLMG1_7_B2,ALL,1,28.86158,4,27
2012-11-16T11:45:00-00:00,2012-11-16T12:00:00-00:00,2012-11-16,04,LAPLMG1_7_B2,LAPLMG1_7_B2,LAPLMG1_7_B2,HASP,MCE,LMP_ENE_PRC,LAPLMG1_7_B2,ALL,1,32.22358,4,27
2012-11-16T12:45:00-00:00,2012-11-16T13:00:00-00:00,2012-11-16,05,LAPLMG1_7_B2,LAPLMG1_7_B2,LAPLMG1_7_B2,HASP,MCE,LMP_ENE_PRC,LAPLMG1_7_B2,ALL,1,34.26029,4,27
2012-11-16T13:45:00-00:00,2012-11-16T14:00:00-00:00,2012-11-16,06,LAPLMG1_7_B2,LAPLMG1_7_B2,LAPLMG1_7_B2,HASP,MCE,LMP_ENE_PRC,LAPLMG1_7_B2,ALL,1,49.48464,4,27
2012-11-16T14:45:00-00:00,2012-11-16T15:00:00-00:00,2012-11-16,07,LAPLMG1_7_B2,LAPLMG1_7_B2,LAPLMG1_7_B2,HASP,MCE,LMP_ENE_PRC,LAPLMG1_7_B2,ALL,1,55.03665,4,27
2012-11-16T15:45:00-00:00,2012-11-16T16:00:00-00:00,2012-11-16,08,LAPLMG1_7_B2,LAPLMG1_7_B2,LAPLMG1_7_B2,HASP,MCE,LMP_ENE_PRC,LAPLMG1_7_B2,ALL,1,44.49164,4,27
2012-11-16T16:45:00-00:00,2012-11-16T17:00:00-00:00,2012-11-16,09,LAPLMG1_7_B2,LAPLMG1_7_B2,LAPLMG1_7_B2,HASP,MCE,LMP_ENE_PRC,LAPLMG1_7_B2,ALL,1,44.14753,4,27
2012-11-16T17:45:00-00:00,2012-11-16T18:00:00-00:00,2012-11-16,10,LAPLMG1_7_B2,LAPLMG1_7_B2,LAPLMG1_7_B2,HASP,MCE,LMP_ENE_PRC,LAPLMG1_7_B2,ALL,1,43.50693,4,27
2012-11-16T18:45:00-00:00,2012-11-16T19:00:00-00:00,2012-11-16,11,LAPLMG1_7_B2,LAPLMG1_7_B2,LAPLMG1_7_B2,HASP,MCE,LMP_ENE_PRC,LAPLMG1_7_B2,ALL,1,47.9576,4,27
2012-11-16T19:45:00-00:00,2012-11-16T20:00:00-00:00,2012-11-16,12,LAPLMG1_7_B2,LAPLMG1_7_B2,LAPLMG1_7_B2,HASP,MCE,LMP_ENE_PRC,LAPLMG1_7_B2,ALL,1,45.27127,4,27
2012-11-16T20:45:00-00:00,2012-11-16T21:00:00-00:00,2012-11-16,13,LAPLMG1_7_B2,LAPLMG1_7_B2,LAPLMG1_7_B2,HASP,MCE,LMP_ENE_PRC,LAPLMG1_7_B2,ALL,1,40.62153,4,27
2012-11-16T21:45:00-00:00,2012-11-16T22:00:00-00:00,2012-11-16,14,LAPLMG1_7_B2,LAPLMG1_7_B2,LAPLMG1_7_B2,HASP,MCE,LMP_ENE_PRC,LAPLMG1_7_B2,ALL,1,45.09487,4,27
2012-11-16T22:45:00-00:00,2012-11-16T23:00:00-00:00,2012-11-16,15,LAPLMG1_7_B2,LAPLMG1_7_B2,LAPLMG1_7_B2,HASP,MCE,LMP_ENE_PRC,LAPLMG1_7_B2,ALL,1,30.44983,4,27
2012-11-16T23:45:00-00:00,2012-11-17T00:00:00-00:00,2012-11-16,16,LAPLMG1_7_B2,LAPLMG1_7_B2,LAPLMG1_7_B2,HASP,MCE,LMP_ENE_PRC,LAPLMG1_7_B2,ALL,1,44.48677,4,27
2012-11-17T00:45:00-00:00,2012-11-17T01:00:00-00:00,2012-11-16,17,LAPLMG1_7_B2,LAPLMG1_7_B2,LAPLMG1_7_B2,HASP,MCE,LMP_ENE_PRC,LAPLMG1_7_B2,ALL,1,67.73399,4,27
2012-11-17T01:45:00-00:00,2012-11-17T02:00:00-00:00,2012-11-16,18,LAPLMG1_7_B2,LAPLMG1_7_B2,LAPLMG1_7_B2,HASP,MCE,LMP_ENE_PRC,LAPLMG1_7_B2,ALL,1,66.09888,4,27
2012-11-17T02:45:00-00:00,2012-11-17T03:00:00-00:00,2012-11-16,19,LAPLMG1_7_B2,LAPLMG1_7_B2,LAPLMG1_7_B2,HASP,MCE,LMP_ENE_PRC,LAPLMG1_7_B2,ALL,1,36.00421,4,27
2012-11-17T03:45:00-00:00,2012-11-17T04:00:00-00:00,2012-11-16,20,LAPLMG1_7_B2,LAPLMG1_7_B2,LAPLMG1_7_B2,HASP,MCE,LMP_ENE_PRC,LAPLMG1_7_B2,ALL,1,29.38209,4,27
2012-11-17T04:45:00-00:00,2012-11-17T05:00:00-00:00,2012-11-16,21,LAPLMG1_7_B2,LAPLMG1_7_B2,LAPLMG1_7_B2,HASP,MCE,LMP_ENE_PRC,LAPLMG1_7_B2,ALL,1,29.2093,4,27
2012-11-17T05:45:00-00:00,2012-11-17T06:00:00-00:00,2012-11-16,22,LAPLMG1_7_B2,LAPLMG1_7_B2,LAPLMG1_7_B2,HASP,MCE,LMP_ENE_PRC,LAPLMG1_7_B2,ALL,1,27.73286,4,27
2012-11-17T06:45:00-00:00,2012-11-17T07:00:00-00:00,2012-11-16,23,LAPLMG1_7_B2,LAPLMG1_7_B2,LAPLMG1_7_B2,HASP,MCE,LMP_ENE_PRC,LAPLMG1_7_B2,ALL,1,27.9894,4,27
2012-11-17T07:45:00-00:00,2012-11-17T08:00:00-00:00,2012-11-16,24,LAPLMG1_7_B2,LAPLMG1_7_B2,LAPLMG1_7_B2,HASP,MCE,LMP_ENE_PRC,LAPLMG1_7_B2,ALL,1,26.06706,4,27
2012-11-16T08:00:00-00:00,2012-11-16T08:15:00-00:00,2012-11-16,01,LAPLMG1_7_B2,LAPLMG1_7_B2,LAPLMG1_7_B2,HASP,MCL,LMP_LOSS_PRC,LAPLMG1_7_B2,ALL,1,-1.58971,1,28
2012-11-16T09:00:00-00:00,2012-11-16T09:15:00-00:00,2012-11-16,02,LAPLMG1_7_B2,LAPLMG1_7_B2,LAPLMG1_7_B2,HASP,MCL,LMP_LOSS_PRC,LAPLMG1_7_B2,ALL,1,-1.31523,1,28
2012-11-16T10:00:00-00:00,2012-11-16T10:15:00-00:00,2012-11-16,03,LAPLMG1_7_B2,LAPLMG1_7_B2,LAPLMG1_7_B2,HASP,MCL,LMP_LOSS_PRC,LAPLMG1_7_B2,ALL,1,-1.14194,1,28
2012-11-16T11:00:00-00:00,2012-11-16T11:15:00-00:00,2012-11-16,04,LAPLMG1_7_B2,LAPLMG1_7_B2,LAPLMG1_7_B2,HASP,MCL,LMP_LOSS_PRC,LAPLMG1_7_B2,ALL,1,-1.06962,1,28
2012-11-16T12:00:00-00:00,2012-11-16T12:15:00-00:00,2012-11-16,05,LAPLMG1_7_B2,LAPLMG1_7_B2,LAPLMG1_7_B2,HASP,MCL,LMP_LOSS_PRC,LAPLMG1_7_B2,ALL,1,-0.99711,1,28
2012-11-16T13:00:00-00:00,2012-11-16T13:15:00-00:00,2012-11-16,06,LAPLMG1_7_B2,LAPLMG1_7_B2,LAPLMG1_7_B2,HASP,MCL,LMP_LOSS_PRC,LAPLMG1_7_B2,ALL,1,-1.45772,1,28
2012-11-16T14:00:00-00:00,2012-11-16T14:15:00-00:00,2012-11-16,07,LAPLMG1_7_B2,LAPLMG1_7_B2,LAPLMG1_7_B2,HASP,MCL,LMP_LOSS_PRC,LAPLMG1_7_B2,ALL,1,-1.83029,1,28
2012-11-16T15:00:00-00:00,2012-11-16T15:15:00-00:00,2012-11-16,08,LAPLMG1_7_B2,LAPLMG1_7_B2,LAPLMG1_7_B2,HASP,MCL,LMP_LOSS_PRC,LAPLMG1_7_B2,ALL,1,-1.77267,1,28
2012-11-16T16:00:00-00:00,2012-11-16T16:15:00-00:00,2012-11-16,09,LAPLMG1_7_B2,LAPLMG1_7_B2,LAPLMG1_7_B2,HASP,MCL,LMP_LOSS_PRC,LAPLMG1_7_B2,ALL,1,-2.28514,1,28
2012-11-16T17:00:00-00:00,2012-11-16T17:15:00-00:00,2012-11-16,10,LAPLMG1_7_B2,LAPLMG1_7_B2,LAPLMG1_7_B2,HASP,MCL,LMP_LOSS_PRC,LAPLMG1_7_B2,ALL,1,-2.35568,1,28
2012-11-16T18:00:00-00:00,2012-11-16T18:15:00-00:00,2012-11-16,11,LAPLMG1_7_B2,LAPLMG1_7_B2,LAPLMG1_7_B2,HASP,MCL,LMP_LOSS_PRC,LAPLMG1_7_B2,ALL,1,-2.55746,1,28
2012-11-16T19:00:00-00:00,2012-11-16T19:15:00-00:00,2012-11-16,12,LAPLMG1_7_B2,LAPLMG1_7_B2,LAPLMG1_7_B2,HASP,MCL,LMP_LOSS_PRC,LAPLMG1_7_B2,ALL,1,-3.03413,1,28
2012-11-16T20:00:00-00:00,2012-11-16T20:15:00-00:00,2012-11-16,13,LAPLMG1_7_B2,LAPLMG1_7_B2,LAPLMG1_7_B2,HASP,MCL,LMP_LOSS_PRC,LAPLMG1_7_B2,ALL,1,-2.51888,1,28
2012-11-16T21:00:00-00:00,2012-11-16T21:15:00-00:00,2012-11-16,14,LAPLMG1_7_B2,LAPLMG1_7_B2,LAPLMG1_7_B2,HASP,MCL,LMP_LOSS_PRC,LAPLMG1_7_B2,ALL,1,-2.51434,1,28
2012-11-16T22:00:00-00:00,2012-11-16T22:15:00-00:00,2012-11-16,15,LAPLMG1_7_B2,LAPLMG1_7_B2,LAPLMG1_7_B2,HASP,MCL,LMP_LOSS_PRC,LAPLMG1_7_B2,ALL,1,-2.14455,1,28
2012-11-16T23:00:00-00:00,2012-11-16T23:15:00-00:00,2012-11-16,16,LAPLMG1_7_B2,LAPLMG1_7_B2,LAPLMG1_7_B2,HASP,MCL,LMP_LOSS_PRC,LAPLMG1_7_B2,ALL,1,-2.35878,1,28
2012-11-17T00:00:00-00:00,2012-11-17T00:15:00-00:00,2012-11-16,17,LAPLMG1_7_B2,LAPLMG1_7_B2,LAPLMG1_7_B2,HASP,MCL,LMP_LOSS_PRC,LAPLMG1_7_B2,ALL,1,-2.61832,1,28
2012-11-17T01:00:00-00:00,2012-11-17T01:15:00-00:00,2012-11-16,18,LAPLMG1_7_B2,LAPLMG1_7_B2,LAPLMG1_7_B2,HASP,MCL,LMP_LOSS_PRC,LAPLMG1_7_B2,ALL,1,-2.97198,1,28
2012-11-17T02:00:00-00:00,2012-11-17T02:15:00-00:00,2012-11-16,19,LAPLMG1_7_B2,LAPLMG1_7_B2,LAPLMG1_7_B2,HASP,MCL,LMP_LOSS_PRC,LAPLMG1_7_B2,ALL,1,-2.91134,1,28
2012-11-17T03:00:00-00:00,2012-11-17T03:15:00-00:00,2012-11-16,20,LAPLMG1_7_B2,LAPLMG1_7_B2,LAPLMG1_7_B2,HASP,MCL,LMP_LOSS_PRC,LAPLMG1_7_B2,ALL,1,-2.64456,1,28
2012-11-17T04:00:00-00:00,2012-11-17T04:15:00-00:00,2012-11-16,21,LAPLMG1_7_B2,LAPLMG1_7_B2,LAPLMG1_7_B2,HASP,MCL,LMP_LOSS_PRC,LAPLMG1_7_B2,ALL,1,-2.89291,1,28
2012-11-17T05:00:00-00:00,2012-11-17T05:15:00-00:00,2012-11-16,22,LAPLMG1_7_B2,LAPLMG1_7_B2,LAPLMG1_7_B2,HASP,MCL,LMP_LOSS_PRC,LAPLMG1_7_B2,ALL,1,-2.10867,1,28
2012-11-17T06:00:00-00:00,2012-11-17T06:15:00-00:00,2012-11-16,23,LAPLMG1_7_B2,LAPLMG1_7_B2,LAPLMG1_7_B2,HASP,MCL,LMP_LOSS_PRC,LAPLMG1_7_B2,ALL,1,-1.95655,1,28
2012-11-17T07:00:00-00:00,2012-11-17T07:15:00-00:00,2012-11-16,24,LAPLMG1_7_B2,LAPLMG1_7_B2,LAPLMG1_7_B2,HASP,MCL,LMP_LOSS_PRC,LAPLMG1_7_B2,ALL,1,-1.41195,1,28
2012-11-16T08:15:00-00:00,2012-11-16T08:30:00-00:00,2012-11-16,01,LAPLMG1_7_B2,LAPLMG1_7_B2,LAPLMG1_7_B2,HASP,MCL,LMP_LOSS_PRC,LAPLMG1_7_B2,ALL,1,-1.32578,2,28
2012-11-16T09:15:00-00:00,2012-11-16T09:30:00-00:00,2012-11-16,02,LAPLMG1_7_B2,LAPLMG1_7_B2,LAPLMG1_7_B2,HASP,MCL,LMP_LOSS_PRC,LAPLMG1_7_B2,ALL,1,-1.23272,2,28
2012-11-16T10:15:00-00:00,2012-11-16T10:30:00-00:00,2012-11-16,03,LAPLMG1_7_B2,LAPLMG1_7_B2,LAPLMG1_7_B2,HASP,MCL,LMP_LOSS_PRC,LAPLMG1_7_B2,ALL,1,-1.05682,2,28
2012-11-16T11:15:00-00:00,2012-11-16T11:30:00-00:00,2012-11-16,04,LAPLMG1_7_B2,LAPLMG1_7_B2,LAPLMG1_7_B2,HASP,MCL,LMP_LOSS_PRC,LAPLMG1_7_B2,ALL,1,-1.07244,2,28
2012-11-16T12:15:00-00:00,2012-11-16T12:30:00-00:00,2012-11-16,05,LAPLMG1_7_B2,LAPLMG1_7_B2,LAPLMG1_7_B2,HASP,MCL,LMP_LOSS_PRC,LAPLMG1_7_B2,ALL,1,-1.03835,2,28
2012-11-16T13:15:00-00:00,2012-11-16T13:30:00-00:00,2012-11-16,06,LAPLMG1_7_B2,LAPLMG1_7_B2,LAPLMG1_7_B2,HASP,MCL,LMP_LOSS_PRC,LAPLMG1_7_B2,ALL,1,-1.57359,2,28
2012-11-16T14:15:00-00:00,2012-11-16T14:30:00-00:00,2012-11-16,07,LAPLMG1_7_B2,LAPLMG1_7_B2,LAPLMG1_7_B2,HASP,MCL,LMP_LOSS_PRC,LAPLMG1_7_B2,ALL,1,-1.89134,2,28
2012-11-16T15:15:00-00:00,2012-11-16T15:30:00-00:00,2012-11-16,08,LAPLMG1_7_B2,LAPLMG1_7_B2,LAPLMG1_7_B2,HASP,MCL,LMP_LOSS_PRC,LAPLMG1_7_B2,ALL,1,-1.77731,2,28
2012-11-16T16:15:00-00:00,2012-11-16T16:30:00-00:00,2012-11-16,09,LAPLMG1_7_B2,LAPLMG1_7_B2,LAPLMG1_7_B2,HASP,MCL,LMP_LOSS_PRC,LAPLMG1_7_B2,ALL,1,-2.24759,2,28
2012-11-16T17:15:00-00:00,2012-11-16T17:30:00-00:00,2012-11-16,10,LAPLMG1_7_B2,LAPLMG1_7_B2,LAPLMG1_7_B2,HASP,MCL,LMP_LOSS_PRC,LAPLMG1_7_B2,ALL,1,-2.27069,2,28
2012-11-16T18:15:00-00:00,2012-11-16T18:30:00-00:00,2012-11-16,11,LAPLMG1_7_B2,LAPLMG1_7_B2,LAPLMG1_7_B2,HASP,MCL,LMP_LOSS_PRC,LAPLMG1_7_B2,ALL,1,-2.66047,2,28
2012-11-16T19:15:00-00:00,2012-11-16T19:30:00-00:00,2012-11-16,12,LAPLMG1_7_B2,LAPLMG1_7_B2,LAPLMG1_7_B2,HASP,MCL,LMP_LOSS_PRC,LAPLMG1_7_B2,ALL,1,-3.00385,2,28
2012-11-16T20:15:00-00:00,2012-11-16T20:30:00-00:00,2012-11-16,13,LAPLMG1_7_B2,LAPLMG1_7_B2,LAPLMG1_7_B2,HASP,MCL,LMP_LOSS_PRC,LAPLMG1_7_B2,ALL,1,-2.19519,2,28
2012-11-16T21:15:00-00:00,2012-11-16T21:30:00-00:00,2012-11-16,14,LAPLMG1_7_B2,LAPLMG1_7_B2,LAPLMG1_7_B2,HASP,MCL,LMP_LOSS_PRC,LAPLMG1_7_B2,ALL,1,-2.41049,2,28
2012-11-16T22:15:00-00:00,2012-11-16T22:30:00-00:00,2012-11-16,15,LAPLMG1_7_B2,LAPLMG1_7_B2,LAPLMG1_7_B2,HASP,MCL,LMP_LOSS_PRC,LAPLMG1_7_B2,ALL,1,-1.92492,2,28
2012-11-16T23:15:00-00:00,2012-11-16T23:30:00-00:00,2012-11-16,16,LAPLMG1_7_B2,LAPLMG1_7_B2,LAPLMG1_7_B2,HASP,MCL,LMP_LOSS_PRC,LAPLMG1_7_B2,ALL,1,-2.19433,2,28
2012-11-17T00:15:00-00:00,2012-11-17T00:30:00-00:00,2012-11-16,17,LAPLMG1_7_B2,LAPLMG1_7_B2,LAPLMG1_7_B2,HASP,MCL,LMP_LOSS_PRC,LAPLMG1_7_B2,ALL,1,-2.41976,2,28
2012-11-17T01:15:00-00:00,2012-11-17T01:30:00-00:00,2012-11-16,18,LAPLMG1_7_B2,LAPLMG1_7_B2,LAPLMG1_7_B2,HASP,MCL,LMP_LOSS_PRC,LAPLMG1_7_B2,ALL,1,-3.00285,2,28
2012-11-17T02:15:00-00:00,2012-11-17T02:30:00-00:00,2012-11-16,19,LAPLMG1_7_B2,LAPLMG1_7_B2,LAPLMG1_7_B2,HASP,MCL,LMP_LOSS_PRC,LAPLMG1_7_B2,ALL,1,-2.68705,2,28
2012-11-17T03:15:00-00:00,2012-11-17T03:30:00-00:00,2012-11-16,20,LAPLMG1_7_B2,LAPLMG1_7_B2,LAPLMG1_7_B2,HASP,MCL,LMP_LOSS_PRC,LAPLMG1_7_B2,ALL,1,-2.64822,2,28
2012-11-17T04:15:00-00:00,2012-11-17T04:30:00-00:00,2012-11-16,21,LAPLMG1_7_B2,LAPLMG1_7_B2,LAPLMG1_7_B2,HASP,MCL,LMP_LOSS_PRC,LAPLMG1_7_B2,ALL,1,-2.06136,2,28
2012-11-17T05:15:00-00:00,2012-11-17T05:30:00-00:00,2012-11-16,22,LAPLMG1_7_B2,LAPLMG1_7_B2,LAPLMG1_7_B2,HASP,MCL,LMP_LOSS_PRC,LAPLMG1_7_B2,ALL,1,-1.95772,2,28
2012-11-17T06:15:00-00:00,2012-11-17T06:30:00-00:00,2012-11-16,23,LAPLMG1_7_B2,LAPLMG1_7_B2,LAPLMG1_7_B2,HASP,MCL,LMP_LOSS_PRC,LAPLMG1_7_B2,ALL,1,-1.64068,2,28
2012-11-17T07:15:00-00:00,2012-11-17T07:30:00-00:00,2012-11-16,24,LAPLMG1_7_B2,LAPLMG1_7_B2,LAPLMG1_7_B2,HASP,MCL,LMP_LOSS_PRC,LAPLMG1_7_B2,ALL,1,-1.18293,2,28
2012-11-16T08:30:00-00:00,2012-11-16T08:45:00-00:00,2012-11-16,01,LAPLMG1_7_B2,LAPLMG1_7_B2,LAPLMG1_7_B2,HASP,MCL,LMP_LOSS_PRC,LAPLMG1_7_B2,ALL,1,-1.1371,3,28
2012-11-16T09:30:00-00:00,2012-11-16T09:45:00-00:00,2012-11-16,02,LAPLMG1_7_B2,LAPLMG1_7_B2,LAPLMG1_7_B2,HASP,MCL,LMP_LOSS_PRC,LAPLMG1_7_B2,ALL,1,-1.12377,3,28
2012-11-16T10:30:00-00:00,2012-11-16T10:45:00-00:00,2012-11-16,03,LAPLMG1_7_B2,LAPLMG1_7_B2,LAPLMG1_7_B2,HASP,MCL,LMP_LOSS_PRC,LAPLMG1_7_B2,ALL,1,-1.04431,3,28
2012-11-16T11:30:00-00:00,2012-11-16T11:45:00-00:00,2012-11-16,04,LAPLMG1_7_B2,LAPLMG1_7_B2,LAPLMG1_7_B2,HASP,MCL,LMP_LOSS_PRC,LAPLMG1_7_B2,ALL,1,-1.1293,3,28
2012-11-16T12:30:00-00:00,2012-11-16T12:45:00-00:00,2012-11-16,05,LAPLMG1_7_B2,LAPLMG1_7_B2,LAPLMG1_7_B2,HASP,MCL,LMP_LOSS_PRC,LAPLMG1_7_B2,ALL,1,-1.0842,3,28
2012-11-16T13:30:00-00:00,2012-11-16T13:45:00-00:00,2012-11-16,06,LAPLMG1_7_B2,LAPLMG1_7_B2,LAPLMG1_7_B2,HASP,MCL,LMP_LOSS_PRC,LAPLMG1_7_B2,ALL,1,-1.84907,3,28
2012-11-16T14:30:00-00:00,2012-11-16T14:45:00-00:00,2012-11-16,07,LAPLMG1_7_B2,LAPLMG1_7_B2,LAPLMG1_7_B2,HASP,MCL,LMP_LOSS_PRC,LAPLMG1_7_B2,ALL,1,-1.97587,3,28
2012-11-16T15:30:00-00:00,2012-11-16T15:45:00-00:00,2012-11-16,08,LAPLMG1_7_B2,LAPLMG1_7_B2,LAPLMG1_7_B2,HASP,MCL,LMP_LOSS_PRC,LAPLMG1_7_B2,ALL,1,-1.90114,3,28
2012-11-16T16:30:00-00:00,2012-11-16T16:45:00-00:00,2012-11-16,09,LAPLMG1_7_B2,LAPLMG1_7_B2,LAPLMG1_7_B2,HASP,MCL,LMP_LOSS_PRC,LAPLMG1_7_B2,ALL,1,-2.29331,3,28
2012-11-16T17:30:00-00:00,2012-11-16T17:45:00-00:00,2012-11-16,10,LAPLMG1_7_B2,LAPLMG1_7_B2,LAPLMG1_7_B2,HASP,MCL,LMP_LOSS_PRC,LAPLMG1_7_B2,ALL,1,-2.40167,3,28
2012-11-16T18:30:00-00:00,2012-11-16T18:45:00-00:00,2012-11-16,11,LAPLMG1_7_B2,LAPLMG1_7_B2,LAPLMG1_7_B2,HASP,MCL,LMP_LOSS_PRC,LAPLMG1_7_B2,ALL,1,-2.66073,3,28
2012-11-16T19:30:00-00:00,2012-11-16T19:45:00-00:00,2012-11-16,12,LAPLMG1_7_B2,LAPLMG1_7_B2,LAPLMG1_7_B2,HASP,MCL,LMP_LOSS_PRC,LAPLMG1_7_B2,ALL,1,-2.95007,3,28
2012-11-16T20:30:00-00:00,2012-11-16T20:45:00-00:00,2012-11-16,13,LAPLMG1_7_B2,LAPLMG1_7_B2,LAPLMG1_7_B2,HASP,MCL,LMP_LOSS_PRC,LAPLMG1_7_B2,ALL,1,-2.09333,3,28
2012-11-16T21:30:00-00:00,2012-11-16T21:45:00-00:00,2012-11-16,14,LAPLMG1_7_B2,LAPLMG1_7_B2,LAPLMG1_7_B2,HASP,MCL,LMP_LOSS_PRC,LAPLMG1_7_B2,ALL,1,-2.49876,3,28
2012-11-16T22:30:00-00:00,2012-11-16T22:45:00-00:00,2012-11-16,15,LAPLMG1_7_B2,LAPLMG1_7_B2,LAPLMG1_7_B2,HASP,MCL,LMP_LOSS_PRC,LAPLMG1_7_B2,ALL,1,-1.90163,3,28
2012-11-16T23:30:00-00:00,2012-11-16T23:45:00-00:00,2012-11-16,16,LAPLMG1_7_B2,LAPLMG1_7_B2,LAPLMG1_7_B2,HASP,MCL,LMP_LOSS_PRC,LAPLMG1_7_B2,ALL,1,-2.20453,3,28
2012-11-17T00:30:00-00:00,2012-11-17T00:45:00-00:00,2012-11-16,17,LAPLMG1_7_B2,LAPLMG1_7_B2,LAPLMG1_7_B2,HASP,MCL,LMP_LOSS_PRC,LAPLMG1_7_B2,ALL,1,-3.16312,3,28
2012-11-17T01:30:00-00:00,2012-11-17T01:45:00-00:00,2012-11-16,18,LAPLMG1_7_B2,LAPLMG1_7_B2,LAPLMG1_7_B2,HASP,MCL,LMP_LOSS_PRC,LAPLMG1_7_B2,ALL,1,-4.01465,3,28
2012-11-17T02:30:00-00:00,2012-11-17T02:45:00-00:00,2012-11-16,19,LAPLMG1_7_B2,LAPLMG1_7_B2,LAPLMG1_7_B2,HASP,MCL,LMP_LOSS_PRC,LAPLMG1_7_B2,ALL,1,-2.61697,3,28
2012-11-17T03:30:00-00:00,2012-11-17T03:45:00-00:00,2012-11-16,20,LAPLMG1_7_B2,LAPLMG1_7_B2,LAPLMG1_7_B2,HASP,MCL,LMP_LOSS_PRC,LAPLMG1_7_B2,ALL,1,-2.25948,3,28
2012-11-17T04:30:00-00:00,2012-11-17T04:45:00-00:00,2012-11-16,21,LAPLMG1_7_B2,LAPLMG1_7_B2,LAPLMG1_7_B2,HASP,MCL,LMP_LOSS_PRC,LAPLMG1_7_B2,ALL,1,-1.72266,3,28
2012-11-17T05:30:00-00:00,2012-11-17T05:45:00-00:00,2012-11-16,22,LAPLMG1_7_B2,LAPLMG1_7_B2,LAPLMG1_7_B2,HASP,MCL,LMP_LOSS_PRC,LAPLMG1_7_B2,ALL,1,-1.4074,3,28
2012-11-17T06:30:00-00:00,2012-11-17T06:45:00-00:00,2012-11-16,23,LAPLMG1_7_B2,LAPLMG1_7_B2,LAPLMG1_7_B2,HASP,MCL,LMP_LOSS_PRC,LAPLMG1_7_B2,ALL,1,-1.3464,3,28
2012-11-17T07:30:00-00:00,2012-11-17T07:45:00-00:00,2012-11-16,24,LAPLMG1_7_B2,LAPLMG1_7_B2,LAPLMG1_7_B2,HASP,MCL,LMP_LOSS_PRC,LAPLMG1_7_B2,ALL,1,-0.96083,3,28
2012-11-16T08:45:00-00:00,2012-11-16T09:00:00-00:00,2012-11-16,01,LAPLMG1_7_B2,LAPLMG1_7_B2,LAPLMG1_7_B2,HASP,MCL,LMP_LOSS_PRC,LAPLMG1_7_B2,ALL,1,-1.11317,4,28
2012-11-16T09:45:00-00:00,2012-11-16T10:00:00-00:00,2012-11-16,02,LAPLMG1_7_B2,LAPLMG1_7_B2,LAPLMG1_7_B2,HASP,MCL,LMP_LOSS_PRC,LAPLMG1_7_B2,ALL,1,-1.09573,4,28
2012-11-16T10:45:00-00:00,2012-11-16T11:00:00-00:00,2012-11-16,03,LAPLMG1_7_B2,LAPLMG1_7_B2,LAPLMG1_7_B2,HASP,MCL,LMP_LOSS_PRC,LAPLMG1_7_B2,ALL,1,-0.95532,4,28
2012-11-16T11:45:00-00:00,2012-11-16T12:00:00-00:00,2012-11-16,04,LAPLMG1_7_B2,LAPLMG1_7_B2,LAPLMG1_7_B2,HASP,MCL,LMP_LOSS_PRC,LAPLMG1_7_B2,ALL,1,-1.10205,4,28
2012-11-16T12:45:00-00:00,2012-11-16T13:00:00-00:00,2012-11-16,05,LAPLMG1_7_B2,LAPLMG1_7_B2,LAPLMG1_7_B2,HASP,MCL,LMP_LOSS_PRC,LAPLMG1_7_B2,ALL,1,-1.21624,4,28
2012-11-16T13:45:00-00:00,2012-11-16T14:00:00-00:00,2012-11-16,06,LAPLMG1_7_B2,LAPLMG1_7_B2,LAPLMG1_7_B2,HASP,MCL,LMP_LOSS_PRC,LAPLMG1_7_B2,ALL,1,-2.00908,4,28
2012-11-16T14:45:00-00:00,2012-11-16T15:00:00-00:00,2012-11-16,07,LAPLMG1_7_B2,LAPLMG1_7_B2,LAPLMG1_7_B2,HASP,MCL,LMP_LOSS_PRC,LAPLMG1_7_B2,ALL,1,-2.33355,4,28
2012-11-16T15:45:00-00:00,2012-11-16T16:00:00-00:00,2012-11-16,08,LAPLMG1_7_B2,LAPLMG1_7_B2,LAPLMG1_7_B2,HASP,MCL,LMP_LOSS_PRC,LAPLMG1_7_B2,ALL,1,-2.30022,4,28
2012-11-16T16:45:00-00:00,2012-11-16T17:00:00-00:00,2012-11-16,09,LAPLMG1_7_B2,LAPLMG1_7_B2,LAPLMG1_7_B2,HASP,MCL,LMP_LOSS_PRC,LAPLMG1_7_B2,ALL,1,-2.30892,4,28
2012-11-16T17:45:00-00:00,2012-11-16T18:00:00-00:00,2012-11-16,10,LAPLMG1_7_B2,LAPLMG1_7_B2,LAPLMG1_7_B2,HASP,MCL,LMP_LOSS_PRC,LAPLMG1_7_B2,ALL,1,-2.39723,4,28
2012-11-16T18:45:00-00:00,2012-11-16T19:00:00-00:00,2012-11-16,11,LAPLMG1_7_B2,LAPLMG1_7_B2,LAPLMG1_7_B2,HASP,MCL,LMP_LOSS_PRC,LAPLMG1_7_B2,ALL,1,-2.67124,4,28
2012-11-16T19:45:00-00:00,2012-11-16T20:00:00-00:00,2012-11-16,12,LAPLMG1_7_B2,LAPLMG1_7_B2,LAPLMG1_7_B2,HASP,MCL,LMP_LOSS_PRC,LAPLMG1_7_B2,ALL,1,-2.62573,4,28
2012-11-16T20:45:00-00:00,2012-11-16T21:00:00-00:00,2012-11-16,13,LAPLMG1_7_B2,LAPLMG1_7_B2,LAPLMG1_7_B2,HASP,MCL,LMP_LOSS_PRC,LAPLMG1_7_B2,ALL,1,-2.15294,4,28
2012-11-16T21:45:00-00:00,2012-11-16T22:00:00-00:00,2012-11-16,14,LAPLMG1_7_B2,LAPLMG1_7_B2,LAPLMG1_7_B2,HASP,MCL,LMP_LOSS_PRC,LAPLMG1_7_B2,ALL,1,-2.49375,4,28
2012-11-16T22:45:00-00:00,2012-11-16T23:00:00-00:00,2012-11-16,15,LAPLMG1_7_B2,LAPLMG1_7_B2,LAPLMG1_7_B2,HASP,MCL,LMP_LOSS_PRC,LAPLMG1_7_B2,ALL,1,-1.61689,4,28
2012-11-16T23:45:00-00:00,2012-11-17T00:00:00-00:00,2012-11-16,16,LAPLMG1_7_B2,LAPLMG1_7_B2,LAPLMG1_7_B2,HASP,MCL,LMP_LOSS_PRC,LAPLMG1_7_B2,ALL,1,-2.38449,4,28
2012-11-17T00:45:00-00:00,2012-11-17T01:00:00-00:00,2012-11-16,17,LAPLMG1_7_B2,LAPLMG1_7_B2,LAPLMG1_7_B2,HASP,MCL,LMP_LOSS_PRC,LAPLMG1_7_B2,ALL,1,-3.69828,4,28
2012-11-17T01:45:00-00:00,2012-11-17T02:00:00-00:00,2012-11-16,18,LAPLMG1_7_B2,LAPLMG1_7_B2,LAPLMG1_7_B2,HASP,MCL,LMP_LOSS_PRC,LAPLMG1_7_B2,ALL,1,-3.98576,4,28
2012-11-17T02:45:00-00:00,2012-11-17T03:00:00-00:00,2012-11-16,19,LAPLMG1_7_B2,LAPLMG1_7_B2,LAPLMG1_7_B2,HASP,MCL,LMP_LOSS_PRC,LAPLMG1_7_B2,ALL,1,-2.09184,4,28
2012-11-17T03:45:00-00:00,2012-11-17T04:00:00-00:00,2012-11-16,20,LAPLMG1_7_B2,LAPLMG1_7_B2,LAPLMG1_7_B2,HASP,MCL,LMP_LOSS_PRC,LAPLMG1_7_B2,ALL,1,-1.68653,4,28
2012-11-17T04:45:00-00:00,2012-11-17T05:00:00-00:00,2012-11-16,21,LAPLMG1_7_B2,LAPLMG1_7_B2,LAPLMG1_7_B2,HASP,MCL,LMP_LOSS_PRC,LAPLMG1_7_B2,ALL,1,-1.60943,4,28
2012-11-17T05:45:00-00:00,2012-11-17T06:00:00-00:00,2012-11-16,22,LAPLMG1_7_B2,LAPLMG1_7_B2,LAPLMG1_7_B2,HASP,MCL,LMP_LOSS_PRC,LAPLMG1_7_B2,ALL,1,-1.19251,4,28
2012-11-17T06:45:00-00:00,2012-11-17T07:00:00-00:00,2012-11-16,23,LAPLMG1_7_B2,LAPLMG1_7_B2,LAPLMG1_7_B2,HASP,MCL,LMP_LOSS_PRC,LAPLMG1_7_B2,ALL,1,-1.13357,4,28
2012-11-17T07:45:00-00:00,2012-11-17T08:00:00-00:00,2012-11-16,24,LAPLMG1_7_B2,LAPLMG1_7_B2,LAPLMG1_7_B2,HASP,MCL,LMP_LOSS_PRC,LAPLMG1_7_B2,ALL,1,-0.93841,4,28
2012-11-17T08:00:00-00:00,2012-11-17T08:15:00-00:00,2012-11-17,01,LAPLMG1_7_B2,LAPLMG1_7_B2,LAPLMG1_7_B2,HASP,LMP,LMP_PRC,LAPLMG1_7_B2,ALL,1,27.65593,1,29
2012-11-17T09:00:00-00:00,2012-11-17T09:15:00-00:00,2012-11-17,02,LAPLMG1_7_B2,LAPLMG1_7_B2,LAPLMG1_7_B2,HASP,LMP,LMP_PRC,LAPLMG1_7_B2,ALL,1,31.78192,1,29
2012-11-17T10:00:00-00:00,2012-11-17T10:15:00-00:00,2012-11-17,03,LAPLMG1_7_B2,LAPLMG1_7_B2,LAPLMG1_7_B2,HASP,LMP,LMP_PRC,LAPLMG1_7_B2,ALL,1,30.37551,1,29
2012-11-17T11:00:00-00:00,2012-11-17T11:15:00-00:00,2012-11-17,04,LAPLMG1_7_B2,LAPLMG1_7_B2,LAPLMG1_7_B2,HASP,LMP,LMP_PRC,LAPLMG1_7_B2,ALL,1,26.42887,1,29
2012-11-17T12:00:00-00:00,2012-11-17T12:15:00-00:00,2012-11-17,05,LAPLMG1_7_B2,LAPLMG1_7_B2,LAPLMG1_7_B2,HASP,LMP,LMP_PRC,LAPLMG1_7_B2,ALL,1,28.70485,1,29
2012-11-17T13:00:00-00:00,2012-11-17T13:15:00-00:00,2012-11-17,06,LAPLMG1_7_B2,LAPLMG1_7_B2,LAPLMG1_7_B2,HASP,LMP,LMP_PRC,LAPLMG1_7_B2,ALL,1,27.48169,1,29
2012-11-17T14:00:00-00:00,2012-11-17T14:15:00-00:00,2012-11-17,07,LAPLMG1_7_B2,LAPLMG1_7_B2,LAPLMG1_7_B2,HASP,LMP,LMP_PRC,LAPLMG1_7_B2,ALL,1,26.50971,1,29
2012-11-17T15:00:00-00:00,2012-11-17T15:15:00-00:00,2012-11-17,08,LAPLMG1_7_B2,LAPLMG1_7_B2,LAPLMG1_7_B2,HASP,LMP,LMP_PRC,LAPLMG1_7_B2,ALL,1,27.56006,1,29
2012-11-17T16:00:00-00:00,2012-11-17T16:15:00-00:00,2012-11-17,09,LAPLMG1_7_B2,LAPLMG1_7_B2,LAPLMG1_7_B2,HASP,LMP,LMP_PRC,LAPLMG1_7_B2,ALL,1,29.08815,1,29
2012-11-17T17:00:00-00:00,2012-11-17T17:15:00-00:00,2012-11-17,10,LAPLMG1_7_B2,LAPLMG1_7_B2,LAPLMG1_7_B2,HASP,LMP,LMP_PRC,LAPLMG1_7_B2,ALL,1,25.2673,1,29
2012-11-17T18:00:00-00:00,2012-11-17T18:15:00-00:00,2012-11-17,11,LAPLMG1_7_B2,LAPLMG1_7_B2,LAPLMG1_7_B2,HASP,LMP,LMP_PRC,LAPLMG1_7_B2,ALL,1,26.61556,1,29
2012-11-17T19:00:00-00:00,2012-11-17T19:15:00-00:00,2012-11-17,12,LAPLMG1_7_B2,LAPLMG1_7_B2,LAPLMG1_7_B2,HASP,LMP,LMP_PRC,LAPLMG1_7_B2,ALL,1,28.85512,1,29
2012-11-17T20:00:00-00:00,2012-11-17T20:15:00-00:00,2012-11-17,13,LAPLMG1_7_B2,LAPLMG1_7_B2,LAPLMG1_7_B2,HASP,LMP,LMP_PRC,LAPLMG1_7_B2,ALL,1,27.17344,1,29
2012-11-17T21:00:00-00:00,2012-11-17T21:15:00-00:00,2012-11-17,14,LAPLMG1_7_B2,LAPLMG1_7_B2,LAPLMG1_7_B2,HASP,LMP,LMP_PRC,LAPLMG1_7_B2,ALL,1,34.2948,1,29
2012-11-17T22:00:00-00:00,2012-11-17T22:15:00-00:00,2012-11-17,15,LAPLMG1_7_B2,LAPLMG1_7_B2,LAPLMG1_7_B2,HASP,LMP,LMP_PRC,LAPLMG1_7_B2,ALL,1,32.94293,1,29
2012-11-17T23:00:00-00:00,2012-11-17T23:15:00-00:00,2012-11-17,16,LAPLMG1_7_B2,LAPLMG1_7_B2,LAPLMG1_7_B2,HASP,LMP,LMP_PRC,LAPLMG1_7_B2,ALL,1,30.39202,1,29
2012-11-18T00:00:00-00:00,2012-11-18T00:15:00-00:00,2012-11-17,17,LAPLMG1_7_B2,LAPLMG1_7_B2,LAPLMG1_7_B2,HASP,LMP,LMP_PRC,LAPLMG1_7_B2,ALL,1,26.14656,1,29
2012-11-18T01:00:00-00:00,2012-11-18T01:15:00-00:00,2012-11-17,18,LAPLMG1_7_B2,LAPLMG1_7_B2,LAPLMG1_7_B2,HASP,LMP,LMP_PRC,LAPLMG1_7_B2,ALL,1,39.2152,1,29
2012-11-18T02:00:00-00:00,2012-11-18T02:15:00-00:00,2012-11-17,19,LAPLMG1_7_B2,LAPLMG1_7_B2,LAPLMG1_7_B2,HASP,LMP,LMP_PRC,LAPLMG1_7_B2,ALL,1,45.54318,1,29
2012-11-18T03:00:00-00:00,2012-11-18T03:15:00-00:00,2012-11-17,20,LAPLMG1_7_B2,LAPLMG1_7_B2,LAPLMG1_7_B2,HASP,LMP,LMP_PRC,LAPLMG1_7_B2,ALL,1,31.8607,1,29
2012-11-18T04:00:00-00:00,2012-11-18T04:15:00-00:00,2012-11-17,21,LAPLMG1_7_B2,LAPLMG1_7_B2,LAPLMG1_7_B2,HASP,LMP,LMP_PRC,LAPLMG1_7_B2,ALL,1,26.86156,1,29
2012-11-18T05:00:00-00:00,2012-11-18T05:15:00-00:00,2012-11-17,22,LAPLMG1_7_B2,LAPLMG1_7_B2,LAPLMG1_7_B2,HASP,LMP,LMP_PRC,LAPLMG1_7_B2,ALL,1,28.74619,1,29
2012-11-18T06:00:00-00:00,2012-11-18T06:15:00-00:00,2012-11-17,23,LAPLMG1_7_B2,LAPLMG1_7_B2,LAPLMG1_7_B2,HASP,LMP,LMP_PRC,LAPLMG1_7_B2,ALL,1,25.69474,1,29
2012-11-18T07:00:00-00:00,2012-11-18T07:15:00-00:00,2012-11-17,24,LAPLMG1_7_B2,LAPLMG1_7_B2,LAPLMG1_7_B2,HASP,LMP,LMP_PRC,LAPLMG1_7_B2,ALL,1,26.82098,1,29
2012-11-17T08:15:00-00:00,2012-11-17T08:30:00-00:00,2012-11-17,01,LAPLMG1_7_B2,LAPLMG1_7_B2,LAPLMG1_7_B2,HASP,LMP,LMP_PRC,LAPLMG1_7_B2,ALL,1,27.59751,2,29
2012-11-17T09:15:00-00:00,2012-11-17T09:30:00-00:00,2012-11-17,02,LAPLMG1_7_B2,LAPLMG1_7_B2,LAPLMG1_7_B2,HASP,LMP,LMP_PRC,LAPLMG1_7_B2,ALL,1,29.71525,2,29
2012-11-17T10:15:00-00:00,2012-11-17T10:30:00-00:00,2012-11-17,03,LAPLMG1_7_B2,LAPLMG1_7_B2,LAPLMG1_7_B2,HASP,LMP,LMP_PRC,LAPLMG1_7_B2,ALL,1,26.54502,2,29
2012-11-17T11:15:00-00:00,2012-11-17T11:30:00-00:00,2012-11-17,04,LAPLMG1_7_B2,LAPLMG1_7_B2,LAPLMG1_7_B2,HASP,LMP,LMP_PRC,LAPLMG1_7_B2,ALL,1,27.52417,2,29
2012-11-17T12:15:00-00:00,2012-11-17T12:30:00-00:00,2012-11-17,05,LAPLMG1_7_B2,LAPLMG1_7_B2,LAPLMG1_7_B2,HASP,LMP,LMP_PRC,LAPLMG1_7_B2,ALL,1,27.61722,2,29
2012-11-17T13:15:00-00:00,2012-11-17T13:30:00-00:00,2012-11-17,06,LAPLMG1_7_B2,LAPLMG1_7_B2,LAPLMG1_7_B2,HASP,LMP,LMP_PRC,LAPLMG1_7_B2,ALL,1,25.71347,2,29
2012-11-17T14:15:00-00:00,2012-11-17T14:30:00-00:00,2012-11-17,07,LAPLMG1_7_B2,LAPLMG1_7_B2,LAPLMG1_7_B2,HASP,LMP,LMP_PRC,LAPLMG1_7_B2,ALL,1,26.78889,2,29
2012-11-17T15:15:00-00:00,2012-11-17T15:30:00-00:00,2012-11-17,08,LAPLMG1_7_B2,LAPLMG1_7_B2,LAPLMG1_7_B2,HASP,LMP,LMP_PRC,LAPLMG1_7_B2,ALL,1,27.42328,2,29
2012-11-17T16:15:00-00:00,2012-11-17T16:30:00-00:00,2012-11-17,09,LAPLMG1_7_B2,LAPLMG1_7_B2,LAPLMG1_7_B2,HASP,LMP,LMP_PRC,LAPLMG1_7_B2,ALL,1,29.43153,2,29
2012-11-17T17:15:00-00:00,2012-11-17T17:30:00-00:00,2012-11-17,10,LAPLMG1_7_B2,LAPLMG1_7_B2,LAPLMG1_7_B2,HASP,LMP,LMP_PRC,LAPLMG1_7_B2,ALL,1,25.34748,2,29
2012-11-17T18:15:00-00:00,2012-11-17T18:30:00-00:00,2012-11-17,11,LAPLMG1_7_B2,LAPLMG1_7_B2,LAPLMG1_7_B2,HASP,LMP,LMP_PRC,LAPLMG1_7_B2,ALL,1,26.552,2,29
2012-11-17T19:15:00-00:00,2012-11-17T19:30:00-00:00,2012-11-17,12,LAPLMG1_7_B2,LAPLMG1_7_B2,LAPLMG1_7_B2,HASP,LMP,LMP_PRC,LAPLMG1_7_B2,ALL,1,27.31568,2,29
2012-11-17T20:15:00-00:00,2012-11-17T20:30:00-00:00,2012-11-17,13,LAPLMG1_7_B2,LAPLMG1_7_B2,LAPLMG1_7_B2,HASP,LMP,LMP_PRC,LAPLMG1_7_B2,ALL,1,26.42691,2,29
2012-11-17T21:15:00-00:00,2012-11-17T21:30:00-00:00,2012-11-17,14,LAPLMG1_7_B2,LAPLMG1_7_B2,LAPLMG1_7_B2,HASP,LMP,LMP_PRC,LAPLMG1_7_B2,ALL,1,32.12528,2,29
2012-11-17T22:15:00-00:00,2012-11-17T22:30:00-00:00,2012-11-17,15,LAPLMG1_7_B2,LAPLMG1_7_B2,LAPLMG1_7_B2,HASP,LMP,LMP_PRC,LAPLMG1_7_B2,ALL,1,32.94656,2,29
2012-11-17T23:15:00-00:00,2012-11-17T23:30:00-00:00,2012-11-17,16,LAPLMG1_7_B2,LAPLMG1_7_B2,LAPLMG1_7_B2,HASP,LMP,LMP_PRC,LAPLMG1_7_B2,ALL,1,30.54823,2,29
2012-11-18T00:15:00-00:00,2012-11-18T00:30:00-00:00,2012-11-17,17,LAPLMG1_7_B2,LAPLMG1_7_B2,LAPLMG1_7_B2,HASP,LMP,LMP_PRC,LAPLMG1_7_B2,ALL,1,27.16353,2,29
2012-11-18T01:15:00-00:00,2012-11-18T01:30:00-00:00,2012-11-17,18,LAPLMG1_7_B2,LAPLMG1_7_B2,LAPLMG1_7_B2,HASP,LMP,LMP_PRC,LAPLMG1_7_B2,ALL,1,39.25838,2,29
2012-11-18T02:15:00-00:00,2012-11-18T02:30:00-00:00,2012-11-17,19,LAPLMG1_7_B2,LAPLMG1_7_B2,LAPLMG1_7_B2,HASP,LMP,LMP_PRC,LAPLMG1_7_B2,ALL,1,35.04544,2,29
2012-11-18T03:15:00-00:00,2012-11-18T03:30:00-00:00,2012-11-17,20,LAPLMG1_7_B2,LAPLMG1_7_B2,LAPLMG1_7_B2,HASP,LMP,LMP_PRC,LAPLMG1_7_B2,ALL,1,28.69295,2,29
2012-11-18T04:15:00-00:00,2012-11-18T04:30:00-00:00,2012-11-17,21,LAPLMG1_7_B2,LAPLMG1_7_B2,LAPLMG1_7_B2,HASP,LMP,LMP_PRC,LAPLMG1_7_B2,ALL,1,26.42811,2,29
2012-11-18T05:15:00-00:00,2012-11-18T05:30:00-00:00,2012-11-17,22,LAPLMG1_7_B2,LAPLMG1_7_B2,LAPLMG1_7_B2,HASP,LMP,LMP_PRC,LAPLMG1_7_B2,ALL,1,26.29112,2,29
2012-11-18T06:15:00-00:00,2012-11-18T06:30:00-00:00,2012-11-17,23,LAPLMG1_7_B2,LAPLMG1_7_B2,LAPLMG1_7_B2,HASP,LMP,LMP_PRC,LAPLMG1_7_B2,ALL,1,25.26703,2,29
2012-11-18T07:15:00-00:00,2012-11-18T07:30:00-00:00,2012-11-17,24,LAPLMG1_7_B2,LAPLMG1_7_B2,LAPLMG1_7_B2,HASP,LMP,LMP_PRC,LAPLMG1_7_B2,ALL,1,26.16505,2,29
2012-11-17T08:30:00-00:00,2012-11-17T08:45:00-00:00,2012-11-17,01,LAPLMG1_7_B2,LAPLMG1_7_B2,LAPLMG1_7_B2,HASP,LMP,LMP_PRC,LAPLMG1_7_B2,ALL,1,27.55575,3,29
2012-11-17T09:30:00-00:00,2012-11-17T09:45:00-00:00,2012-11-17,02,LAPLMG1_7_B2,LAPLMG1_7_B2,LAPLMG1_7_B2,HASP,LMP,LMP_PRC,LAPLMG1_7_B2,ALL,1,27.35609,3,29
2012-11-17T10:30:00-00:00,2012-11-17T10:45:00-00:00,2012-11-17,03,LAPLMG1_7_B2,LAPLMG1_7_B2,LAPLMG1_7_B2,HASP,LMP,LMP_PRC,LAPLMG1_7_B2,ALL,1,26.42666,3,29
2012-11-17T11:30:00-00:00,2012-11-17T11:45:00-00:00,2012-11-17,04,LAPLMG1_7_B2,LAPLMG1_7_B2,LAPLMG1_7_B2,HASP,LMP,LMP_PRC,LAPLMG1_7_B2,ALL,1,27.41809,3,29
2012-11-17T12:30:00-00:00,2012-11-17T12:45:00-00:00,2012-11-17,05,LAPLMG1_7_B2,LAPLMG1_7_B2,LAPLMG1_7_B2,HASP,LMP,LMP_PRC,LAPLMG1_7_B2,ALL,1,29.55421,3,29
2012-11-17T13:30:00-00:00,2012-11-17T13:45:00-00:00,2012-11-17,06,LAPLMG1_7_B2,LAPLMG1_7_B2,LAPLMG1_7_B2,HASP,LMP,LMP_PRC,LAPLMG1_7_B2,ALL,1,27.38634,3,29
2012-11-17T14:30:00-00:00,2012-11-17T14:45:00-00:00,2012-11-17,07,LAPLMG1_7_B2,LAPLMG1_7_B2,LAPLMG1_7_B2,HASP,LMP,LMP_PRC,LAPLMG1_7_B2,ALL,1,26.80779,3,29
2012-11-17T15:30:00-00:00,2012-11-17T15:45:00-00:00,2012-11-17,08,LAPLMG1_7_B2,LAPLMG1_7_B2,LAPLMG1_7_B2,HASP,LMP,LMP_PRC,LAPLMG1_7_B2,ALL,1,30.03348,3,29
2012-11-17T16:30:00-00:00,2012-11-17T16:45:00-00:00,2012-11-17,09,LAPLMG1_7_B2,LAPLMG1_7_B2,LAPLMG1_7_B2,HASP,LMP,LMP_PRC,LAPLMG1_7_B2,ALL,1,28.74294,3,29
2012-11-17T17:30:00-00:00,2012-11-17T17:45:00-00:00,2012-11-17,10,LAPLMG1_7_B2,LAPLMG1_7_B2,LAPLMG1_7_B2,HASP,LMP,LMP_PRC,LAPLMG1_7_B2,ALL,1,26.4276,3,29
2012-11-17T18:30:00-00:00,2012-11-17T18:45:00-00:00,2012-11-17,11,LAPLMG1_7_B2,LAPLMG1_7_B2,LAPLMG1_7_B2,HASP,LMP,LMP_PRC,LAPLMG1_7_B2,ALL,1,27.52104,3,29
2012-11-17T19:30:00-00:00,2012-11-17T19:45:00-00:00,2012-11-17,12,LAPLMG1_7_B2,LAPLMG1_7_B2,LAPLMG1_7_B2,HASP,LMP,LMP_PRC,LAPLMG1_7_B2,ALL,1,27.47257,3,29
2012-11-17T20:30:00-00:00,2012-11-17T20:45:00-00:00,2012-11-17,13,LAPLMG1_7_B2,LAPLMG1_7_B2,LAPLMG1_7_B2,HASP,LMP,LMP_PRC,LAPLMG1_7_B2,ALL,1,26.42696,3,29
2012-11-17T21:30:00-00:00,2012-11-17T21:45:00-00:00,2012-11-17,14,LAPLMG1_7_B2,LAPLMG1_7_B2,LAPLMG1_7_B2,HASP,LMP,LMP_PRC,LAPLMG1_7_B2,ALL,1,32.12863,3,29
2012-11-17T22:30:00-00:00,2012-11-17T22:45:00-00:00,2012-11-17,15,LAPLMG1_7_B2,LAPLMG1_7_B2,LAPLMG1_7_B2,HASP,LMP,LMP_PRC,LAPLMG1_7_B2,ALL,1,32.14211,3,29
2012-11-17T23:30:00-00:00,2012-11-17T23:45:00-00:00,2012-11-17,16,LAPLMG1_7_B2,LAPLMG1_7_B2,LAPLMG1_7_B2,HASP,LMP,LMP_PRC,LAPLMG1_7_B2,ALL,1,31.79946,3,29
2012-11-18T00:30:00-00:00,2012-11-18T00:45:00-00:00,2012-11-17,17,LAPLMG1_7_B2,LAPLMG1_7_B2,LAPLMG1_7_B2,HASP,LMP,LMP_PRC,LAPLMG1_7_B2,ALL,1,34.62365,3,29
2012-11-18T01:30:00-00:00,2012-11-18T01:45:00-00:00,2012-11-17,18,LAPLMG1_7_B2,LAPLMG1_7_B2,LAPLMG1_7_B2,HASP,LMP,LMP_PRC,LAPLMG1_7_B2,ALL,1,39.73313,3,29
2012-11-18T02:30:00-00:00,2012-11-18T02:45:00-00:00,2012-11-17,19,LAPLMG1_7_B2,LAPLMG1_7_B2,LAPLMG1_7_B2,HASP,LMP,LMP_PRC,LAPLMG1_7_B2,ALL,1,38.39665,3,29
2012-11-18T03:30:00-00:00,2012-11-18T03:45:00-00:00,2012-11-17,20,LAPLMG1_7_B2,LAPLMG1_7_B2,LAPLMG1_7_B2,HASP,LMP,LMP_PRC,LAPLMG1_7_B2,ALL,1,26.87318,3,29
2012-11-18T04:30:00-00:00,2012-11-18T04:45:00-00:00,2012-11-17,21,LAPLMG1_7_B2,LAPLMG1_7_B2,LAPLMG1_7_B2,HASP,LMP,LMP_PRC,LAPLMG1_7_B2,ALL,1,25.70582,3,29
2012-11-18T05:30:00-00:00,2012-11-18T05:45:00-00:00,2012-11-17,22,LAPLMG1_7_B2,LAPLMG1_7_B2,LAPLMG1_7_B2,HASP,LMP,LMP_PRC,LAPLMG1_7_B2,ALL,1,25.27125,3,29
2012-11-18T06:30:00-00:00,2012-11-18T06:45:00-00:00,2012-11-17,23,LAPLMG1_7_B2,LAPLMG1_7_B2,LAPLMG1_7_B2,HASP,LMP,LMP_PRC,LAPLMG1_7_B2,ALL,1,25.61855,3,29
2012-11-18T07:30:00-00:00,2012-11-18T07:45:00-00:00,2012-11-17,24,LAPLMG1_7_B2,LAPLMG1_7_B2,LAPLMG1_7_B2,HASP,LMP,LMP_PRC,LAPLMG1_7_B2,ALL,1,25.11578,3,29
2012-11-17T08:45:00-00:00,2012-11-17T09:00:00-00:00,2012-11-17,01,LAPLMG1_7_B2,LAPLMG1_7_B2,LAPLMG1_7_B2,HASP,LMP,LMP_PRC,LAPLMG1_7_B2,ALL,1,26.51456,4,29
2012-11-17T09:45:00-00:00,2012-11-17T10:00:00-00:00,2012-11-17,02,LAPLMG1_7_B2,LAPLMG1_7_B2,LAPLMG1_7_B2,HASP,LMP,LMP_PRC,LAPLMG1_7_B2,ALL,1,26.52612,4,29
2012-11-17T10:45:00-00:00,2012-11-17T11:00:00-00:00,2012-11-17,03,LAPLMG1_7_B2,LAPLMG1_7_B2,LAPLMG1_7_B2,HASP,LMP,LMP_PRC,LAPLMG1_7_B2,ALL,1,27.48864,4,29
2012-11-17T11:45:00-00:00,2012-11-17T12:00:00-00:00,2012-11-17,04,LAPLMG1_7_B2,LAPLMG1_7_B2,LAPLMG1_7_B2,HASP,LMP,LMP_PRC,LAPLMG1_7_B2,ALL,1,29.01895,4,29
2012-11-17T12:45:00-00:00,2012-11-17T13:00:00-00:00,2012-11-17,05,LAPLMG1_7_B2,LAPLMG1_7_B2,LAPLMG1_7_B2,HASP,LMP,LMP_PRC,LAPLMG1_7_B2,ALL,1,26.6232,4,29
2012-11-17T13:45:00-00:00,2012-11-17T14:00:00-00:00,2012-11-17,06,LAPLMG1_7_B2,LAPLMG1_7_B2,LAPLMG1_7_B2,HASP,LMP,LMP_PRC,LAPLMG1_7_B2,ALL,1,30.52259,4,29
2012-11-17T14:45:00-00:00,2012-11-17T15:00:00-00:00,2012-11-17,07,LAPLMG1_7_B2,LAPLMG1_7_B2,LAPLMG1_7_B2,HASP,LMP,LMP_PRC,LAPLMG1_7_B2,ALL,1,29.01895,4,29
2012-11-17T15:45:00-00:00,2012-11-17T16:00:00-00:00,2012-11-17,08,LAPLMG1_7_B2,LAPLMG1_7_B2,LAPLMG1_7_B2,HASP,LMP,LMP_PRC,LAPLMG1_7_B2,ALL,1,26.6374,4,29
2012-11-17T16:45:00-00:00,2012-11-17T17:00:00-00:00,2012-11-17,09,LAPLMG1_7_B2,LAPLMG1_7_B2,LAPLMG1_7_B2,HASP,LMP,LMP_PRC,LAPLMG1_7_B2,ALL,1,26.62622,4,29
2012-11-17T17:45:00-00:00,2012-11-17T18:00:00-00:00,2012-11-17,10,LAPLMG1_7_B2,LAPLMG1_7_B2,LAPLMG1_7_B2,HASP,LMP,LMP_PRC,LAPLMG1_7_B2,ALL,1,26.51921,4,29
2012-11-17T18:45:00-00:00,2012-11-17T19:00:00-00:00,2012-11-17,11,LAPLMG1_7_B2,LAPLMG1_7_B2,LAPLMG1_7_B2,HASP,LMP,LMP_PRC,LAPLMG1_7_B2,ALL,1,26.64816,4,29
2012-11-17T19:45:00-00:00,2012-11-17T20:00:00-00:00,2012-11-17,12,LAPLMG1_7_B2,LAPLMG1_7_B2,LAPLMG1_7_B2,HASP,LMP,LMP_PRC,LAPLMG1_7_B2,ALL,1,27.11993,4,29
2012-11-17T20:45:00-00:00,2012-11-17T21:00:00-00:00,2012-11-17,13,LAPLMG1_7_B2,LAPLMG1_7_B2,LAPLMG1_7_B2,HASP,LMP,LMP_PRC,LAPLMG1_7_B2,ALL,1,26.02383,4,29
2012-11-17T21:45:00-00:00,2012-11-17T22:00:00-00:00,2012-11-17,14,LAPLMG1_7_B2,LAPLMG1_7_B2,LAPLMG1_7_B2,HASP,LMP,LMP_PRC,LAPLMG1_7_B2,ALL,1,31.02093,4,29
2012-11-17T22:45:00-00:00,2012-11-17T23:00:00-00:00,2012-11-17,15,LAPLMG1_7_B2,LAPLMG1_7_B2,LAPLMG1_7_B2,HASP,LMP,LMP_PRC,LAPLMG1_7_B2,ALL,1,32.13234,4,29
2012-11-17T23:45:00-00:00,2012-11-18T00:00:00-00:00,2012-11-17,16,LAPLMG1_7_B2,LAPLMG1_7_B2,LAPLMG1_7_B2,HASP,LMP,LMP_PRC,LAPLMG1_7_B2,ALL,1,32.74861,4,29
2012-11-18T00:45:00-00:00,2012-11-18T01:00:00-00:00,2012-11-17,17,LAPLMG1_7_B2,LAPLMG1_7_B2,LAPLMG1_7_B2,HASP,LMP,LMP_PRC,LAPLMG1_7_B2,ALL,1,53.61091,4,29
2012-11-18T01:45:00-00:00,2012-11-18T02:00:00-00:00,2012-11-17,18,LAPLMG1_7_B2,LAPLMG1_7_B2,LAPLMG1_7_B2,HASP,LMP,LMP_PRC,LAPLMG1_7_B2,ALL,1,39.38808,4,29
2012-11-18T02:45:00-00:00,2012-11-18T03:00:00-00:00,2012-11-17,19,LAPLMG1_7_B2,LAPLMG1_7_B2,LAPLMG1_7_B2,HASP,LMP,LMP_PRC,LAPLMG1_7_B2,ALL,1,32.16993,4,29
2012-11-18T03:45:00-00:00,2012-11-18T04:00:00-00:00,2012-11-17,20,LAPLMG1_7_B2,LAPLMG1_7_B2,LAPLMG1_7_B2,HASP,LMP,LMP_PRC,LAPLMG1_7_B2,ALL,1,26.42417,4,29
2012-11-18T04:45:00-00:00,2012-11-18T05:00:00-00:00,2012-11-17,21,LAPLMG1_7_B2,LAPLMG1_7_B2,LAPLMG1_7_B2,HASP,LMP,LMP_PRC,LAPLMG1_7_B2,ALL,1,25.1637,4,29
2012-11-18T05:45:00-00:00,2012-11-18T06:00:00-00:00,2012-11-17,22,LAPLMG1_7_B2,LAPLMG1_7_B2,LAPLMG1_7_B2,HASP,LMP,LMP_PRC,LAPLMG1_7_B2,ALL,1,23.8132,4,29
2012-11-18T06:45:00-00:00,2012-11-18T07:00:00-00:00,2012-11-17,23,LAPLMG1_7_B2,LAPLMG1_7_B2,LAPLMG1_7_B2,HASP,LMP,LMP_PRC,LAPLMG1_7_B2,ALL,1,23.76235,4,29
2012-11-18T07:45:00-00:00,2012-11-18T08:00:00-00:00,2012-11-17,24,LAPLMG1_7_B2,LAPLMG1_7_B2,LAPLMG1_7_B2,HASP,LMP,LMP_PRC,LAPLMG1_7_B2,ALL,1,24.02593,4,29
2012-11-17T08:00:00-00:00,2012-11-17T08:15:00-00:00,2012-11-17,01,LAPLMG1_7_B2,LAPLMG1_7_B2,LAPLMG1_7_B2,HASP,MCC,LMP_CONG_PRC,LAPLMG1_7_B2,ALL,1,-0.0314,1,30
2012-11-17T09:00:00-00:00,2012-11-17T09:15:00-00:00,2012-11-17,02,LAPLMG1_7_B2,LAPLMG1_7_B2,LAPLMG1_7_B2,HASP,MCC,LMP_CONG_PRC,LAPLMG1_7_B2,ALL,1,0.02548,1,30
2012-11-17T10:00:00-00:00,2012-11-17T10:15:00-00:00,2012-11-17,03,LAPLMG1_7_B2,LAPLMG1_7_B2,LAPLMG1_7_B2,HASP,MCC,LMP_CONG_PRC,LAPLMG1_7_B2,ALL,1,0,1,30
2012-11-17T11:00:00-00:00,2012-11-17T11:15:00-00:00,2012-11-17,04,LAPLMG1_7_B2,LAPLMG1_7_B2,LAPLMG1_7_B2,HASP,MCC,LMP_CONG_PRC,LAPLMG1_7_B2,ALL,1,0,1,30
2012-11-17T12:00:00-00:00,2012-11-17T12:15:00-00:00,2012-11-17,05,LAPLMG1_7_B2,LAPLMG1_7_B2,LAPLMG1_7_B2,HASP,MCC,LMP_CONG_PRC,LAPLMG1_7_B2,ALL,1,0,1,30
2012-11-17T13:00:00-00:00,2012-11-17T13:15:00-00:00,2012-11-17,06,LAPLMG1_7_B2,LAPLMG1_7_B2,LAPLMG1_7_B2,HASP,MCC,LMP_CONG_PRC,LAPLMG1_7_B2,ALL,1,0,1,30
2012-11-17T14:00:00-00:00,2012-11-17T14:15:00-00:00,2012-11-17,07,LAPLMG1_7_B2,LAPLMG1_7_B2,LAPLMG1_7_B2,HASP,MCC,LMP_CONG_PRC,LAPLMG1_7_B2,ALL,1,0,1,30
2012-11-17T15:00:00-00:00,2012-11-17T15:15:00-00:00,2012-11-17,08,LAPLMG1_7_B2,LAPLMG1_7_B2,LAPLMG1_7_B2,HASP,MCC,LMP_CONG_PRC,LAPLMG1_7_B2,ALL,1,0,1,30
2012-11-17T16:00:00-00:00,2012-11-17T16:15:00-00:00,2012-11-17,09,LAPLMG1_7_B2,LAPLMG1_7_B2,LAPLMG1_7_B2,HASP,MCC,LMP_CONG_PRC,LAPLMG1_7_B2,ALL,1,0,1,30
2012-11-17T17:00:00-00:00,2012-11-17T17:15:00-00:00,2012-11-17,10,LAPLMG1_7_B2,LAPLMG1_7_B2,LAPLMG1_7_B2,HASP,MCC,LMP_CONG_PRC,LAPLMG1_7_B2,ALL,1,0,1,30
2012-11-17T18:00:00-00:00,2012-11-17T18:15:00-00:00,2012-11-17,11,LAPLMG1_7_B2,LAPLMG1_7_B2,LAPLMG1_7_B2,HASP,MCC,LMP_CONG_PRC,LAPLMG1_7_B2,ALL,1,0,1,30
2012-11-17T19:00:00-00:00,2012-11-17T19:15:00-00:00,2012-11-17,12,LAPLMG1_7_B2,LAPLMG1_7_B2,LAPLMG1_7_B2,HASP,MCC,LMP_CONG_PRC,LAPLMG1_7_B2,ALL,1,0,1,30
2012-11-17T20:00:00-00:00,2012-11-17T20:15:00-00:00,2012-11-17,13,LAPLMG1_7_B2,LAPLMG1_7_B2,LAPLMG1_7_B2,HASP,MCC,LMP_CONG_PRC,LAPLMG1_7_B2,ALL,1,0,1,30
2012-11-17T21:00:00-00:00,2012-11-17T21:15:00-00:00,2012-11-17,14,LAPLMG1_7_B2,LAPLMG1_7_B2,LAPLMG1_7_B2,HASP,MCC,LMP_CONG_PRC,LAPLMG1_7_B2,ALL,1,0,1,30
2012-11-17T22:00:00-00:00,2012-11-17T22:15:00-00:00,2012-11-17,15,LAPLMG1_7_B2,LAPLMG1_7_B2,LAPLMG1_7_B2,HASP,MCC,LMP_CONG_PRC,LAPLMG1_7_B2,ALL,1,0,1,30
2012-11-17T23:00:00-00:00,2012-11-17T23:15:00-00:00,2012-11-17,16,LAPLMG1_7_B2,LAPLMG1_7_B2,LAPLMG1_7_B2,HASP,MCC,LMP_CONG_PRC,LAPLMG1_7_B2,ALL,1,0,1,30
2012-11-18T00:00:00-00:00,2012-11-18T00:15:00-00:00,2012-11-17,17,LAPLMG1_7_B2,LAPLMG1_7_B2,LAPLMG1_7_B2,HASP,MCC,LMP_CONG_PRC,LAPLMG1_7_B2,ALL,1,0,1,30
2012-11-18T01:00:00-00:00,2012-11-18T01:15:00-00:00,2012-11-17,18,LAPLMG1_7_B2,LAPLMG1_7_B2,LAPLMG1_7_B2,HASP,MCC,LMP_CONG_PRC,LAPLMG1_7_B2,ALL,1,0,1,30
2012-11-18T02:00:00-00:00,2012-11-18T02:15:00-00:00,2012-11-17,19,LAPLMG1_7_B2,LAPLMG1_7_B2,LAPLMG1_7_B2,HASP,MCC,LMP_CONG_PRC,LAPLMG1_7_B2,ALL,1,1.28835,1,30
2012-11-18T03:00:00-00:00,2012-11-18T03:15:00-00:00,2012-11-17,20,LAPLMG1_7_B2,LAPLMG1_7_B2,LAPLMG1_7_B2,HASP,MCC,LMP_CONG_PRC,LAPLMG1_7_B2,ALL,1,0,1,30
2012-11-18T04:00:00-00:00,2012-11-18T04:15:00-00:00,2012-11-17,21,LAPLMG1_7_B2,LAPLMG1_7_B2,LAPLMG1_7_B2,HASP,MCC,LMP_CONG_PRC,LAPLMG1_7_B2,ALL,1,-0.04016,1,30
2012-11-18T05:00:00-00:00,2012-11-18T05:15:00-00:00,2012-11-17,22,LAPLMG1_7_B2,LAPLMG1_7_B2,LAPLMG1_7_B2,HASP,MCC,LMP_CONG_PRC,LAPLMG1_7_B2,ALL,1,0,1,30
2012-11-18T06:00:00-00:00,2012-11-18T06:15:00-00:00,2012-11-17,23,LAPLMG1_7_B2,LAPLMG1_7_B2,LAPLMG1_7_B2,HASP,MCC,LMP_CONG_PRC,LAPLMG1_7_B2,ALL,1,-0.07067,1,30
2012-11-18T07:00:00-00:00,2012-11-18T07:15:00-00:00,2012-11-17,24,LAPLMG1_7_B2,LAPLMG1_7_B2,LAPLMG1_7_B2,HASP,MCC,LMP_CONG_PRC,LAPLMG1_7_B2,ALL,1,-0.05106,1,30
2012-11-17T08:15:00-00:00,2012-11-17T08:30:00-00:00,2012-11-17,01,LAPLMG1_7_B2,LAPLMG1_7_B2,LAPLMG1_7_B2,HASP,MCC,LMP_CONG_PRC,LAPLMG1_7_B2,ALL,1,-0.03148,2,30
2012-11-17T09:15:00-00:00,2012-11-17T09:30:00-00:00,2012-11-17,02,LAPLMG1_7_B2,LAPLMG1_7_B2,LAPLMG1_7_B2,HASP,MCC,LMP_CONG_PRC,LAPLMG1_7_B2,ALL,1,0,2,30
2012-11-17T10:15:00-00:00,2012-11-17T10:30:00-00:00,2012-11-17,03,LAPLMG1_7_B2,LAPLMG1_7_B2,LAPLMG1_7_B2,HASP,MCC,LMP_CONG_PRC,LAPLMG1_7_B2,ALL,1,0,2,30
2012-11-17T11:15:00-00:00,2012-11-17T11:30:00-00:00,2012-11-17,04,LAPLMG1_7_B2,LAPLMG1_7_B2,LAPLMG1_7_B2,HASP,MCC,LMP_CONG_PRC,LAPLMG1_7_B2,ALL,1,0,2,30
2012-11-17T12:15:00-00:00,2012-11-17T12:30:00-00:00,2012-11-17,05,LAPLMG1_7_B2,LAPLMG1_7_B2,LAPLMG1_7_B2,HASP,MCC,LMP_CONG_PRC,LAPLMG1_7_B2,ALL,1,0,2,30
2012-11-17T13:15:00-00:00,2012-11-17T13:30:00-00:00,2012-11-17,06,LAPLMG1_7_B2,LAPLMG1_7_B2,LAPLMG1_7_B2,HASP,MCC,LMP_CONG_PRC,LAPLMG1_7_B2,ALL,1,0,2,30
2012-11-17T14:15:00-00:00,2012-11-17T14:30:00-00:00,2012-11-17,07,LAPLMG1_7_B2,LAPLMG1_7_B2,LAPLMG1_7_B2,HASP,MCC,LMP_CONG_PRC,LAPLMG1_7_B2,ALL,1,0,2,30
2012-11-17T15:15:00-00:00,2012-11-17T15:30:00-00:00,2012-11-17,08,LAPLMG1_7_B2,LAPLMG1_7_B2,LAPLMG1_7_B2,HASP,MCC,LMP_CONG_PRC,LAPLMG1_7_B2,ALL,1,0,2,30
2012-11-17T16:15:00-00:00,2012-11-17T16:30:00-00:00,2012-11-17,09,LAPLMG1_7_B2,LAPLMG1_7_B2,LAPLMG1_7_B2,HASP,MCC,LMP_CONG_PRC,LAPLMG1_7_B2,ALL,1,0,2,30
2012-11-17T17:15:00-00:00,2012-11-17T17:30:00-00:00,2012-11-17,10,LAPLMG1_7_B2,LAPLMG1_7_B2,LAPLMG1_7_B2,HASP,MCC,LMP_CONG_PRC,LAPLMG1_7_B2,ALL,1,0,2,30
2012-11-17T18:15:00-00:00,2012-11-17T18:30:00-00:00,2012-11-17,11,LAPLMG1_7_B2,LAPLMG1_7_B2,LAPLMG1_7_B2,HASP,MCC,LMP_CONG_PRC,LAPLMG1_7_B2,ALL,1,0,2,30
2012-11-17T19:15:00-00:00,2012-11-17T19:30:00-00:00,2012-11-17,12,LAPLMG1_7_B2,LAPLMG1_7_B2,LAPLMG1_7_B2,HASP,MCC,LMP_CONG_PRC,LAPLMG1_7_B2,ALL,1,-0.03244,2,30
2012-11-17T20:15:00-00:00,2012-11-17T20:30:00-00:00,2012-11-17,13,LAPLMG1_7_B2,LAPLMG1_7_B2,LAPLMG1_7_B2,HASP,MCC,LMP_CONG_PRC,LAPLMG1_7_B2,ALL,1,0,2,30
2012-11-17T21:15:00-00:00,2012-11-17T21:30:00-00:00,2012-11-17,14,LAPLMG1_7_B2,LAPLMG1_7_B2,LAPLMG1_7_B2,HASP,MCC,LMP_CONG_PRC,LAPLMG1_7_B2,ALL,1,0,2,30
2012-11-17T22:15:00-00:00,2012-11-17T22:30:00-00:00,2012-11-17,15,LAPLMG1_7_B2,LAPLMG1_7_B2,LAPLMG1_7_B2,HASP,MCC,LMP_CONG_PRC,LAPLMG1_7_B2,ALL,1,0,2,30
2012-11-17T23:15:00-00:00,2012-11-17T23:30:00-00:00,2012-11-17,16,LAPLMG1_7_B2,LAPLMG1_7_B2,LAPLMG1_7_B2,HASP,MCC,LMP_CONG_PRC,LAPLMG1_7_B2,ALL,1,0,2,30
2012-11-18T00:15:00-00:00,2012-11-18T00:30:00-00:00,2012-11-17,17,LAPLMG1_7_B2,LAPLMG1_7_B2,LAPLMG1_7_B2,HASP,MCC,LMP_CONG_PRC,LAPLMG1_7_B2,ALL,1,0,2,30
2012-11-18T01:15:00-00:00,2012-11-18T01:30:00-00:00,2012-11-17,18,LAPLMG1_7_B2,LAPLMG1_7_B2,LAPLMG1_7_B2,HASP,MCC,LMP_CONG_PRC,LAPLMG1_7_B2,ALL,1,0,2,30
2012-11-18T02:15:00-00:00,2012-11-18T02:30:00-00:00,2012-11-17,19,LAPLMG1_7_B2,LAPLMG1_7_B2,LAPLMG1_7_B2,HASP,MCC,LMP_CONG_PRC,LAPLMG1_7_B2,ALL,1,0.59481,2,30
2012-11-18T03:15:00-00:00,2012-11-18T03:30:00-00:00,2012-11-17,20,LAPLMG1_7_B2,LAPLMG1_7_B2,LAPLMG1_7_B2,HASP,MCC,LMP_CONG_PRC,LAPLMG1_7_B2,ALL,1,0,2,30
2012-11-18T04:15:00-00:00,2012-11-18T04:30:00-00:00,2012-11-17,21,LAPLMG1_7_B2,LAPLMG1_7_B2,LAPLMG1_7_B2,HASP,MCC,LMP_CONG_PRC,LAPLMG1_7_B2,ALL,1,0.08734,2,30
2012-11-18T05:15:00-00:00,2012-11-18T05:30:00-00:00,2012-11-17,22,LAPLMG1_7_B2,LAPLMG1_7_B2,LAPLMG1_7_B2,HASP,MCC,LMP_CONG_PRC,LAPLMG1_7_B2,ALL,1,-0.05388,2,30
2012-11-18T06:15:00-00:00,2012-11-18T06:30:00-00:00,2012-11-17,23,LAPLMG1_7_B2,LAPLMG1_7_B2,LAPLMG1_7_B2,HASP,MCC,LMP_CONG_PRC,LAPLMG1_7_B2,ALL,1,-0.08128,2,30
2012-11-18T07:15:00-00:00,2012-11-18T07:30:00-00:00,2012-11-17,24,LAPLMG1_7_B2,LAPLMG1_7_B2,LAPLMG1_7_B2,HASP,MCC,LMP_CONG_PRC,LAPLMG1_7_B2,ALL,1,-0.06499,2,30
2012-11-17T08:30:00-00:00,2012-11-17T08:45:00-00:00,2012-11-17,01,LAPLMG1_7_B2,LAPLMG1_7_B2,LAPLMG1_7_B2,HASP,MCC,LMP_CONG_PRC,LAPLMG1_7_B2,ALL,1,-0.03298,3,30
2012-11-17T09:30:00-00:00,2012-11-17T09:45:00-00:00,2012-11-17,02,LAPLMG1_7_B2,LAPLMG1_7_B2,LAPLMG1_7_B2,HASP,MCC,LMP_CONG_PRC,LAPLMG1_7_B2,ALL,1,0,3,30
2012-11-17T10:30:00-00:00,2012-11-17T10:45:00-00:00,2012-11-17,03,LAPLMG1_7_B2,LAPLMG1_7_B2,LAPLMG1_7_B2,HASP,MCC,LMP_CONG_PRC,LAPLMG1_7_B2,ALL,1,0,3,30
2012-11-17T11:30:00-00:00,2012-11-17T11:45:00-00:00,2012-11-17,04,LAPLMG1_7_B2,LAPLMG1_7_B2,LAPLMG1_7_B2,HASP,MCC,LMP_CONG_PRC,LAPLMG1_7_B2,ALL,1,0,3,30
2012-11-17T12:30:00-00:00,2012-11-17T12:45:00-00:00,2012-11-17,05,LAPLMG1_7_B2,LAPLMG1_7_B2,LAPLMG1_7_B2,HASP,MCC,LMP_CONG_PRC,LAPLMG1_7_B2,ALL,1,0,3,30
2012-11-17T13:30:00-00:00,2012-11-17T13:45:00-00:00,2012-11-17,06,LAPLMG1_7_B2,LAPLMG1_7_B2,LAPLMG1_7_B2,HASP,MCC,LMP_CONG_PRC,LAPLMG1_7_B2,ALL,1,0,3,30
2012-11-17T14:30:00-00:00,2012-11-17T14:45:00-00:00,2012-11-17,07,LAPLMG1_7_B2,LAPLMG1_7_B2,LAPLMG1_7_B2,HASP,MCC,LMP_CONG_PRC,LAPLMG1_7_B2,ALL,1,0,3,30
2012-11-17T15:30:00-00:00,2012-11-17T15:45:00-00:00,2012-11-17,08,LAPLMG1_7_B2,LAPLMG1_7_B2,LAPLMG1_7_B2,HASP,MCC,LMP_CONG_PRC,LAPLMG1_7_B2,ALL,1,0,3,30
2012-11-17T16:30:00-00:00,2012-11-17T16:45:00-00:00,2012-11-17,09,LAPLMG1_7_B2,LAPLMG1_7_B2,LAPLMG1_7_B2,HASP,MCC,LMP_CONG_PRC,LAPLMG1_7_B2,ALL,1,0,3,30
2012-11-17T17:30:00-00:00,2012-11-17T17:45:00-00:00,2012-11-17,10,LAPLMG1_7_B2,LAPLMG1_7_B2,LAPLMG1_7_B2,HASP,MCC,LMP_CONG_PRC,LAPLMG1_7_B2,ALL,1,0,3,30
2012-11-17T18:30:00-00:00,2012-11-17T18:45:00-00:00,2012-11-17,11,LAPLMG1_7_B2,LAPLMG1_7_B2,LAPLMG1_7_B2,HASP,MCC,LMP_CONG_PRC,LAPLMG1_7_B2,ALL,1,0,3,30
2012-11-17T19:30:00-00:00,2012-11-17T19:45:00-00:00,2012-11-17,12,LAPLMG1_7_B2,LAPLMG1_7_B2,LAPLMG1_7_B2,HASP,MCC,LMP_CONG_PRC,LAPLMG1_7_B2,ALL,1,-0.02925,3,30
2012-11-17T20:30:00-00:00,2012-11-17T20:45:00-00:00,2012-11-17,13,LAPLMG1_7_B2,LAPLMG1_7_B2,LAPLMG1_7_B2,HASP,MCC,LMP_CONG_PRC,LAPLMG1_7_B2,ALL,1,0,3,30
2012-11-17T21:30:00-00:00,2012-11-17T21:45:00-00:00,2012-11-17,14,LAPLMG1_7_B2,LAPLMG1_7_B2,LAPLMG1_7_B2,HASP,MCC,LMP_CONG_PRC,LAPLMG1_7_B2,ALL,1,0,3,30
2012-11-17T22:30:00-00:00,2012-11-17T22:45:00-00:00,2012-11-17,15,LAPLMG1_7_B2,LAPLMG1_7_B2,LAPLMG1_7_B2,HASP,MCC,LMP_CONG_PRC,LAPLMG1_7_B2,ALL,1,0,3,30
2012-11-17T23:30:00-00:00,2012-11-17T23:45:00-00:00,2012-11-17,16,LAPLMG1_7_B2,LAPLMG1_7_B2,LAPLMG1_7_B2,HASP,MCC,LMP_CONG_PRC,LAPLMG1_7_B2,ALL,1,0,3,30
2012-11-18T00:30:00-00:00,2012-11-18T00:45:00-00:00,2012-11-17,17,LAPLMG1_7_B2,LAPLMG1_7_B2,LAPLMG1_7_B2,HASP,MCC,LMP_CONG_PRC,LAPLMG1_7_B2,ALL,1,0,3,30
2012-11-18T01:30:00-00:00,2012-11-18T01:45:00-00:00,2012-11-17,18,LAPLMG1_7_B2,LAPLMG1_7_B2,LAPLMG1_7_B2,HASP,MCC,LMP_CONG_PRC,LAPLMG1_7_B2,ALL,1,0,3,30
2012-11-18T02:30:00-00:00,2012-11-18T02:45:00-00:00,2012-11-17,19,LAPLMG1_7_B2,LAPLMG1_7_B2,LAPLMG1_7_B2,HASP,MCC,LMP_CONG_PRC,LAPLMG1_7_B2,ALL,1,0.83912,3,30
2012-11-18T03:30:00-00:00,2012-11-18T03:45:00-00:00,2012-11-17,20,LAPLMG1_7_B2,LAPLMG1_7_B2,LAPLMG1_7_B2,HASP,MCC,LMP_CONG_PRC,LAPLMG1_7_B2,ALL,1,-0.03931,3,30
2012-11-18T04:30:00-00:00,2012-11-18T04:45:00-00:00,2012-11-17,21,LAPLMG1_7_B2,LAPLMG1_7_B2,LAPLMG1_7_B2,HASP,MCC,LMP_CONG_PRC,LAPLMG1_7_B2,ALL,1,0.08328,3,30
2012-11-18T05:30:00-00:00,2012-11-18T05:45:00-00:00,2012-11-17,22,LAPLMG1_7_B2,LAPLMG1_7_B2,LAPLMG1_7_B2,HASP,MCC,LMP_CONG_PRC,LAPLMG1_7_B2,ALL,1,-0.07655,3,30
2012-11-18T06:30:00-00:00,2012-11-18T06:45:00-00:00,2012-11-17,23,LAPLMG1_7_B2,LAPLMG1_7_B2,LAPLMG1_7_B2,HASP,MCC,LMP_CONG_PRC,LAPLMG1_7_B2,ALL,1,-0.07543,3,30
2012-11-18T07:30:00-00:00,2012-11-18T07:45:00-00:00,2012-11-17,24,LAPLMG1_7_B2,LAPLMG1_7_B2,LAPLMG1_7_B2,HASP,MCC,LMP_CONG_PRC,LAPLMG1_7_B2,ALL,1,-0.08868,3,30
2012-11-17T08:45:00-00:00,2012-11-17T09:00:00-00:00,2012-11-17,01,LAPLMG1_7_B2,LAPLMG1_7_B2,LAPLMG1_7_B2,HASP,MCC,LMP_CONG_PRC,LAPLMG1_7_B2,ALL,1,-0.05568,4,30
2012-11-17T09:45:00-00:00,2012-11-17T10:00:00-00:00,2012-11-17,02,LAPLMG1_7_B2,LAPLMG1_7_B2,LAPLMG1_7_B2,HASP,MCC,LMP_CONG_PRC,LAPLMG1_7_B2,ALL,1,0,4,30
2012-11-17T10:45:00-00:00,2012-11-17T11:00:00-00:00,2012-11-17,03,LAPLMG1_7_B2,LAPLMG1_7_B2,LAPLMG1_7_B2,HASP,MCC,LMP_CONG_PRC,LAPLMG1_7_B2,ALL,1,0,4,30
2012-11-17T11:45:00-00:00,2012-11-17T12:00:00-00:00,2012-11-17,04,LAPLMG1_7_B2,LAPLMG1_7_B2,LAPLMG1_7_B2,HASP,MCC,LMP_CONG_PRC,LAPLMG1_7_B2,ALL,1,0,4,30
2012-11-17T12:45:00-00:00,2012-11-17T13:00:00-00:00,2012-11-17,05,LAPLMG1_7_B2,LAPLMG1_7_B2,LAPLMG1_7_B2,HASP,MCC,LMP_CONG_PRC,LAPLMG1_7_B2,ALL,1,0,4,30
2012-11-17T13:45:00-00:00,2012-11-17T14:00:00-00:00,2012-11-17,06,LAPLMG1_7_B2,LAPLMG1_7_B2,LAPLMG1_7_B2,HASP,MCC,LMP_CONG_PRC,LAPLMG1_7_B2,ALL,1,0,4,30
2012-11-17T14:45:00-00:00,2012-11-17T15:00:00-00:00,2012-11-17,07,LAPLMG1_7_B2,LAPLMG1_7_B2,LAPLMG1_7_B2,HASP,MCC,LMP_CONG_PRC,LAPLMG1_7_B2,ALL,1,0,4,30
2012-11-17T15:45:00-00:00,2012-11-17T16:00:00-00:00,2012-11-17,08,LAPLMG1_7_B2,LAPLMG1_7_B2,LAPLMG1_7_B2,HASP,MCC,LMP_CONG_PRC,LAPLMG1_7_B2,ALL,1,0,4,30
2012-11-17T16:45:00-00:00,2012-11-17T17:00:00-00:00,2012-11-17,09,LAPLMG1_7_B2,LAPLMG1_7_B2,LAPLMG1_7_B2,HASP,MCC,LMP_CONG_PRC,LAPLMG1_7_B2,ALL,1,0,4,30
2012-11-17T17:45:00-00:00,2012-11-17T18:00:00-00:00,2012-11-17,10,LAPLMG1_7_B2,LAPLMG1_7_B2,LAPLMG1_7_B2,HASP,MCC,LMP_CONG_PRC,LAPLMG1_7_B2,ALL,1,0,4,30
2012-11-17T18:45:00-00:00,2012-11-17T19:00:00-00:00,2012-11-17,11,LAPLMG1_7_B2,LAPLMG1_7_B2,LAPLMG1_7_B2,HASP,MCC,LMP_CONG_PRC,LAPLMG1_7_B2,ALL,1,0,4,30
2012-11-17T19:45:00-00:00,2012-11-17T20:00:00-00:00,2012-11-17,12,LAPLMG1_7_B2,LAPLMG1_7_B2,LAPLMG1_7_B2,HASP,MCC,LMP_CONG_PRC,LAPLMG1_7_B2,ALL,1,-0.03643,4,30
2012-11-17T20:45:00-00:00,2012-11-17T21:00:00-00:00,2012-11-17,13,LAPLMG1_7_B2,LAPLMG1_7_B2,LAPLMG1_7_B2,HASP,MCC,LMP_CONG_PRC,LAPLMG1_7_B2,ALL,1,0,4,30
2012-11-17T21:45:00-00:00,2012-11-17T22:00:00-00:00,2012-11-17,14,LAPLMG1_7_B2,LAPLMG1_7_B2,LAPLMG1_7_B2,HASP,MCC,LMP_CONG_PRC,LAPLMG1_7_B2,ALL,1,0,4,30
2012-11-17T22:45:00-00:00,2012-11-17T23:00:00-00:00,2012-11-17,15,LAPLMG1_7_B2,LAPLMG1_7_B2,LAPLMG1_7_B2,HASP,MCC,LMP_CONG_PRC,LAPLMG1_7_B2,ALL,1,0,4,30
2012-11-17T23:45:00-00:00,2012-11-18T00:00:00-00:00,2012-11-17,16,LAPLMG1_7_B2,LAPLMG1_7_B2,LAPLMG1_7_B2,HASP,MCC,LMP_CONG_PRC,LAPLMG1_7_B2,ALL,1,0,4,30
2012-11-18T00:45:00-00:00,2012-11-18T01:00:00-00:00,2012-11-17,17,LAPLMG1_7_B2,LAPLMG1_7_B2,LAPLMG1_7_B2,HASP,MCC,LMP_CONG_PRC,LAPLMG1_7_B2,ALL,1,0,4,30
2012-11-18T01:45:00-00:00,2012-11-18T02:00:00-00:00,2012-11-17,18,LAPLMG1_7_B2,LAPLMG1_7_B2,LAPLMG1_7_B2,HASP,MCC,LMP_CONG_PRC,LAPLMG1_7_B2,ALL,1,0,4,30
2012-11-18T02:45:00-00:00,2012-11-18T03:00:00-00:00,2012-11-17,19,LAPLMG1_7_B2,LAPLMG1_7_B2,LAPLMG1_7_B2,HASP,MCC,LMP_CONG_PRC,LAPLMG1_7_B2,ALL,1,0.38318,4,30
2012-11-18T03:45:00-00:00,2012-11-18T04:00:00-00:00,2012-11-17,20,LAPLMG1_7_B2,LAPLMG1_7_B2,LAPLMG1_7_B2,HASP,MCC,LMP_CONG_PRC,LAPLMG1_7_B2,ALL,1,-0.0489,4,30
2012-11-18T04:45:00-00:00,2012-11-18T05:00:00-00:00,2012-11-17,21,LAPLMG1_7_B2,LAPLMG1_7_B2,LAPLMG1_7_B2,HASP,MCC,LMP_CONG_PRC,LAPLMG1_7_B2,ALL,1,0.0464,4,30
2012-11-18T05:45:00-00:00,2012-11-18T06:00:00-00:00,2012-11-17,22,LAPLMG1_7_B2,LAPLMG1_7_B2,LAPLMG1_7_B2,HASP,MCC,LMP_CONG_PRC,LAPLMG1_7_B2,ALL,1,-0.11041,4,30
2012-11-18T06:45:00-00:00,2012-11-18T07:00:00-00:00,2012-11-17,23,LAPLMG1_7_B2,LAPLMG1_7_B2,LAPLMG1_7_B2,HASP,MCC,LMP_CONG_PRC,LAPLMG1_7_B2,ALL,1,-0.11651,4,30
2012-11-18T07:45:00-00:00,2012-11-18T08:00:00-00:00,2012-11-17,24,LAPLMG1_7_B2,LAPLMG1_7_B2,LAPLMG1_7_B2,HASP,MCC,LMP_CONG_PRC,LAPLMG1_7_B2,ALL,1,-0.11334,4,30
2012-11-17T08:00:00-00:00,2012-11-17T08:15:00-00:00,2012-11-17,01,LAPLMG1_7_B2,LAPLMG1_7_B2,LAPLMG1_7_B2,HASP,MCE,LMP_ENE_PRC,LAPLMG1_7_B2,ALL,1,28.64404,1,31
2012-11-17T09:00:00-00:00,2012-11-17T09:15:00-00:00,2012-11-17,02,LAPLMG1_7_B2,LAPLMG1_7_B2,LAPLMG1_7_B2,HASP,MCE,LMP_ENE_PRC,LAPLMG1_7_B2,ALL,1,32.79947,1,31
2012-11-17T10:00:00-00:00,2012-11-17T10:15:00-00:00,2012-11-17,03,LAPLMG1_7_B2,LAPLMG1_7_B2,LAPLMG1_7_B2,HASP,MCE,LMP_ENE_PRC,LAPLMG1_7_B2,ALL,1,31.37317,1,31
2012-11-17T11:00:00-00:00,2012-11-17T11:15:00-00:00,2012-11-17,04,LAPLMG1_7_B2,LAPLMG1_7_B2,LAPLMG1_7_B2,HASP,MCE,LMP_ENE_PRC,LAPLMG1_7_B2,ALL,1,27.29691,1,31
2012-11-17T12:00:00-00:00,2012-11-17T12:15:00-00:00,2012-11-17,05,LAPLMG1_7_B2,LAPLMG1_7_B2,LAPLMG1_7_B2,HASP,MCE,LMP_ENE_PRC,LAPLMG1_7_B2,ALL,1,29.68751,1,31
2012-11-17T13:00:00-00:00,2012-11-17T13:15:00-00:00,2012-11-17,06,LAPLMG1_7_B2,LAPLMG1_7_B2,LAPLMG1_7_B2,HASP,MCE,LMP_ENE_PRC,LAPLMG1_7_B2,ALL,1,28.47844,1,31
2012-11-17T14:00:00-00:00,2012-11-17T14:15:00-00:00,2012-11-17,07,LAPLMG1_7_B2,LAPLMG1_7_B2,LAPLMG1_7_B2,HASP,MCE,LMP_ENE_PRC,LAPLMG1_7_B2,ALL,1,27.45698,1,31
2012-11-17T15:00:00-00:00,2012-11-17T15:15:00-00:00,2012-11-17,08,LAPLMG1_7_B2,LAPLMG1_7_B2,LAPLMG1_7_B2,HASP,MCE,LMP_ENE_PRC,LAPLMG1_7_B2,ALL,1,28.66958,1,31
2012-11-17T16:00:00-00:00,2012-11-17T16:15:00-00:00,2012-11-17,09,LAPLMG1_7_B2,LAPLMG1_7_B2,LAPLMG1_7_B2,HASP,MCE,LMP_ENE_PRC,LAPLMG1_7_B2,ALL,1,30.37293,1,31
2012-11-17T17:00:00-00:00,2012-11-17T17:15:00-00:00,2012-11-17,10,LAPLMG1_7_B2,LAPLMG1_7_B2,LAPLMG1_7_B2,HASP,MCE,LMP_ENE_PRC,LAPLMG1_7_B2,ALL,1,26.38056,1,31
2012-11-17T18:00:00-00:00,2012-11-17T18:15:00-00:00,2012-11-17,11,LAPLMG1_7_B2,LAPLMG1_7_B2,LAPLMG1_7_B2,HASP,MCE,LMP_ENE_PRC,LAPLMG1_7_B2,ALL,1,27.94578,1,31
2012-11-17T19:00:00-00:00,2012-11-17T19:15:00-00:00,2012-11-17,12,LAPLMG1_7_B2,LAPLMG1_7_B2,LAPLMG1_7_B2,HASP,MCE,LMP_ENE_PRC,LAPLMG1_7_B2,ALL,1,30.34826,1,31
2012-11-17T20:00:00-00:00,2012-11-17T20:15:00-00:00,2012-11-17,13,LAPLMG1_7_B2,LAPLMG1_7_B2,LAPLMG1_7_B2,HASP,MCE,LMP_ENE_PRC,LAPLMG1_7_B2,ALL,1,28.60061,1,31
2012-11-17T21:00:00-00:00,2012-11-17T21:15:00-00:00,2012-11-17,14,LAPLMG1_7_B2,LAPLMG1_7_B2,LAPLMG1_7_B2,HASP,MCE,LMP_ENE_PRC,LAPLMG1_7_B2,ALL,1,36.14164,1,31
2012-11-17T22:00:00-00:00,2012-11-17T22:15:00-00:00,2012-11-17,15,LAPLMG1_7_B2,LAPLMG1_7_B2,LAPLMG1_7_B2,HASP,MCE,LMP_ENE_PRC,LAPLMG1_7_B2,ALL,1,34.72795,1,31
2012-11-17T23:00:00-00:00,2012-11-17T23:15:00-00:00,2012-11-17,16,LAPLMG1_7_B2,LAPLMG1_7_B2,LAPLMG1_7_B2,HASP,MCE,LMP_ENE_PRC,LAPLMG1_7_B2,ALL,1,32.01182,1,31
2012-11-18T00:00:00-00:00,2012-11-18T00:15:00-00:00,2012-11-17,17,LAPLMG1_7_B2,LAPLMG1_7_B2,LAPLMG1_7_B2,HASP,MCE,LMP_ENE_PRC,LAPLMG1_7_B2,ALL,1,27.44181,1,31
2012-11-18T01:00:00-00:00,2012-11-18T01:15:00-00:00,2012-11-17,18,LAPLMG1_7_B2,LAPLMG1_7_B2,LAPLMG1_7_B2,HASP,MCE,LMP_ENE_PRC,LAPLMG1_7_B2,ALL,1,41.35316,1,31
2012-11-18T02:00:00-00:00,2012-11-18T02:15:00-00:00,2012-11-17,19,LAPLMG1_7_B2,LAPLMG1_7_B2,LAPLMG1_7_B2,HASP,MCE,LMP_ENE_PRC,LAPLMG1_7_B2,ALL,1,46.53994,1,31
2012-11-18T03:00:00-00:00,2012-11-18T03:15:00-00:00,2012-11-17,20,LAPLMG1_7_B2,LAPLMG1_7_B2,LAPLMG1_7_B2,HASP,MCE,LMP_ENE_PRC,LAPLMG1_7_B2,ALL,1,33.47767,1,31
2012-11-18T04:00:00-00:00,2012-11-18T04:15:00-00:00,2012-11-17,21,LAPLMG1_7_B2,LAPLMG1_7_B2,LAPLMG1_7_B2,HASP,MCE,LMP_ENE_PRC,LAPLMG1_7_B2,ALL,1,28.32357,1,31
2012-11-18T05:00:00-00:00,2012-11-18T05:15:00-00:00,2012-11-17,22,LAPLMG1_7_B2,LAPLMG1_7_B2,LAPLMG1_7_B2,HASP,MCE,LMP_ENE_PRC,LAPLMG1_7_B2,ALL,1,30.17973,1,31
2012-11-18T06:00:00-00:00,2012-11-18T06:15:00-00:00,2012-11-17,23,LAPLMG1_7_B2,LAPLMG1_7_B2,LAPLMG1_7_B2,HASP,MCE,LMP_ENE_PRC,LAPLMG1_7_B2,ALL,1,26.95127,1,31
2012-11-18T07:00:00-00:00,2012-11-18T07:15:00-00:00,2012-11-17,24,LAPLMG1_7_B2,LAPLMG1_7_B2,LAPLMG1_7_B2,HASP,MCE,LMP_ENE_PRC,LAPLMG1_7_B2,ALL,1,27.96839,1,31
2012-11-17T08:15:00-00:00,2012-11-17T08:30:00-00:00,2012-11-17,01,LAPLMG1_7_B2,LAPLMG1_7_B2,LAPLMG1_7_B2,HASP,MCE,LMP_ENE_PRC,LAPLMG1_7_B2,ALL,1,28.54529,2,31
2012-11-17T09:15:00-00:00,2012-11-17T09:30:00-00:00,2012-11-17,02,LAPLMG1_7_B2,LAPLMG1_7_B2,LAPLMG1_7_B2,HASP,MCE,LMP_ENE_PRC,LAPLMG1_7_B2,ALL,1,30.67856,2,31
2012-11-17T10:15:00-00:00,2012-11-17T10:30:00-00:00,2012-11-17,03,LAPLMG1_7_B2,LAPLMG1_7_B2,LAPLMG1_7_B2,HASP,MCE,LMP_ENE_PRC,LAPLMG1_7_B2,ALL,1,27.40838,2,31
2012-11-17T11:15:00-00:00,2012-11-17T11:30:00-00:00,2012-11-17,04,LAPLMG1_7_B2,LAPLMG1_7_B2,LAPLMG1_7_B2,HASP,MCE,LMP_ENE_PRC,LAPLMG1_7_B2,ALL,1,28.49293,2,31
2012-11-17T12:15:00-00:00,2012-11-17T12:30:00-00:00,2012-11-17,05,LAPLMG1_7_B2,LAPLMG1_7_B2,LAPLMG1_7_B2,HASP,MCE,LMP_ENE_PRC,LAPLMG1_7_B2,ALL,1,28.5656,2,31
2012-11-17T13:15:00-00:00,2012-11-17T13:30:00-00:00,2012-11-17,06,LAPLMG1_7_B2,LAPLMG1_7_B2,LAPLMG1_7_B2,HASP,MCE,LMP_ENE_PRC,LAPLMG1_7_B2,ALL,1,26.56899,2,31
2012-11-17T14:15:00-00:00,2012-11-17T14:30:00-00:00,2012-11-17,07,LAPLMG1_7_B2,LAPLMG1_7_B2,LAPLMG1_7_B2,HASP,MCE,LMP_ENE_PRC,LAPLMG1_7_B2,ALL,1,27.74901,2,31
2012-11-17T15:15:00-00:00,2012-11-17T15:30:00-00:00,2012-11-17,08,LAPLMG1_7_B2,LAPLMG1_7_B2,LAPLMG1_7_B2,HASP,MCE,LMP_ENE_PRC,LAPLMG1_7_B2,ALL,1,28.60764,2,31
2012-11-17T16:15:00-00:00,2012-11-17T16:30:00-00:00,2012-11-17,09,LAPLMG1_7_B2,LAPLMG1_7_B2,LAPLMG1_7_B2,HASP,MCE,LMP_ENE_PRC,LAPLMG1_7_B2,ALL,1,30.77003,2,31
2012-11-17T17:15:00-00:00,2012-11-17T17:30:00-00:00,2012-11-17,10,LAPLMG1_7_B2,LAPLMG1_7_B2,LAPLMG1_7_B2,HASP,MCE,LMP_ENE_PRC,LAPLMG1_7_B2,ALL,1,26.5252,2,31
2012-11-17T18:15:00-00:00,2012-11-17T18:30:00-00:00,2012-11-17,11,LAPLMG1_7_B2,LAPLMG1_7_B2,LAPLMG1_7_B2,HASP,MCE,LMP_ENE_PRC,LAPLMG1_7_B2,ALL,1,27.88782,2,31
2012-11-17T19:15:00-00:00,2012-11-17T19:30:00-00:00,2012-11-17,12,LAPLMG1_7_B2,LAPLMG1_7_B2,LAPLMG1_7_B2,HASP,MCE,LMP_ENE_PRC,LAPLMG1_7_B2,ALL,1,28.77537,2,31
2012-11-17T20:15:00-00:00,2012-11-17T20:30:00-00:00,2012-11-17,13,LAPLMG1_7_B2,LAPLMG1_7_B2,LAPLMG1_7_B2,HASP,MCE,LMP_ENE_PRC,LAPLMG1_7_B2,ALL,1,27.81195,2,31
2012-11-17T21:15:00-00:00,2012-11-17T21:30:00-00:00,2012-11-17,14,LAPLMG1_7_B2,LAPLMG1_7_B2,LAPLMG1_7_B2,HASP,MCE,LMP_ENE_PRC,LAPLMG1_7_B2,ALL,1,33.84102,2,31
2012-11-17T22:15:00-00:00,2012-11-17T22:30:00-00:00,2012-11-17,15,LAPLMG1_7_B2,LAPLMG1_7_B2,LAPLMG1_7_B2,HASP,MCE,LMP_ENE_PRC,LAPLMG1_7_B2,ALL,1,34.72446,2,31
2012-11-17T23:15:00-00:00,2012-11-17T23:30:00-00:00,2012-11-17,16,LAPLMG1_7_B2,LAPLMG1_7_B2,LAPLMG1_7_B2,HASP,MCE,LMP_ENE_PRC,LAPLMG1_7_B2,ALL,1,32.17974,2,31
2012-11-18T00:15:00-00:00,2012-11-18T00:30:00-00:00,2012-11-17,17,LAPLMG1_7_B2,LAPLMG1_7_B2,LAPLMG1_7_B2,HASP,MCE,LMP_ENE_PRC,LAPLMG1_7_B2,ALL,1,28.58717,2,31
2012-11-18T01:15:00-00:00,2012-11-18T01:30:00-00:00,2012-11-17,18,LAPLMG1_7_B2,LAPLMG1_7_B2,LAPLMG1_7_B2,HASP,MCE,LMP_ENE_PRC,LAPLMG1_7_B2,ALL,1,41.41179,2,31
2012-11-18T02:15:00-00:00,2012-11-18T02:30:00-00:00,2012-11-17,19,LAPLMG1_7_B2,LAPLMG1_7_B2,LAPLMG1_7_B2,HASP,MCE,LMP_ENE_PRC,LAPLMG1_7_B2,ALL,1,36.2257,2,31
2012-11-18T03:15:00-00:00,2012-11-18T03:30:00-00:00,2012-11-17,20,LAPLMG1_7_B2,LAPLMG1_7_B2,LAPLMG1_7_B2,HASP,MCE,LMP_ENE_PRC,LAPLMG1_7_B2,ALL,1,30.15233,2,31
2012-11-18T04:15:00-00:00,2012-11-18T04:30:00-00:00,2012-11-17,21,LAPLMG1_7_B2,LAPLMG1_7_B2,LAPLMG1_7_B2,HASP,MCE,LMP_ENE_PRC,LAPLMG1_7_B2,ALL,1,27.6805,2,31
2012-11-18T05:15:00-00:00,2012-11-18T05:30:00-00:00,2012-11-17,22,LAPLMG1_7_B2,LAPLMG1_7_B2,LAPLMG1_7_B2,HASP,MCE,LMP_ENE_PRC,LAPLMG1_7_B2,ALL,1,27.62978,2,31
2012-11-18T06:15:00-00:00,2012-11-18T06:30:00-00:00,2012-11-17,23,LAPLMG1_7_B2,LAPLMG1_7_B2,LAPLMG1_7_B2,HASP,MCE,LMP_ENE_PRC,LAPLMG1_7_B2,ALL,1,26.40999,2,31
2012-11-18T07:15:00-00:00,2012-11-18T07:30:00-00:00,2012-11-17,24,LAPLMG1_7_B2,LAPLMG1_7_B2,LAPLMG1_7_B2,HASP,MCE,LMP_ENE_PRC,LAPLMG1_7_B2,ALL,1,27.286,2,31
2012-11-17T08:30:00-00:00,2012-11-17T08:45:00-00:00,2012-11-17,01,LAPLMG1_7_B2,LAPLMG1_7_B2,LAPLMG1_7_B2,HASP,MCE,LMP_ENE_PRC,LAPLMG1_7_B2,ALL,1,28.50664,3,31
2012-11-17T09:30:00-00:00,2012-11-17T09:45:00-00:00,2012-11-17,02,LAPLMG1_7_B2,LAPLMG1_7_B2,LAPLMG1_7_B2,HASP,MCE,LMP_ENE_PRC,LAPLMG1_7_B2,ALL,1,28.25751,3,31
2012-11-17T10:30:00-00:00,2012-11-17T10:45:00-00:00,2012-11-17,03,LAPLMG1_7_B2,LAPLMG1_7_B2,LAPLMG1_7_B2,HASP,MCE,LMP_ENE_PRC,LAPLMG1_7_B2,ALL,1,27.24117,3,31
2012-11-17T11:30:00-00:00,2012-11-17T11:45:00-00:00,2012-11-17,04,LAPLMG1_7_B2,LAPLMG1_7_B2,LAPLMG1_7_B2,HASP,MCE,LMP_ENE_PRC,LAPLMG1_7_B2,ALL,1,28.38605,3,31
2012-11-17T12:30:00-00:00,2012-11-17T12:45:00-00:00,2012-11-17,05,LAPLMG1_7_B2,LAPLMG1_7_B2,LAPLMG1_7_B2,HASP,MCE,LMP_ENE_PRC,LAPLMG1_7_B2,ALL,1,30.56911,3,31
2012-11-17T13:30:00-00:00,2012-11-17T13:45:00-00:00,2012-11-17,06,LAPLMG1_7_B2,LAPLMG1_7_B2,LAPLMG1_7_B2,HASP,MCE,LMP_ENE_PRC,LAPLMG1_7_B2,ALL,1,28.35025,3,31
2012-11-17T14:30:00-00:00,2012-11-17T14:45:00-00:00,2012-11-17,07,LAPLMG1_7_B2,LAPLMG1_7_B2,LAPLMG1_7_B2,HASP,MCE,LMP_ENE_PRC,LAPLMG1_7_B2,ALL,1,27.77721,3,31
2012-11-17T15:30:00-00:00,2012-11-17T15:45:00-00:00,2012-11-17,08,LAPLMG1_7_B2,LAPLMG1_7_B2,LAPLMG1_7_B2,HASP,MCE,LMP_ENE_PRC,LAPLMG1_7_B2,ALL,1,31.36,3,31
2012-11-17T16:30:00-00:00,2012-11-17T16:45:00-00:00,2012-11-17,09,LAPLMG1_7_B2,LAPLMG1_7_B2,LAPLMG1_7_B2,HASP,MCE,LMP_ENE_PRC,LAPLMG1_7_B2,ALL,1,30.0062,3,31
2012-11-17T17:30:00-00:00,2012-11-17T17:45:00-00:00,2012-11-17,10,LAPLMG1_7_B2,LAPLMG1_7_B2,LAPLMG1_7_B2,HASP,MCE,LMP_ENE_PRC,LAPLMG1_7_B2,ALL,1,27.73677,3,31
2012-11-17T18:30:00-00:00,2012-11-17T18:45:00-00:00,2012-11-17,11,LAPLMG1_7_B2,LAPLMG1_7_B2,LAPLMG1_7_B2,HASP,MCE,LMP_ENE_PRC,LAPLMG1_7_B2,ALL,1,28.91473,3,31
2012-11-17T19:30:00-00:00,2012-11-17T19:45:00-00:00,2012-11-17,12,LAPLMG1_7_B2,LAPLMG1_7_B2,LAPLMG1_7_B2,HASP,MCE,LMP_ENE_PRC,LAPLMG1_7_B2,ALL,1,28.9371,3,31
2012-11-17T20:30:00-00:00,2012-11-17T20:45:00-00:00,2012-11-17,13,LAPLMG1_7_B2,LAPLMG1_7_B2,LAPLMG1_7_B2,HASP,MCE,LMP_ENE_PRC,LAPLMG1_7_B2,ALL,1,27.80615,3,31
2012-11-17T21:30:00-00:00,2012-11-17T21:45:00-00:00,2012-11-17,14,LAPLMG1_7_B2,LAPLMG1_7_B2,LAPLMG1_7_B2,HASP,MCE,LMP_ENE_PRC,LAPLMG1_7_B2,ALL,1,33.84455,3,31
2012-11-17T22:30:00-00:00,2012-11-17T22:45:00-00:00,2012-11-17,15,LAPLMG1_7_B2,LAPLMG1_7_B2,LAPLMG1_7_B2,HASP,MCE,LMP_ENE_PRC,LAPLMG1_7_B2,ALL,1,33.85161,3,31
2012-11-17T23:30:00-00:00,2012-11-17T23:45:00-00:00,2012-11-17,16,LAPLMG1_7_B2,LAPLMG1_7_B2,LAPLMG1_7_B2,HASP,MCE,LMP_ENE_PRC,LAPLMG1_7_B2,ALL,1,33.51192,3,31
2012-11-18T00:30:00-00:00,2012-11-18T00:45:00-00:00,2012-11-17,17,LAPLMG1_7_B2,LAPLMG1_7_B2,LAPLMG1_7_B2,HASP,MCE,LMP_ENE_PRC,LAPLMG1_7_B2,ALL,1,36.53826,3,31
2012-11-18T01:30:00-00:00,2012-11-18T01:45:00-00:00,2012-11-17,18,LAPLMG1_7_B2,LAPLMG1_7_B2,LAPLMG1_7_B2,HASP,MCE,LMP_ENE_PRC,LAPLMG1_7_B2,ALL,1,41.91258,3,31
2012-11-18T02:30:00-00:00,2012-11-18T02:45:00-00:00,2012-11-17,19,LAPLMG1_7_B2,LAPLMG1_7_B2,LAPLMG1_7_B2,HASP,MCE,LMP_ENE_PRC,LAPLMG1_7_B2,ALL,1,39.48852,3,31
2012-11-18T03:30:00-00:00,2012-11-18T03:45:00-00:00,2012-11-17,20,LAPLMG1_7_B2,LAPLMG1_7_B2,LAPLMG1_7_B2,HASP,MCE,LMP_ENE_PRC,LAPLMG1_7_B2,ALL,1,28.27535,3,31
2012-11-18T04:30:00-00:00,2012-11-18T04:45:00-00:00,2012-11-17,21,LAPLMG1_7_B2,LAPLMG1_7_B2,LAPLMG1_7_B2,HASP,MCE,LMP_ENE_PRC,LAPLMG1_7_B2,ALL,1,26.83269,3,31
2012-11-18T05:30:00-00:00,2012-11-18T05:45:00-00:00,2012-11-17,22,LAPLMG1_7_B2,LAPLMG1_7_B2,LAPLMG1_7_B2,HASP,MCE,LMP_ENE_PRC,LAPLMG1_7_B2,ALL,1,26.5283,3,31
2012-11-18T06:30:00-00:00,2012-11-18T06:45:00-00:00,2012-11-17,23,LAPLMG1_7_B2,LAPLMG1_7_B2,LAPLMG1_7_B2,HASP,MCE,LMP_ENE_PRC,LAPLMG1_7_B2,ALL,1,26.75341,3,31
2012-11-18T07:30:00-00:00,2012-11-18T07:45:00-00:00,2012-11-17,24,LAPLMG1_7_B2,LAPLMG1_7_B2,LAPLMG1_7_B2,HASP,MCE,LMP_ENE_PRC,LAPLMG1_7_B2,ALL,1,26.13215,3,31
2012-11-17T08:45:00-00:00,2012-11-17T09:00:00-00:00,2012-11-17,01,LAPLMG1_7_B2,LAPLMG1_7_B2,LAPLMG1_7_B2,HASP,MCE,LMP_ENE_PRC,LAPLMG1_7_B2,ALL,1,27.42593,4,31
2012-11-17T09:45:00-00:00,2012-11-17T10:00:00-00:00,2012-11-17,02,LAPLMG1_7_B2,LAPLMG1_7_B2,LAPLMG1_7_B2,HASP,MCE,LMP_ENE_PRC,LAPLMG1_7_B2,ALL,1,27.3917,4,31
2012-11-17T10:45:00-00:00,2012-11-17T11:00:00-00:00,2012-11-17,03,LAPLMG1_7_B2,LAPLMG1_7_B2,LAPLMG1_7_B2,HASP,MCE,LMP_ENE_PRC,LAPLMG1_7_B2,ALL,1,28.39442,4,31
2012-11-17T11:45:00-00:00,2012-11-17T12:00:00-00:00,2012-11-17,04,LAPLMG1_7_B2,LAPLMG1_7_B2,LAPLMG1_7_B2,HASP,MCE,LMP_ENE_PRC,LAPLMG1_7_B2,ALL,1,30.04032,4,31
2012-11-17T12:45:00-00:00,2012-11-17T13:00:00-00:00,2012-11-17,05,LAPLMG1_7_B2,LAPLMG1_7_B2,LAPLMG1_7_B2,HASP,MCE,LMP_ENE_PRC,LAPLMG1_7_B2,ALL,1,27.50331,4,31
2012-11-17T13:45:00-00:00,2012-11-17T14:00:00-00:00,2012-11-17,06,LAPLMG1_7_B2,LAPLMG1_7_B2,LAPLMG1_7_B2,HASP,MCE,LMP_ENE_PRC,LAPLMG1_7_B2,ALL,1,31.58053,4,31
2012-11-17T14:45:00-00:00,2012-11-17T15:00:00-00:00,2012-11-17,07,LAPLMG1_7_B2,LAPLMG1_7_B2,LAPLMG1_7_B2,HASP,MCE,LMP_ENE_PRC,LAPLMG1_7_B2,ALL,1,30.06834,4,31
2012-11-17T15:45:00-00:00,2012-11-17T16:00:00-00:00,2012-11-17,08,LAPLMG1_7_B2,LAPLMG1_7_B2,LAPLMG1_7_B2,HASP,MCE,LMP_ENE_PRC,LAPLMG1_7_B2,ALL,1,27.704,4,31
2012-11-17T16:45:00-00:00,2012-11-17T17:00:00-00:00,2012-11-17,09,LAPLMG1_7_B2,LAPLMG1_7_B2,LAPLMG1_7_B2,HASP,MCE,LMP_ENE_PRC,LAPLMG1_7_B2,ALL,1,27.77036,4,31
2012-11-17T17:45:00-00:00,2012-11-17T18:00:00-00:00,2012-11-17,10,LAPLMG1_7_B2,LAPLMG1_7_B2,LAPLMG1_7_B2,HASP,MCE,LMP_ENE_PRC,LAPLMG1_7_B2,ALL,1,27.86217,4,31
2012-11-17T18:45:00-00:00,2012-11-17T19:00:00-00:00,2012-11-17,11,LAPLMG1_7_B2,LAPLMG1_7_B2,LAPLMG1_7_B2,HASP,MCE,LMP_ENE_PRC,LAPLMG1_7_B2,ALL,1,27.98882,4,31
2012-11-17T19:45:00-00:00,2012-11-17T20:00:00-00:00,2012-11-17,12,LAPLMG1_7_B2,LAPLMG1_7_B2,LAPLMG1_7_B2,HASP,MCE,LMP_ENE_PRC,LAPLMG1_7_B2,ALL,1,28.57361,4,31
2012-11-17T20:45:00-00:00,2012-11-17T21:00:00-00:00,2012-11-17,13,LAPLMG1_7_B2,LAPLMG1_7_B2,LAPLMG1_7_B2,HASP,MCE,LMP_ENE_PRC,LAPLMG1_7_B2,ALL,1,27.32448,4,31
2012-11-17T21:45:00-00:00,2012-11-17T22:00:00-00:00,2012-11-17,14,LAPLMG1_7_B2,LAPLMG1_7_B2,LAPLMG1_7_B2,HASP,MCE,LMP_ENE_PRC,LAPLMG1_7_B2,ALL,1,32.66392,4,31
2012-11-17T22:45:00-00:00,2012-11-17T23:00:00-00:00,2012-11-17,15,LAPLMG1_7_B2,LAPLMG1_7_B2,LAPLMG1_7_B2,HASP,MCE,LMP_ENE_PRC,LAPLMG1_7_B2,ALL,1,33.80928,4,31
2012-11-17T23:45:00-00:00,2012-11-18T00:00:00-00:00,2012-11-17,16,LAPLMG1_7_B2,LAPLMG1_7_B2,LAPLMG1_7_B2,HASP,MCE,LMP_ENE_PRC,LAPLMG1_7_B2,ALL,1,34.5231,4,31
2012-11-18T00:45:00-00:00,2012-11-18T01:00:00-00:00,2012-11-17,17,LAPLMG1_7_B2,LAPLMG1_7_B2,LAPLMG1_7_B2,HASP,MCE,LMP_ENE_PRC,LAPLMG1_7_B2,ALL,1,56.52774,4,31
2012-11-18T01:45:00-00:00,2012-11-18T02:00:00-00:00,2012-11-17,18,LAPLMG1_7_B2,LAPLMG1_7_B2,LAPLMG1_7_B2,HASP,MCE,LMP_ENE_PRC,LAPLMG1_7_B2,ALL,1,41.54423,4,31
2012-11-18T02:45:00-00:00,2012-11-18T03:00:00-00:00,2012-11-17,19,LAPLMG1_7_B2,LAPLMG1_7_B2,LAPLMG1_7_B2,HASP,MCE,LMP_ENE_PRC,LAPLMG1_7_B2,ALL,1,33.41402,4,31
2012-11-18T03:45:00-00:00,2012-11-18T04:00:00-00:00,2012-11-17,20,LAPLMG1_7_B2,LAPLMG1_7_B2,LAPLMG1_7_B2,HASP,MCE,LMP_ENE_PRC,LAPLMG1_7_B2,ALL,1,27.80784,4,31
2012-11-18T04:45:00-00:00,2012-11-18T05:00:00-00:00,2012-11-17,21,LAPLMG1_7_B2,LAPLMG1_7_B2,LAPLMG1_7_B2,HASP,MCE,LMP_ENE_PRC,LAPLMG1_7_B2,ALL,1,26.30084,4,31
2012-11-18T05:45:00-00:00,2012-11-18T06:00:00-00:00,2012-11-17,22,LAPLMG1_7_B2,LAPLMG1_7_B2,LAPLMG1_7_B2,HASP,MCE,LMP_ENE_PRC,LAPLMG1_7_B2,ALL,1,24.98027,4,31
2012-11-18T06:45:00-00:00,2012-11-18T07:00:00-00:00,2012-11-17,23,LAPLMG1_7_B2,LAPLMG1_7_B2,LAPLMG1_7_B2,HASP,MCE,LMP_ENE_PRC,LAPLMG1_7_B2,ALL,1,24.87123,4,31
2012-11-18T07:45:00-00:00,2012-11-18T08:00:00-00:00,2012-11-17,24,LAPLMG1_7_B2,LAPLMG1_7_B2,LAPLMG1_7_B2,HASP,MCE,LMP_ENE_PRC,LAPLMG1_7_B2,ALL,1,24.96563,4,31
2012-11-17T08:00:00-00:00,2012-11-17T08:15:00-00:00,2012-11-17,01,LAPLMG1_7_B2,LAPLMG1_7_B2,LAPLMG1_7_B2,HASP,MCL,LMP_LOSS_PRC,LAPLMG1_7_B2,ALL,1,-0.95671,1,32
2012-11-17T09:00:00-00:00,2012-11-17T09:15:00-00:00,2012-11-17,02,LAPLMG1_7_B2,LAPLMG1_7_B2,LAPLMG1_7_B2,HASP,MCL,LMP_LOSS_PRC,LAPLMG1_7_B2,ALL,1,-1.04302,1,32
2012-11-17T10:00:00-00:00,2012-11-17T10:15:00-00:00,2012-11-17,03,LAPLMG1_7_B2,LAPLMG1_7_B2,LAPLMG1_7_B2,HASP,MCL,LMP_LOSS_PRC,LAPLMG1_7_B2,ALL,1,-0.99767,1,32
2012-11-17T11:00:00-00:00,2012-11-17T11:15:00-00:00,2012-11-17,04,LAPLMG1_7_B2,LAPLMG1_7_B2,LAPLMG1_7_B2,HASP,MCL,LMP_LOSS_PRC,LAPLMG1_7_B2,ALL,1,-0.86804,1,32
2012-11-17T12:00:00-00:00,2012-11-17T12:15:00-00:00,2012-11-17,05,LAPLMG1_7_B2,LAPLMG1_7_B2,LAPLMG1_7_B2,HASP,MCL,LMP_LOSS_PRC,LAPLMG1_7_B2,ALL,1,-0.98266,1,32
2012-11-17T13:00:00-00:00,2012-11-17T13:15:00-00:00,2012-11-17,06,LAPLMG1_7_B2,LAPLMG1_7_B2,LAPLMG1_7_B2,HASP,MCL,LMP_LOSS_PRC,LAPLMG1_7_B2,ALL,1,-0.99675,1,32
2012-11-17T14:00:00-00:00,2012-11-17T14:15:00-00:00,2012-11-17,07,LAPLMG1_7_B2,LAPLMG1_7_B2,LAPLMG1_7_B2,HASP,MCL,LMP_LOSS_PRC,LAPLMG1_7_B2,ALL,1,-0.94727,1,32
2012-11-17T15:00:00-00:00,2012-11-17T15:15:00-00:00,2012-11-17,08,LAPLMG1_7_B2,LAPLMG1_7_B2,LAPLMG1_7_B2,HASP,MCL,LMP_LOSS_PRC,LAPLMG1_7_B2,ALL,1,-1.10951,1,32
2012-11-17T16:00:00-00:00,2012-11-17T16:15:00-00:00,2012-11-17,09,LAPLMG1_7_B2,LAPLMG1_7_B2,LAPLMG1_7_B2,HASP,MCL,LMP_LOSS_PRC,LAPLMG1_7_B2,ALL,1,-1.28477,1,32
2012-11-17T17:00:00-00:00,2012-11-17T17:15:00-00:00,2012-11-17,10,LAPLMG1_7_B2,LAPLMG1_7_B2,LAPLMG1_7_B2,HASP,MCL,LMP_LOSS_PRC,LAPLMG1_7_B2,ALL,1,-1.11326,1,32
2012-11-17T18:00:00-00:00,2012-11-17T18:15:00-00:00,2012-11-17,11,LAPLMG1_7_B2,LAPLMG1_7_B2,LAPLMG1_7_B2,HASP,MCL,LMP_LOSS_PRC,LAPLMG1_7_B2,ALL,1,-1.33022,1,32
2012-11-17T19:00:00-00:00,2012-11-17T19:15:00-00:00,2012-11-17,12,LAPLMG1_7_B2,LAPLMG1_7_B2,LAPLMG1_7_B2,HASP,MCL,LMP_LOSS_PRC,LAPLMG1_7_B2,ALL,1,-1.49313,1,32
2012-11-17T20:00:00-00:00,2012-11-17T20:15:00-00:00,2012-11-17,13,LAPLMG1_7_B2,LAPLMG1_7_B2,LAPLMG1_7_B2,HASP,MCL,LMP_LOSS_PRC,LAPLMG1_7_B2,ALL,1,-1.42717,1,32
2012-11-17T21:00:00-00:00,2012-11-17T21:15:00-00:00,2012-11-17,14,LAPLMG1_7_B2,LAPLMG1_7_B2,LAPLMG1_7_B2,HASP,MCL,LMP_LOSS_PRC,LAPLMG1_7_B2,ALL,1,-1.84684,1,32
2012-11-17T22:00:00-00:00,2012-11-17T22:15:00-00:00,2012-11-17,15,LAPLMG1_7_B2,LAPLMG1_7_B2,LAPLMG1_7_B2,HASP,MCL,LMP_LOSS_PRC,LAPLMG1_7_B2,ALL,1,-1.78502,1,32
2012-11-17T23:00:00-00:00,2012-11-17T23:15:00-00:00,2012-11-17,16,LAPLMG1_7_B2,LAPLMG1_7_B2,LAPLMG1_7_B2,HASP,MCL,LMP_LOSS_PRC,LAPLMG1_7_B2,ALL,1,-1.6198,1,32
2012-11-18T00:00:00-00:00,2012-11-18T00:15:00-00:00,2012-11-17,17,LAPLMG1_7_B2,LAPLMG1_7_B2,LAPLMG1_7_B2,HASP,MCL,LMP_LOSS_PRC,LAPLMG1_7_B2,ALL,1,-1.29525,1,32
2012-11-18T01:00:00-00:00,2012-11-18T01:15:00-00:00,2012-11-17,18,LAPLMG1_7_B2,LAPLMG1_7_B2,LAPLMG1_7_B2,HASP,MCL,LMP_LOSS_PRC,LAPLMG1_7_B2,ALL,1,-2.13796,1,32
2012-11-18T02:00:00-00:00,2012-11-18T02:15:00-00:00,2012-11-17,19,LAPLMG1_7_B2,LAPLMG1_7_B2,LAPLMG1_7_B2,HASP,MCL,LMP_LOSS_PRC,LAPLMG1_7_B2,ALL,1,-2.28511,1,32
2012-11-18T03:00:00-00:00,2012-11-18T03:15:00-00:00,2012-11-17,20,LAPLMG1_7_B2,LAPLMG1_7_B2,LAPLMG1_7_B2,HASP,MCL,LMP_LOSS_PRC,LAPLMG1_7_B2,ALL,1,-1.61697,1,32
2012-11-18T04:00:00-00:00,2012-11-18T04:15:00-00:00,2012-11-17,21,LAPLMG1_7_B2,LAPLMG1_7_B2,LAPLMG1_7_B2,HASP,MCL,LMP_LOSS_PRC,LAPLMG1_7_B2,ALL,1,-1.42184,1,32
2012-11-18T05:00:00-00:00,2012-11-18T05:15:00-00:00,2012-11-17,22,LAPLMG1_7_B2,LAPLMG1_7_B2,LAPLMG1_7_B2,HASP,MCL,LMP_LOSS_PRC,LAPLMG1_7_B2,ALL,1,-1.43354,1,32
2012-11-18T06:00:00-00:00,2012-11-18T06:15:00-00:00,2012-11-17,23,LAPLMG1_7_B2,LAPLMG1_7_B2,LAPLMG1_7_B2,HASP,MCL,LMP_LOSS_PRC,LAPLMG1_7_B2,ALL,1,-1.18586,1,32
2012-11-18T07:00:00-00:00,2012-11-18T07:15:00-00:00,2012-11-17,24,LAPLMG1_7_B2,LAPLMG1_7_B2,LAPLMG1_7_B2,HASP,MCL,LMP_LOSS_PRC,LAPLMG1_7_B2,ALL,1,-1.09636,1,32
2012-11-17T08:15:00-00:00,2012-11-17T08:30:00-00:00,2012-11-17,01,LAPLMG1_7_B2,LAPLMG1_7_B2,LAPLMG1_7_B2,HASP,MCL,LMP_LOSS_PRC,LAPLMG1_7_B2,ALL,1,-0.9163,2,32
2012-11-17T09:15:00-00:00,2012-11-17T09:30:00-00:00,2012-11-17,02,LAPLMG1_7_B2,LAPLMG1_7_B2,LAPLMG1_7_B2,HASP,MCL,LMP_LOSS_PRC,LAPLMG1_7_B2,ALL,1,-0.96331,2,32
2012-11-17T10:15:00-00:00,2012-11-17T10:30:00-00:00,2012-11-17,03,LAPLMG1_7_B2,LAPLMG1_7_B2,LAPLMG1_7_B2,HASP,MCL,LMP_LOSS_PRC,LAPLMG1_7_B2,ALL,1,-0.86336,2,32
2012-11-17T11:15:00-00:00,2012-11-17T11:30:00-00:00,2012-11-17,04,LAPLMG1_7_B2,LAPLMG1_7_B2,LAPLMG1_7_B2,HASP,MCL,LMP_LOSS_PRC,LAPLMG1_7_B2,ALL,1,-0.96876,2,32
2012-11-17T12:15:00-00:00,2012-11-17T12:30:00-00:00,2012-11-17,05,LAPLMG1_7_B2,LAPLMG1_7_B2,LAPLMG1_7_B2,HASP,MCL,LMP_LOSS_PRC,LAPLMG1_7_B2,ALL,1,-0.94838,2,32
2012-11-17T13:15:00-00:00,2012-11-17T13:30:00-00:00,2012-11-17,06,LAPLMG1_7_B2,LAPLMG1_7_B2,LAPLMG1_7_B2,HASP,MCL,LMP_LOSS_PRC,LAPLMG1_7_B2,ALL,1,-0.85552,2,32
2012-11-17T14:15:00-00:00,2012-11-17T14:30:00-00:00,2012-11-17,07,LAPLMG1_7_B2,LAPLMG1_7_B2,LAPLMG1_7_B2,HASP,MCL,LMP_LOSS_PRC,LAPLMG1_7_B2,ALL,1,-0.96012,2,32
2012-11-17T15:15:00-00:00,2012-11-17T15:30:00-00:00,2012-11-17,08,LAPLMG1_7_B2,LAPLMG1_7_B2,LAPLMG1_7_B2,HASP,MCL,LMP_LOSS_PRC,LAPLMG1_7_B2,ALL,1,-1.18436,2,32
2012-11-17T16:15:00-00:00,2012-11-17T16:30:00-00:00,2012-11-17,09,LAPLMG1_7_B2,LAPLMG1_7_B2,LAPLMG1_7_B2,HASP,MCL,LMP_LOSS_PRC,LAPLMG1_7_B2,ALL,1,-1.3385,2,32
2012-11-17T17:15:00-00:00,2012-11-17T17:30:00-00:00,2012-11-17,10,LAPLMG1_7_B2,LAPLMG1_7_B2,LAPLMG1_7_B2,HASP,MCL,LMP_LOSS_PRC,LAPLMG1_7_B2,ALL,1,-1.17772,2,32
2012-11-17T18:15:00-00:00,2012-11-17T18:30:00-00:00,2012-11-17,11,LAPLMG1_7_B2,LAPLMG1_7_B2,LAPLMG1_7_B2,HASP,MCL,LMP_LOSS_PRC,LAPLMG1_7_B2,ALL,1,-1.33583,2,32
2012-11-17T19:15:00-00:00,2012-11-17T19:30:00-00:00,2012-11-17,12,LAPLMG1_7_B2,LAPLMG1_7_B2,LAPLMG1_7_B2,HASP,MCL,LMP_LOSS_PRC,LAPLMG1_7_B2,ALL,1,-1.42726,2,32
2012-11-17T20:15:00-00:00,2012-11-17T20:30:00-00:00,2012-11-17,13,LAPLMG1_7_B2,LAPLMG1_7_B2,LAPLMG1_7_B2,HASP,MCL,LMP_LOSS_PRC,LAPLMG1_7_B2,ALL,1,-1.38503,2,32
2012-11-17T21:15:00-00:00,2012-11-17T21:30:00-00:00,2012-11-17,14,LAPLMG1_7_B2,LAPLMG1_7_B2,LAPLMG1_7_B2,HASP,MCL,LMP_LOSS_PRC,LAPLMG1_7_B2,ALL,1,-1.71574,2,32
2012-11-17T22:15:00-00:00,2012-11-17T22:30:00-00:00,2012-11-17,15,LAPLMG1_7_B2,LAPLMG1_7_B2,LAPLMG1_7_B2,HASP,MCL,LMP_LOSS_PRC,LAPLMG1_7_B2,ALL,1,-1.77789,2,32
2012-11-17T23:15:00-00:00,2012-11-17T23:30:00-00:00,2012-11-17,16,LAPLMG1_7_B2,LAPLMG1_7_B2,LAPLMG1_7_B2,HASP,MCL,LMP_LOSS_PRC,LAPLMG1_7_B2,ALL,1,-1.63151,2,32
2012-11-18T00:15:00-00:00,2012-11-18T00:30:00-00:00,2012-11-17,17,LAPLMG1_7_B2,LAPLMG1_7_B2,LAPLMG1_7_B2,HASP,MCL,LMP_LOSS_PRC,LAPLMG1_7_B2,ALL,1,-1.42364,2,32
2012-11-18T01:15:00-00:00,2012-11-18T01:30:00-00:00,2012-11-17,18,LAPLMG1_7_B2,LAPLMG1_7_B2,LAPLMG1_7_B2,HASP,MCL,LMP_LOSS_PRC,LAPLMG1_7_B2,ALL,1,-2.15341,2,32
2012-11-18T02:15:00-00:00,2012-11-18T02:30:00-00:00,2012-11-17,19,LAPLMG1_7_B2,LAPLMG1_7_B2,LAPLMG1_7_B2,HASP,MCL,LMP_LOSS_PRC,LAPLMG1_7_B2,ALL,1,-1.77506,2,32
2012-11-18T03:15:00-00:00,2012-11-18T03:30:00-00:00,2012-11-17,20,LAPLMG1_7_B2,LAPLMG1_7_B2,LAPLMG1_7_B2,HASP,MCL,LMP_LOSS_PRC,LAPLMG1_7_B2,ALL,1,-1.45937,2,32
2012-11-18T04:15:00-00:00,2012-11-18T04:30:00-00:00,2012-11-17,21,LAPLMG1_7_B2,LAPLMG1_7_B2,LAPLMG1_7_B2,HASP,MCL,LMP_LOSS_PRC,LAPLMG1_7_B2,ALL,1,-1.33974,2,32
2012-11-18T05:15:00-00:00,2012-11-18T05:30:00-00:00,2012-11-17,22,LAPLMG1_7_B2,LAPLMG1_7_B2,LAPLMG1_7_B2,HASP,MCL,LMP_LOSS_PRC,LAPLMG1_7_B2,ALL,1,-1.28478,2,32
2012-11-18T06:15:00-00:00,2012-11-18T06:30:00-00:00,2012-11-17,23,LAPLMG1_7_B2,LAPLMG1_7_B2,LAPLMG1_7_B2,HASP,MCL,LMP_LOSS_PRC,LAPLMG1_7_B2,ALL,1,-1.06168,2,32
2012-11-18T07:15:00-00:00,2012-11-18T07:30:00-00:00,2012-11-17,24,LAPLMG1_7_B2,LAPLMG1_7_B2,LAPLMG1_7_B2,HASP,MCL,LMP_LOSS_PRC,LAPLMG1_7_B2,ALL,1,-1.05597,2,32
2012-11-17T08:30:00-00:00,2012-11-17T08:45:00-00:00,2012-11-17,01,LAPLMG1_7_B2,LAPLMG1_7_B2,LAPLMG1_7_B2,HASP,MCL,LMP_LOSS_PRC,LAPLMG1_7_B2,ALL,1,-0.91791,3,32
2012-11-17T09:30:00-00:00,2012-11-17T09:45:00-00:00,2012-11-17,02,LAPLMG1_7_B2,LAPLMG1_7_B2,LAPLMG1_7_B2,HASP,MCL,LMP_LOSS_PRC,LAPLMG1_7_B2,ALL,1,-0.90141,3,32
2012-11-17T10:30:00-00:00,2012-11-17T10:45:00-00:00,2012-11-17,03,LAPLMG1_7_B2,LAPLMG1_7_B2,LAPLMG1_7_B2,HASP,MCL,LMP_LOSS_PRC,LAPLMG1_7_B2,ALL,1,-0.81451,3,32
2012-11-17T11:30:00-00:00,2012-11-17T11:45:00-00:00,2012-11-17,04,LAPLMG1_7_B2,LAPLMG1_7_B2,LAPLMG1_7_B2,HASP,MCL,LMP_LOSS_PRC,LAPLMG1_7_B2,ALL,1,-0.96796,3,32
2012-11-17T12:30:00-00:00,2012-11-17T12:45:00-00:00,2012-11-17,05,LAPLMG1_7_B2,LAPLMG1_7_B2,LAPLMG1_7_B2,HASP,MCL,LMP_LOSS_PRC,LAPLMG1_7_B2,ALL,1,-1.01489,3,32
2012-11-17T13:30:00-00:00,2012-11-17T13:45:00-00:00,2012-11-17,06,LAPLMG1_7_B2,LAPLMG1_7_B2,LAPLMG1_7_B2,HASP,MCL,LMP_LOSS_PRC,LAPLMG1_7_B2,ALL,1,-0.96391,3,32
2012-11-17T14:30:00-00:00,2012-11-17T14:45:00-00:00,2012-11-17,07,LAPLMG1_7_B2,LAPLMG1_7_B2,LAPLMG1_7_B2,HASP,MCL,LMP_LOSS_PRC,LAPLMG1_7_B2,ALL,1,-0.96942,3,32
2012-11-17T15:30:00-00:00,2012-11-17T15:45:00-00:00,2012-11-17,08,LAPLMG1_7_B2,LAPLMG1_7_B2,LAPLMG1_7_B2,HASP,MCL,LMP_LOSS_PRC,LAPLMG1_7_B2,ALL,1,-1.32653,3,32
2012-11-17T16:30:00-00:00,2012-11-17T16:45:00-00:00,2012-11-17,09,LAPLMG1_7_B2,LAPLMG1_7_B2,LAPLMG1_7_B2,HASP,MCL,LMP_LOSS_PRC,LAPLMG1_7_B2,ALL,1,-1.26326,3,32
2012-11-17T17:30:00-00:00,2012-11-17T17:45:00-00:00,2012-11-17,10,LAPLMG1_7_B2,LAPLMG1_7_B2,LAPLMG1_7_B2,HASP,MCL,LMP_LOSS_PRC,LAPLMG1_7_B2,ALL,1,-1.30918,3,32
2012-11-17T18:30:00-00:00,2012-11-17T18:45:00-00:00,2012-11-17,11,LAPLMG1_7_B2,LAPLMG1_7_B2,LAPLMG1_7_B2,HASP,MCL,LMP_LOSS_PRC,LAPLMG1_7_B2,ALL,1,-1.39369,3,32
2012-11-17T19:30:00-00:00,2012-11-17T19:45:00-00:00,2012-11-17,12,LAPLMG1_7_B2,LAPLMG1_7_B2,LAPLMG1_7_B2,HASP,MCL,LMP_LOSS_PRC,LAPLMG1_7_B2,ALL,1,-1.43528,3,32
2012-11-17T20:30:00-00:00,2012-11-17T20:45:00-00:00,2012-11-17,13,LAPLMG1_7_B2,LAPLMG1_7_B2,LAPLMG1_7_B2,HASP,MCL,LMP_LOSS_PRC,LAPLMG1_7_B2,ALL,1,-1.37918,3,32
2012-11-17T21:30:00-00:00,2012-11-17T21:45:00-00:00,2012-11-17,14,LAPLMG1_7_B2,LAPLMG1_7_B2,LAPLMG1_7_B2,HASP,MCL,LMP_LOSS_PRC,LAPLMG1_7_B2,ALL,1,-1.71592,3,32
2012-11-17T22:30:00-00:00,2012-11-17T22:45:00-00:00,2012-11-17,15,LAPLMG1_7_B2,LAPLMG1_7_B2,LAPLMG1_7_B2,HASP,MCL,LMP_LOSS_PRC,LAPLMG1_7_B2,ALL,1,-1.70951,3,32
2012-11-17T23:30:00-00:00,2012-11-17T23:45:00-00:00,2012-11-17,16,LAPLMG1_7_B2,LAPLMG1_7_B2,LAPLMG1_7_B2,HASP,MCL,LMP_LOSS_PRC,LAPLMG1_7_B2,ALL,1,-1.71246,3,32
2012-11-18T00:30:00-00:00,2012-11-18T00:45:00-00:00,2012-11-17,17,LAPLMG1_7_B2,LAPLMG1_7_B2,LAPLMG1_7_B2,HASP,MCL,LMP_LOSS_PRC,LAPLMG1_7_B2,ALL,1,-1.9146,3,32
2012-11-18T01:30:00-00:00,2012-11-18T01:45:00-00:00,2012-11-17,18,LAPLMG1_7_B2,LAPLMG1_7_B2,LAPLMG1_7_B2,HASP,MCL,LMP_LOSS_PRC,LAPLMG1_7_B2,ALL,1,-2.17945,3,32
2012-11-18T02:30:00-00:00,2012-11-18T02:45:00-00:00,2012-11-17,19,LAPLMG1_7_B2,LAPLMG1_7_B2,LAPLMG1_7_B2,HASP,MCL,LMP_LOSS_PRC,LAPLMG1_7_B2,ALL,1,-1.93099,3,32
2012-11-18T03:30:00-00:00,2012-11-18T03:45:00-00:00,2012-11-17,20,LAPLMG1_7_B2,LAPLMG1_7_B2,LAPLMG1_7_B2,HASP,MCL,LMP_LOSS_PRC,LAPLMG1_7_B2,ALL,1,-1.36287,3,32
2012-11-18T04:30:00-00:00,2012-11-18T04:45:00-00:00,2012-11-17,21,LAPLMG1_7_B2,LAPLMG1_7_B2,LAPLMG1_7_B2,HASP,MCL,LMP_LOSS_PRC,LAPLMG1_7_B2,ALL,1,-1.21015,3,32
2012-11-18T05:30:00-00:00,2012-11-18T05:45:00-00:00,2012-11-17,22,LAPLMG1_7_B2,LAPLMG1_7_B2,LAPLMG1_7_B2,HASP,MCL,LMP_LOSS_PRC,LAPLMG1_7_B2,ALL,1,-1.18051,3,32
2012-11-18T06:30:00-00:00,2012-11-18T06:45:00-00:00,2012-11-17,23,LAPLMG1_7_B2,LAPLMG1_7_B2,LAPLMG1_7_B2,HASP,MCL,LMP_LOSS_PRC,LAPLMG1_7_B2,ALL,1,-1.05944,3,32
2012-11-18T07:30:00-00:00,2012-11-18T07:45:00-00:00,2012-11-17,24,LAPLMG1_7_B2,LAPLMG1_7_B2,LAPLMG1_7_B2,HASP,MCL,LMP_LOSS_PRC,LAPLMG1_7_B2,ALL,1,-0.92769,3,32
2012-11-17T08:45:00-00:00,2012-11-17T09:00:00-00:00,2012-11-17,01,LAPLMG1_7_B2,LAPLMG1_7_B2,LAPLMG1_7_B2,HASP,MCL,LMP_LOSS_PRC,LAPLMG1_7_B2,ALL,1,-0.85569,4,32
2012-11-17T09:45:00-00:00,2012-11-17T10:00:00-00:00,2012-11-17,02,LAPLMG1_7_B2,LAPLMG1_7_B2,LAPLMG1_7_B2,HASP,MCL,LMP_LOSS_PRC,LAPLMG1_7_B2,ALL,1,-0.86558,4,32
2012-11-17T10:45:00-00:00,2012-11-17T11:00:00-00:00,2012-11-17,03,LAPLMG1_7_B2,LAPLMG1_7_B2,LAPLMG1_7_B2,HASP,MCL,LMP_LOSS_PRC,LAPLMG1_7_B2,ALL,1,-0.90578,4,32
2012-11-17T11:45:00-00:00,2012-11-17T12:00:00-00:00,2012-11-17,04,LAPLMG1_7_B2,LAPLMG1_7_B2,LAPLMG1_7_B2,HASP,MCL,LMP_LOSS_PRC,LAPLMG1_7_B2,ALL,1,-1.02137,4,32
2012-11-17T12:45:00-00:00,2012-11-17T13:00:00-00:00,2012-11-17,05,LAPLMG1_7_B2,LAPLMG1_7_B2,LAPLMG1_7_B2,HASP,MCL,LMP_LOSS_PRC,LAPLMG1_7_B2,ALL,1,-0.88011,4,32
2012-11-17T13:45:00-00:00,2012-11-17T14:00:00-00:00,2012-11-17,06,LAPLMG1_7_B2,LAPLMG1_7_B2,LAPLMG1_7_B2,HASP,MCL,LMP_LOSS_PRC,LAPLMG1_7_B2,ALL,1,-1.05795,4,32
2012-11-17T14:45:00-00:00,2012-11-17T15:00:00-00:00,2012-11-17,07,LAPLMG1_7_B2,LAPLMG1_7_B2,LAPLMG1_7_B2,HASP,MCL,LMP_LOSS_PRC,LAPLMG1_7_B2,ALL,1,-1.04938,4,32
2012-11-17T15:45:00-00:00,2012-11-17T16:00:00-00:00,2012-11-17,08,LAPLMG1_7_B2,LAPLMG1_7_B2,LAPLMG1_7_B2,HASP,MCL,LMP_LOSS_PRC,LAPLMG1_7_B2,ALL,1,-1.0666,4,32
2012-11-17T16:45:00-00:00,2012-11-17T17:00:00-00:00,2012-11-17,09,LAPLMG1_7_B2,LAPLMG1_7_B2,LAPLMG1_7_B2,HASP,MCL,LMP_LOSS_PRC,LAPLMG1_7_B2,ALL,1,-1.14414,4,32
2012-11-17T17:45:00-00:00,2012-11-17T18:00:00-00:00,2012-11-17,10,LAPLMG1_7_B2,LAPLMG1_7_B2,LAPLMG1_7_B2,HASP,MCL,LMP_LOSS_PRC,LAPLMG1_7_B2,ALL,1,-1.34296,4,32
2012-11-17T18:45:00-00:00,2012-11-17T19:00:00-00:00,2012-11-17,11,LAPLMG1_7_B2,LAPLMG1_7_B2,LAPLMG1_7_B2,HASP,MCL,LMP_LOSS_PRC,LAPLMG1_7_B2,ALL,1,-1.34066,4,32
2012-11-17T19:45:00-00:00,2012-11-17T20:00:00-00:00,2012-11-17,12,LAPLMG1_7_B2,LAPLMG1_7_B2,LAPLMG1_7_B2,HASP,MCL,LMP_LOSS_PRC,LAPLMG1_7_B2,ALL,1,-1.41725,4,32
2012-11-17T20:45:00-00:00,2012-11-17T21:00:00-00:00,2012-11-17,13,LAPLMG1_7_B2,LAPLMG1_7_B2,LAPLMG1_7_B2,HASP,MCL,LMP_LOSS_PRC,LAPLMG1_7_B2,ALL,1,-1.30065,4,32
2012-11-17T21:45:00-00:00,2012-11-17T22:00:00-00:00,2012-11-17,14,LAPLMG1_7_B2,LAPLMG1_7_B2,LAPLMG1_7_B2,HASP,MCL,LMP_LOSS_PRC,LAPLMG1_7_B2,ALL,1,-1.643,4,32
2012-11-17T22:45:00-00:00,2012-11-17T23:00:00-00:00,2012-11-17,15,LAPLMG1_7_B2,LAPLMG1_7_B2,LAPLMG1_7_B2,HASP,MCL,LMP_LOSS_PRC,LAPLMG1_7_B2,ALL,1,-1.67694,4,32
2012-11-17T23:45:00-00:00,2012-11-18T00:00:00-00:00,2012-11-17,16,LAPLMG1_7_B2,LAPLMG1_7_B2,LAPLMG1_7_B2,HASP,MCL,LMP_LOSS_PRC,LAPLMG1_7_B2,ALL,1,-1.77449,4,32
2012-11-18T00:45:00-00:00,2012-11-18T01:00:00-00:00,2012-11-17,17,LAPLMG1_7_B2,LAPLMG1_7_B2,LAPLMG1_7_B2,HASP,MCL,LMP_LOSS_PRC,LAPLMG1_7_B2,ALL,1,-2.91683,4,32
2012-11-18T01:45:00-00:00,2012-11-18T02:00:00-00:00,2012-11-17,18,LAPLMG1_7_B2,LAPLMG1_7_B2,LAPLMG1_7_B2,HASP,MCL,LMP_LOSS_PRC,LAPLMG1_7_B2,ALL,1,-2.15615,4,32
2012-11-18T02:45:00-00:00,2012-11-18T03:00:00-00:00,2012-11-17,19,LAPLMG1_7_B2,LAPLMG1_7_B2,LAPLMG1_7_B2,HASP,MCL,LMP_LOSS_PRC,LAPLMG1_7_B2,ALL,1,-1.62726,4,32
2012-11-18T03:45:00-00:00,2012-11-18T04:00:00-00:00,2012-11-17,20,LAPLMG1_7_B2,LAPLMG1_7_B2,LAPLMG1_7_B2,HASP,MCL,LMP_LOSS_PRC,LAPLMG1_7_B2,ALL,1,-1.33478,4,32
2012-11-18T04:45:00-00:00,2012-11-18T05:00:00-00:00,2012-11-17,21,LAPLMG1_7_B2,LAPLMG1_7_B2,LAPLMG1_7_B2,HASP,MCL,LMP_LOSS_PRC,LAPLMG1_7_B2,ALL,1,-1.18354,4,32
2012-11-18T05:45:00-00:00,2012-11-18T06:00:00-00:00,2012-11-17,22,LAPLMG1_7_B2,LAPLMG1_7_B2,LAPLMG1_7_B2,HASP,MCL,LMP_LOSS_PRC,LAPLMG1_7_B2,ALL,1,-1.05667,4,32
2012-11-18T06:45:00-00:00,2012-11-18T07:00:00-00:00,2012-11-17,23,LAPLMG1_7_B2,LAPLMG1_7_B2,LAPLMG1_7_B2,HASP,MCL,LMP_LOSS_PRC,LAPLMG1_7_B2,ALL,1,-0.99236,4,32
2012-11-18T07:45:00-00:00,2012-11-18T08:00:00-00:00,2012-11-17,24,LAPLMG1_7_B2,LAPLMG1_7_B2,LAPLMG1_7_B2,HASP,MCL,LMP_LOSS_PRC,LAPLMG1_7_B2,ALL,1,-0.82636,4,32
2012-11-18T08:00:00-00:00,2012-11-18T08:15:00-00:00,2012-11-18,01,LAPLMG1_7_B2,LAPLMG1_7_B2,LAPLMG1_7_B2,HASP,LMP,LMP_PRC,LAPLMG1_7_B2,ALL,1,27.27454,1,33
2012-11-18T09:00:00-00:00,2012-11-18T09:15:00-00:00,2012-11-18,02,LAPLMG1_7_B2,LAPLMG1_7_B2,LAPLMG1_7_B2,HASP,LMP,LMP_PRC,LAPLMG1_7_B2,ALL,1,27.40896,1,33
2012-11-18T10:00:00-00:00,2012-11-18T10:15:00-00:00,2012-11-18,03,LAPLMG1_7_B2,LAPLMG1_7_B2,LAPLMG1_7_B2,HASP,LMP,LMP_PRC,LAPLMG1_7_B2,ALL,1,26.53661,1,33
2012-11-18T11:00:00-00:00,2012-11-18T11:15:00-00:00,2012-11-18,04,LAPLMG1_7_B2,LAPLMG1_7_B2,LAPLMG1_7_B2,HASP,LMP,LMP_PRC,LAPLMG1_7_B2,ALL,1,24.4791,1,33
2012-11-18T12:00:00-00:00,2012-11-18T12:15:00-00:00,2012-11-18,05,LAPLMG1_7_B2,LAPLMG1_7_B2,LAPLMG1_7_B2,HASP,LMP,LMP_PRC,LAPLMG1_7_B2,ALL,1,23.87617,1,33
2012-11-18T13:00:00-00:00,2012-11-18T13:15:00-00:00,2012-11-18,06,LAPLMG1_7_B2,LAPLMG1_7_B2,LAPLMG1_7_B2,HASP,LMP,LMP_PRC,LAPLMG1_7_B2,ALL,1,23.90275,1,33
2012-11-18T14:00:00-00:00,2012-11-18T14:15:00-00:00,2012-11-18,07,LAPLMG1_7_B2,LAPLMG1_7_B2,LAPLMG1_7_B2,HASP,LMP,LMP_PRC,LAPLMG1_7_B2,ALL,1,24.19085,1,33
2012-11-18T15:00:00-00:00,2012-11-18T15:15:00-00:00,2012-11-18,08,LAPLMG1_7_B2,LAPLMG1_7_B2,LAPLMG1_7_B2,HASP,LMP,LMP_PRC,LAPLMG1_7_B2,ALL,1,25.55741,1,33
2012-11-18T16:00:00-00:00,2012-11-18T16:15:00-00:00,2012-11-18,09,LAPLMG1_7_B2,LAPLMG1_7_B2,LAPLMG1_7_B2,HASP,LMP,LMP_PRC,LAPLMG1_7_B2,ALL,1,26.69526,1,33
2012-11-18T17:00:00-00:00,2012-11-18T17:15:00-00:00,2012-11-18,10,LAPLMG1_7_B2,LAPLMG1_7_B2,LAPLMG1_7_B2,HASP,LMP,LMP_PRC,LAPLMG1_7_B2,ALL,1,24.96151,1,33
2012-11-18T18:00:00-00:00,2012-11-18T18:15:00-00:00,2012-11-18,11,LAPLMG1_7_B2,LAPLMG1_7_B2,LAPLMG1_7_B2,HASP,LMP,LMP_PRC,LAPLMG1_7_B2,ALL,1,25.69218,1,33
2012-11-18T19:00:00-00:00,2012-11-18T19:15:00-00:00,2012-11-18,12,LAPLMG1_7_B2,LAPLMG1_7_B2,LAPLMG1_7_B2,HASP,LMP,LMP_PRC,LAPLMG1_7_B2,ALL,1,23.10591,1,33
2012-11-18T20:00:00-00:00,2012-11-18T20:15:00-00:00,2012-11-18,13,LAPLMG1_7_B2,LAPLMG1_7_B2,LAPLMG1_7_B2,HASP,LMP,LMP_PRC,LAPLMG1_7_B2,ALL,1,23.91845,1,33
2012-11-18T21:00:00-00:00,2012-11-18T21:15:00-00:00,2012-11-18,14,LAPLMG1_7_B2,LAPLMG1_7_B2,LAPLMG1_7_B2,HASP,LMP,LMP_PRC,LAPLMG1_7_B2,ALL,1,23.33842,1,33
2012-11-18T22:00:00-00:00,2012-11-18T22:15:00-00:00,2012-11-18,15,LAPLMG1_7_B2,LAPLMG1_7_B2,LAPLMG1_7_B2,HASP,LMP,LMP_PRC,LAPLMG1_7_B2,ALL,1,24.65799,1,33
2012-11-18T23:00:00-00:00,2012-11-18T23:15:00-00:00,2012-11-18,16,LAPLMG1_7_B2,LAPLMG1_7_B2,LAPLMG1_7_B2,HASP,LMP,LMP_PRC,LAPLMG1_7_B2,ALL,1,26.08856,1,33
2012-11-19T00:00:00-00:00,2012-11-19T00:15:00-00:00,2012-11-18,17,LAPLMG1_7_B2,LAPLMG1_7_B2,LAPLMG1_7_B2,HASP,LMP,LMP_PRC,LAPLMG1_7_B2,ALL,1,23.25652,1,33
2012-11-19T01:00:00-00:00,2012-11-19T01:15:00-00:00,2012-11-18,18,LAPLMG1_7_B2,LAPLMG1_7_B2,LAPLMG1_7_B2,HASP,LMP,LMP_PRC,LAPLMG1_7_B2,ALL,1,44.97012,1,33
2012-11-19T02:00:00-00:00,2012-11-19T02:15:00-00:00,2012-11-18,19,LAPLMG1_7_B2,LAPLMG1_7_B2,LAPLMG1_7_B2,HASP,LMP,LMP_PRC,LAPLMG1_7_B2,ALL,1,41.70196,1,33
2012-11-19T03:00:00-00:00,2012-11-19T03:15:00-00:00,2012-11-18,20,LAPLMG1_7_B2,LAPLMG1_7_B2,LAPLMG1_7_B2,HASP,LMP,LMP_PRC,LAPLMG1_7_B2,ALL,1,36.64856,1,33
2012-11-19T04:00:00-00:00,2012-11-19T04:15:00-00:00,2012-11-18,21,LAPLMG1_7_B2,LAPLMG1_7_B2,LAPLMG1_7_B2,HASP,LMP,LMP_PRC,LAPLMG1_7_B2,ALL,1,42.11623,1,33
2012-11-19T05:00:00-00:00,2012-11-19T05:15:00-00:00,2012-11-18,22,LAPLMG1_7_B2,LAPLMG1_7_B2,LAPLMG1_7_B2,HASP,LMP,LMP_PRC,LAPLMG1_7_B2,ALL,1,33.67103,1,33
2012-11-19T06:00:00-00:00,2012-11-19T06:15:00-00:00,2012-11-18,23,LAPLMG1_7_B2,LAPLMG1_7_B2,LAPLMG1_7_B2,HASP,LMP,LMP_PRC,LAPLMG1_7_B2,ALL,1,26.32201,1,33
2012-11-19T07:00:00-00:00,2012-11-19T07:15:00-00:00,2012-11-18,24,LAPLMG1_7_B2,LAPLMG1_7_B2,LAPLMG1_7_B2,HASP,LMP,LMP_PRC,LAPLMG1_7_B2,ALL,1,23.32493,1,33
2012-11-18T08:15:00-00:00,2012-11-18T08:30:00-00:00,2012-11-18,01,LAPLMG1_7_B2,LAPLMG1_7_B2,LAPLMG1_7_B2,HASP,LMP,LMP_PRC,LAPLMG1_7_B2,ALL,1,25.69384,2,33
2012-11-18T09:15:00-00:00,2012-11-18T09:30:00-00:00,2012-11-18,02,LAPLMG1_7_B2,LAPLMG1_7_B2,LAPLMG1_7_B2,HASP,LMP,LMP_PRC,LAPLMG1_7_B2,ALL,1,26.42787,2,33
2012-11-18T10:15:00-00:00,2012-11-18T10:30:00-00:00,2012-11-18,03,LAPLMG1_7_B2,LAPLMG1_7_B2,LAPLMG1_7_B2,HASP,LMP,LMP_PRC,LAPLMG1_7_B2,ALL,1,25.71487,2,33
2012-11-18T11:15:00-00:00,2012-11-18T11:30:00-00:00,2012-11-18,04,LAPLMG1_7_B2,LAPLMG1_7_B2,LAPLMG1_7_B2,HASP,LMP,LMP_PRC,LAPLMG1_7_B2,ALL,1,24.4691,2,33
2012-11-18T12:15:00-00:00,2012-11-18T12:30:00-00:00,2012-11-18,05,LAPLMG1_7_B2,LAPLMG1_7_B2,LAPLMG1_7_B2,HASP,LMP,LMP_PRC,LAPLMG1_7_B2,ALL,1,23.91244,2,33
2012-11-18T13:15:00-00:00,2012-11-18T13:30:00-00:00,2012-11-18,06,LAPLMG1_7_B2,LAPLMG1_7_B2,LAPLMG1_7_B2,HASP,LMP,LMP_PRC,LAPLMG1_7_B2,ALL,1,24.9686,2,33
2012-11-18T14:15:00-00:00,2012-11-18T14:30:00-00:00,2012-11-18,07,LAPLMG1_7_B2,LAPLMG1_7_B2,LAPLMG1_7_B2,HASP,LMP,LMP_PRC,LAPLMG1_7_B2,ALL,1,24.71868,2,33
2012-11-18T15:15:00-00:00,2012-11-18T15:30:00-00:00,2012-11-18,08,LAPLMG1_7_B2,LAPLMG1_7_B2,LAPLMG1_7_B2,HASP,LMP,LMP_PRC,LAPLMG1_7_B2,ALL,1,25.52624,2,33
2012-11-18T16:15:00-00:00,2012-11-18T16:30:00-00:00,2012-11-18,09,LAPLMG1_7_B2,LAPLMG1_7_B2,LAPLMG1_7_B2,HASP,LMP,LMP_PRC,LAPLMG1_7_B2,ALL,1,25.35424,2,33
2012-11-18T17:15:00-00:00,2012-11-18T17:30:00-00:00,2012-11-18,10,LAPLMG1_7_B2,LAPLMG1_7_B2,LAPLMG1_7_B2,HASP,LMP,LMP_PRC,LAPLMG1_7_B2,ALL,1,25.2664,2,33
2012-11-18T18:15:00-00:00,2012-11-18T18:30:00-00:00,2012-11-18,11,LAPLMG1_7_B2,LAPLMG1_7_B2,LAPLMG1_7_B2,HASP,LMP,LMP_PRC,LAPLMG1_7_B2,ALL,1,25.70713,2,33
2012-11-18T19:15:00-00:00,2012-11-18T19:30:00-00:00,2012-11-18,12,LAPLMG1_7_B2,LAPLMG1_7_B2,LAPLMG1_7_B2,HASP,LMP,LMP_PRC,LAPLMG1_7_B2,ALL,1,23.0983,2,33
2012-11-18T20:15:00-00:00,2012-11-18T20:30:00-00:00,2012-11-18,13,LAPLMG1_7_B2,LAPLMG1_7_B2,LAPLMG1_7_B2,HASP,LMP,LMP_PRC,LAPLMG1_7_B2,ALL,1,23.99411,2,33
2012-11-18T21:15:00-00:00,2012-11-18T21:30:00-00:00,2012-11-18,14,LAPLMG1_7_B2,LAPLMG1_7_B2,LAPLMG1_7_B2,HASP,LMP,LMP_PRC,LAPLMG1_7_B2,ALL,1,23.33842,2,33
2012-11-18T22:15:00-00:00,2012-11-18T22:30:00-00:00,2012-11-18,15,LAPLMG1_7_B2,LAPLMG1_7_B2,LAPLMG1_7_B2,HASP,LMP,LMP_PRC,LAPLMG1_7_B2,ALL,1,23.83437,2,33
2012-11-18T23:15:00-00:00,2012-11-18T23:30:00-00:00,2012-11-18,16,LAPLMG1_7_B2,LAPLMG1_7_B2,LAPLMG1_7_B2,HASP,LMP,LMP_PRC,LAPLMG1_7_B2,ALL,1,26.08859,2,33
2012-11-19T00:15:00-00:00,2012-11-19T00:30:00-00:00,2012-11-18,17,LAPLMG1_7_B2,LAPLMG1_7_B2,LAPLMG1_7_B2,HASP,LMP,LMP_PRC,LAPLMG1_7_B2,ALL,1,24.50018,2,33
2012-11-19T01:15:00-00:00,2012-11-19T01:30:00-00:00,2012-11-18,18,LAPLMG1_7_B2,LAPLMG1_7_B2,LAPLMG1_7_B2,HASP,LMP,LMP_PRC,LAPLMG1_7_B2,ALL,1,45.15417,2,33
2012-11-19T02:15:00-00:00,2012-11-19T02:30:00-00:00,2012-11-18,19,LAPLMG1_7_B2,LAPLMG1_7_B2,LAPLMG1_7_B2,HASP,LMP,LMP_PRC,LAPLMG1_7_B2,ALL,1,41.25725,2,33
2012-11-19T03:15:00-00:00,2012-11-19T03:30:00-00:00,2012-11-18,20,LAPLMG1_7_B2,LAPLMG1_7_B2,LAPLMG1_7_B2,HASP,LMP,LMP_PRC,LAPLMG1_7_B2,ALL,1,33.6858,2,33
2012-11-19T04:15:00-00:00,2012-11-19T04:30:00-00:00,2012-11-18,21,LAPLMG1_7_B2,LAPLMG1_7_B2,LAPLMG1_7_B2,HASP,LMP,LMP_PRC,LAPLMG1_7_B2,ALL,1,33.66956,2,33
2012-11-19T05:15:00-00:00,2012-11-19T05:30:00-00:00,2012-11-18,22,LAPLMG1_7_B2,LAPLMG1_7_B2,LAPLMG1_7_B2,HASP,LMP,LMP_PRC,LAPLMG1_7_B2,ALL,1,26.20273,2,33
2012-11-19T06:15:00-00:00,2012-11-19T06:30:00-00:00,2012-11-18,23,LAPLMG1_7_B2,LAPLMG1_7_B2,LAPLMG1_7_B2,HASP,LMP,LMP_PRC,LAPLMG1_7_B2,ALL,1,24.66759,2,33
2012-11-19T07:15:00-00:00,2012-11-19T07:30:00-00:00,2012-11-18,24,LAPLMG1_7_B2,LAPLMG1_7_B2,LAPLMG1_7_B2,HASP,LMP,LMP_PRC,LAPLMG1_7_B2,ALL,1,22.94895,2,33
2012-11-18T08:30:00-00:00,2012-11-18T08:45:00-00:00,2012-11-18,01,LAPLMG1_7_B2,LAPLMG1_7_B2,LAPLMG1_7_B2,HASP,LMP,LMP_PRC,LAPLMG1_7_B2,ALL,1,25.23712,3,33
2012-11-18T09:30:00-00:00,2012-11-18T09:45:00-00:00,2012-11-18,02,LAPLMG1_7_B2,LAPLMG1_7_B2,LAPLMG1_7_B2,HASP,LMP,LMP_PRC,LAPLMG1_7_B2,ALL,1,25.65772,3,33
2012-11-18T10:30:00-00:00,2012-11-18T10:45:00-00:00,2012-11-18,03,LAPLMG1_7_B2,LAPLMG1_7_B2,LAPLMG1_7_B2,HASP,LMP,LMP_PRC,LAPLMG1_7_B2,ALL,1,25.6821,3,33
2012-11-18T11:30:00-00:00,2012-11-18T11:45:00-00:00,2012-11-18,04,LAPLMG1_7_B2,LAPLMG1_7_B2,LAPLMG1_7_B2,HASP,LMP,LMP_PRC,LAPLMG1_7_B2,ALL,1,24.4666,3,33
2012-11-18T12:30:00-00:00,2012-11-18T12:45:00-00:00,2012-11-18,05,LAPLMG1_7_B2,LAPLMG1_7_B2,LAPLMG1_7_B2,HASP,LMP,LMP_PRC,LAPLMG1_7_B2,ALL,1,24.00205,3,33
2012-11-18T13:30:00-00:00,2012-11-18T13:45:00-00:00,2012-11-18,06,LAPLMG1_7_B2,LAPLMG1_7_B2,LAPLMG1_7_B2,HASP,LMP,LMP_PRC,LAPLMG1_7_B2,ALL,1,25.26852,3,33
2012-11-18T14:30:00-00:00,2012-11-18T14:45:00-00:00,2012-11-18,07,LAPLMG1_7_B2,LAPLMG1_7_B2,LAPLMG1_7_B2,HASP,LMP,LMP_PRC,LAPLMG1_7_B2,ALL,1,24.75149,3,33
2012-11-18T15:30:00-00:00,2012-11-18T15:45:00-00:00,2012-11-18,08,LAPLMG1_7_B2,LAPLMG1_7_B2,LAPLMG1_7_B2,HASP,LMP,LMP_PRC,LAPLMG1_7_B2,ALL,1,25.70615,3,33
2012-11-18T16:30:00-00:00,2012-11-18T16:45:00-00:00,2012-11-18,09,LAPLMG1_7_B2,LAPLMG1_7_B2,LAPLMG1_7_B2,HASP,LMP,LMP_PRC,LAPLMG1_7_B2,ALL,1,26.59861,3,33
2012-11-18T17:30:00-00:00,2012-11-18T17:45:00-00:00,2012-11-18,10,LAPLMG1_7_B2,LAPLMG1_7_B2,LAPLMG1_7_B2,HASP,LMP,LMP_PRC,LAPLMG1_7_B2,ALL,1,25.70194,3,33
2012-11-18T18:30:00-00:00,2012-11-18T18:45:00-00:00,2012-11-18,11,LAPLMG1_7_B2,LAPLMG1_7_B2,LAPLMG1_7_B2,HASP,LMP,LMP_PRC,LAPLMG1_7_B2,ALL,1,25.81699,3,33
2012-11-18T19:30:00-00:00,2012-11-18T19:45:00-00:00,2012-11-18,12,LAPLMG1_7_B2,LAPLMG1_7_B2,LAPLMG1_7_B2,HASP,LMP,LMP_PRC,LAPLMG1_7_B2,ALL,1,23.0983,3,33
2012-11-18T20:30:00-00:00,2012-11-18T20:45:00-00:00,2012-11-18,13,LAPLMG1_7_B2,LAPLMG1_7_B2,LAPLMG1_7_B2,HASP,LMP,LMP_PRC,LAPLMG1_7_B2,ALL,1,23.98921,3,33
2012-11-18T21:30:00-00:00,2012-11-18T21:45:00-00:00,2012-11-18,14,LAPLMG1_7_B2,LAPLMG1_7_B2,LAPLMG1_7_B2,HASP,LMP,LMP_PRC,LAPLMG1_7_B2,ALL,1,23.33831,3,33
2012-11-18T22:30:00-00:00,2012-11-18T22:45:00-00:00,2012-11-18,15,LAPLMG1_7_B2,LAPLMG1_7_B2,LAPLMG1_7_B2,HASP,LMP,LMP_PRC,LAPLMG1_7_B2,ALL,1,24.75627,3,33
2012-11-18T23:30:00-00:00,2012-11-18T23:45:00-00:00,2012-11-18,16,LAPLMG1_7_B2,LAPLMG1_7_B2,LAPLMG1_7_B2,HASP,LMP,LMP_PRC,LAPLMG1_7_B2,ALL,1,26.60604,3,33
2012-11-19T00:30:00-00:00,2012-11-19T00:45:00-00:00,2012-11-18,17,LAPLMG1_7_B2,LAPLMG1_7_B2,LAPLMG1_7_B2,HASP,LMP,LMP_PRC,LAPLMG1_7_B2,ALL,1,34.14278,3,33
2012-11-19T01:30:00-00:00,2012-11-19T01:45:00-00:00,2012-11-18,18,LAPLMG1_7_B2,LAPLMG1_7_B2,LAPLMG1_7_B2,HASP,LMP,LMP_PRC,LAPLMG1_7_B2,ALL,1,48.2852,3,33
2012-11-19T02:30:00-00:00,2012-11-19T02:45:00-00:00,2012-11-18,19,LAPLMG1_7_B2,LAPLMG1_7_B2,LAPLMG1_7_B2,HASP,LMP,LMP_PRC,LAPLMG1_7_B2,ALL,1,43.87203,3,33
2012-11-19T03:30:00-00:00,2012-11-19T03:45:00-00:00,2012-11-18,20,LAPLMG1_7_B2,LAPLMG1_7_B2,LAPLMG1_7_B2,HASP,LMP,LMP_PRC,LAPLMG1_7_B2,ALL,1,32.77694,3,33
2012-11-19T04:30:00-00:00,2012-11-19T04:45:00-00:00,2012-11-18,21,LAPLMG1_7_B2,LAPLMG1_7_B2,LAPLMG1_7_B2,HASP,LMP,LMP_PRC,LAPLMG1_7_B2,ALL,1,30.39222,3,33
2012-11-19T05:30:00-00:00,2012-11-19T05:45:00-00:00,2012-11-18,22,LAPLMG1_7_B2,LAPLMG1_7_B2,LAPLMG1_7_B2,HASP,LMP,LMP_PRC,LAPLMG1_7_B2,ALL,1,24.91166,3,33
2012-11-19T06:30:00-00:00,2012-11-19T06:45:00-00:00,2012-11-18,23,LAPLMG1_7_B2,LAPLMG1_7_B2,LAPLMG1_7_B2,HASP,LMP,LMP_PRC,LAPLMG1_7_B2,ALL,1,23.66482,3,33
2012-11-19T07:30:00-00:00,2012-11-19T07:45:00-00:00,2012-11-18,24,LAPLMG1_7_B2,LAPLMG1_7_B2,LAPLMG1_7_B2,HASP,LMP,LMP_PRC,LAPLMG1_7_B2,ALL,1,22.93897,3,33
2012-11-18T08:45:00-00:00,2012-11-18T09:00:00-00:00,2012-11-18,01,LAPLMG1_7_B2,LAPLMG1_7_B2,LAPLMG1_7_B2,HASP,LMP,LMP_PRC,LAPLMG1_7_B2,ALL,1,23.95511,4,33
2012-11-18T09:45:00-00:00,2012-11-18T10:00:00-00:00,2012-11-18,02,LAPLMG1_7_B2,LAPLMG1_7_B2,LAPLMG1_7_B2,HASP,LMP,LMP_PRC,LAPLMG1_7_B2,ALL,1,26.42475,4,33
2012-11-18T10:45:00-00:00,2012-11-18T11:00:00-00:00,2012-11-18,03,LAPLMG1_7_B2,LAPLMG1_7_B2,LAPLMG1_7_B2,HASP,LMP,LMP_PRC,LAPLMG1_7_B2,ALL,1,25.3424,4,33
2012-11-18T11:45:00-00:00,2012-11-18T12:00:00-00:00,2012-11-18,04,LAPLMG1_7_B2,LAPLMG1_7_B2,LAPLMG1_7_B2,HASP,LMP,LMP_PRC,LAPLMG1_7_B2,ALL,1,23.98341,4,33
2012-11-18T12:45:00-00:00,2012-11-18T13:00:00-00:00,2012-11-18,05,LAPLMG1_7_B2,LAPLMG1_7_B2,LAPLMG1_7_B2,HASP,LMP,LMP_PRC,LAPLMG1_7_B2,ALL,1,25.02345,4,33
2012-11-18T13:45:00-00:00,2012-11-18T14:00:00-00:00,2012-11-18,06,LAPLMG1_7_B2,LAPLMG1_7_B2,LAPLMG1_7_B2,HASP,LMP,LMP_PRC,LAPLMG1_7_B2,ALL,1,26.98744,4,33
2012-11-18T14:45:00-00:00,2012-11-18T15:00:00-00:00,2012-11-18,07,LAPLMG1_7_B2,LAPLMG1_7_B2,LAPLMG1_7_B2,HASP,LMP,LMP_PRC,LAPLMG1_7_B2,ALL,1,25.12316,4,33
2012-11-18T15:45:00-00:00,2012-11-18T16:00:00-00:00,2012-11-18,08,LAPLMG1_7_B2,LAPLMG1_7_B2,LAPLMG1_7_B2,HASP,LMP,LMP_PRC,LAPLMG1_7_B2,ALL,1,25.46962,4,33
2012-11-18T16:45:00-00:00,2012-11-18T17:00:00-00:00,2012-11-18,09,LAPLMG1_7_B2,LAPLMG1_7_B2,LAPLMG1_7_B2,HASP,LMP,LMP_PRC,LAPLMG1_7_B2,ALL,1,25.70708,4,33
2012-11-18T17:45:00-00:00,2012-11-18T18:00:00-00:00,2012-11-18,10,LAPLMG1_7_B2,LAPLMG1_7_B2,LAPLMG1_7_B2,HASP,LMP,LMP_PRC,LAPLMG1_7_B2,ALL,1,26.46755,4,33
2012-11-18T18:45:00-00:00,2012-11-18T19:00:00-00:00,2012-11-18,11,LAPLMG1_7_B2,LAPLMG1_7_B2,LAPLMG1_7_B2,HASP,LMP,LMP_PRC,LAPLMG1_7_B2,ALL,1,25.82236,4,33
2012-11-18T19:45:00-00:00,2012-11-18T20:00:00-00:00,2012-11-18,12,LAPLMG1_7_B2,LAPLMG1_7_B2,LAPLMG1_7_B2,HASP,LMP,LMP_PRC,LAPLMG1_7_B2,ALL,1,22.40117,4,33
2012-11-18T20:45:00-00:00,2012-11-18T21:00:00-00:00,2012-11-18,13,LAPLMG1_7_B2,LAPLMG1_7_B2,LAPLMG1_7_B2,HASP,LMP,LMP_PRC,LAPLMG1_7_B2,ALL,1,23.99173,4,33
2012-11-18T21:45:00-00:00,2012-11-18T22:00:00-00:00,2012-11-18,14,LAPLMG1_7_B2,LAPLMG1_7_B2,LAPLMG1_7_B2,HASP,LMP,LMP_PRC,LAPLMG1_7_B2,ALL,1,23.33601,4,33
2012-11-18T22:45:00-00:00,2012-11-18T23:00:00-00:00,2012-11-18,15,LAPLMG1_7_B2,LAPLMG1_7_B2,LAPLMG1_7_B2,HASP,LMP,LMP_PRC,LAPLMG1_7_B2,ALL,1,23.98776,4,33
2012-11-18T23:45:00-00:00,2012-11-19T00:00:00-00:00,2012-11-18,16,LAPLMG1_7_B2,LAPLMG1_7_B2,LAPLMG1_7_B2,HASP,LMP,LMP_PRC,LAPLMG1_7_B2,ALL,1,28.69645,4,33
2012-11-19T00:45:00-00:00,2012-11-19T01:00:00-00:00,2012-11-18,17,LAPLMG1_7_B2,LAPLMG1_7_B2,LAPLMG1_7_B2,HASP,LMP,LMP_PRC,LAPLMG1_7_B2,ALL,1,47.40615,4,33
2012-11-19T01:45:00-00:00,2012-11-19T02:00:00-00:00,2012-11-18,18,LAPLMG1_7_B2,LAPLMG1_7_B2,LAPLMG1_7_B2,HASP,LMP,LMP_PRC,LAPLMG1_7_B2,ALL,1,45.38821,4,33
2012-11-19T02:45:00-00:00,2012-11-19T03:00:00-00:00,2012-11-18,19,LAPLMG1_7_B2,LAPLMG1_7_B2,LAPLMG1_7_B2,HASP,LMP,LMP_PRC,LAPLMG1_7_B2,ALL,1,37.82886,4,33
2012-11-19T03:45:00-00:00,2012-11-19T04:00:00-00:00,2012-11-18,20,LAPLMG1_7_B2,LAPLMG1_7_B2,LAPLMG1_7_B2,HASP,LMP,LMP_PRC,LAPLMG1_7_B2,ALL,1,30.5057,4,33
2012-11-19T04:45:00-00:00,2012-11-19T05:00:00-00:00,2012-11-18,21,LAPLMG1_7_B2,LAPLMG1_7_B2,LAPLMG1_7_B2,HASP,LMP,LMP_PRC,LAPLMG1_7_B2,ALL,1,26.09299,4,33
2012-11-19T05:45:00-00:00,2012-11-19T06:00:00-00:00,2012-11-18,22,LAPLMG1_7_B2,LAPLMG1_7_B2,LAPLMG1_7_B2,HASP,LMP,LMP_PRC,LAPLMG1_7_B2,ALL,1,23.04453,4,33
2012-11-19T06:45:00-00:00,2012-11-19T07:00:00-00:00,2012-11-18,23,LAPLMG1_7_B2,LAPLMG1_7_B2,LAPLMG1_7_B2,HASP,LMP,LMP_PRC,LAPLMG1_7_B2,ALL,1,22.71625,4,33
2012-11-19T07:45:00-00:00,2012-11-19T08:00:00-00:00,2012-11-18,24,LAPLMG1_7_B2,LAPLMG1_7_B2,LAPLMG1_7_B2,HASP,LMP,LMP_PRC,LAPLMG1_7_B2,ALL,1,23.30432,4,33
2012-11-18T08:00:00-00:00,2012-11-18T08:15:00-00:00,2012-11-18,01,LAPLMG1_7_B2,LAPLMG1_7_B2,LAPLMG1_7_B2,HASP,MCC,LMP_CONG_PRC,LAPLMG1_7_B2,ALL,1,-0.04058,1,34
2012-11-18T09:00:00-00:00,2012-11-18T09:15:00-00:00,2012-11-18,02,LAPLMG1_7_B2,LAPLMG1_7_B2,LAPLMG1_7_B2,HASP,MCC,LMP_CONG_PRC,LAPLMG1_7_B2,ALL,1,-0.03812,1,34
2012-11-18T10:00:00-00:00,2012-11-18T10:15:00-00:00,2012-11-18,03,LAPLMG1_7_B2,LAPLMG1_7_B2,LAPLMG1_7_B2,HASP,MCC,LMP_CONG_PRC,LAPLMG1_7_B2,ALL,1,0,1,34
2012-11-18T11:00:00-00:00,2012-11-18T11:15:00-00:00,2012-11-18,04,LAPLMG1_7_B2,LAPLMG1_7_B2,LAPLMG1_7_B2,HASP,MCC,LMP_CONG_PRC,LAPLMG1_7_B2,ALL,1,0,1,34
2012-11-18T12:00:00-00:00,2012-11-18T12:15:00-00:00,2012-11-18,05,LAPLMG1_7_B2,LAPLMG1_7_B2,LAPLMG1_7_B2,HASP,MCC,LMP_CONG_PRC,LAPLMG1_7_B2,ALL,1,0,1,34
2012-11-18T13:00:00-00:00,2012-11-18T13:15:00-00:00,2012-11-18,06,LAPLMG1_7_B2,LAPLMG1_7_B2,LAPLMG1_7_B2,HASP,MCC,LMP_CONG_PRC,LAPLMG1_7_B2,ALL,1,0,1,34
2012-11-18T14:00:00-00:00,2012-11-18T14:15:00-00:00,2012-11-18,07,LAPLMG1_7_B2,LAPLMG1_7_B2,LAPLMG1_7_B2,HASP,MCC,LMP_CONG_PRC,LAPLMG1_7_B2,ALL,1,0,1,34
2012-11-18T15:00:00-00:00,2012-11-18T15:15:00-00:00,2012-11-18,08,LAPLMG1_7_B2,LAPLMG1_7_B2,LAPLMG1_7_B2,HASP,MCC,LMP_CONG_PRC,LAPLMG1_7_B2,ALL,1,0,1,34
2012-11-18T16:00:00-00:00,2012-11-18T16:15:00-00:00,2012-11-18,09,LAPLMG1_7_B2,LAPLMG1_7_B2,LAPLMG1_7_B2,HASP,MCC,LMP_CONG_PRC,LAPLMG1_7_B2,ALL,1,0,1,34
2012-11-18T17:00:00-00:00,2012-11-18T17:15:00-00:00,2012-11-18,10,LAPLMG1_7_B2,LAPLMG1_7_B2,LAPLMG1_7_B2,HASP,MCC,LMP_CONG_PRC,LAPLMG1_7_B2,ALL,1,-0.08748,1,34
2012-11-18T18:00:00-00:00,2012-11-18T18:15:00-00:00,2012-11-18,11,LAPLMG1_7_B2,LAPLMG1_7_B2,LAPLMG1_7_B2,HASP,MCC,LMP_CONG_PRC,LAPLMG1_7_B2,ALL,1,-0.07022,1,34
2012-11-18T19:00:00-00:00,2012-11-18T19:15:00-00:00,2012-11-18,12,LAPLMG1_7_B2,LAPLMG1_7_B2,LAPLMG1_7_B2,HASP,MCC,LMP_CONG_PRC,LAPLMG1_7_B2,ALL,1,-0.12782,1,34
2012-11-18T20:00:00-00:00,2012-11-18T20:15:00-00:00,2012-11-18,13,LAPLMG1_7_B2,LAPLMG1_7_B2,LAPLMG1_7_B2,HASP,MCC,LMP_CONG_PRC,LAPLMG1_7_B2,ALL,1,-0.10846,1,34
2012-11-18T21:00:00-00:00,2012-11-18T21:15:00-00:00,2012-11-18,14,LAPLMG1_7_B2,LAPLMG1_7_B2,LAPLMG1_7_B2,HASP,MCC,LMP_CONG_PRC,LAPLMG1_7_B2,ALL,1,-0.11964,1,34
2012-11-18T22:00:00-00:00,2012-11-18T22:15:00-00:00,2012-11-18,15,LAPLMG1_7_B2,LAPLMG1_7_B2,LAPLMG1_7_B2,HASP,MCC,LMP_CONG_PRC,LAPLMG1_7_B2,ALL,1,-0.08549,1,34
2012-11-18T23:00:00-00:00,2012-11-18T23:15:00-00:00,2012-11-18,16,LAPLMG1_7_B2,LAPLMG1_7_B2,LAPLMG1_7_B2,HASP,MCC,LMP_CONG_PRC,LAPLMG1_7_B2,ALL,1,-0.05737,1,34
2012-11-19T00:00:00-00:00,2012-11-19T00:15:00-00:00,2012-11-18,17,LAPLMG1_7_B2,LAPLMG1_7_B2,LAPLMG1_7_B2,HASP,MCC,LMP_CONG_PRC,LAPLMG1_7_B2,ALL,1,-0.11755,1,34
2012-11-19T01:00:00-00:00,2012-11-19T01:15:00-00:00,2012-11-18,18,LAPLMG1_7_B2,LAPLMG1_7_B2,LAPLMG1_7_B2,HASP,MCC,LMP_CONG_PRC,LAPLMG1_7_B2,ALL,1,0.49048,1,34
2012-11-19T02:00:00-00:00,2012-11-19T02:15:00-00:00,2012-11-18,19,LAPLMG1_7_B2,LAPLMG1_7_B2,LAPLMG1_7_B2,HASP,MCC,LMP_CONG_PRC,LAPLMG1_7_B2,ALL,1,0.36214,1,34
2012-11-19T03:00:00-00:00,2012-11-19T03:15:00-00:00,2012-11-18,20,LAPLMG1_7_B2,LAPLMG1_7_B2,LAPLMG1_7_B2,HASP,MCC,LMP_CONG_PRC,LAPLMG1_7_B2,ALL,1,0.13479,1,34
2012-11-19T04:00:00-00:00,2012-11-19T04:15:00-00:00,2012-11-18,21,LAPLMG1_7_B2,LAPLMG1_7_B2,LAPLMG1_7_B2,HASP,MCC,LMP_CONG_PRC,LAPLMG1_7_B2,ALL,1,0.25203,1,34
2012-11-19T05:00:00-00:00,2012-11-19T05:15:00-00:00,2012-11-18,22,LAPLMG1_7_B2,LAPLMG1_7_B2,LAPLMG1_7_B2,HASP,MCC,LMP_CONG_PRC,LAPLMG1_7_B2,ALL,1,0.0776,1,34
2012-11-19T06:00:00-00:00,2012-11-19T06:15:00-00:00,2012-11-18,23,LAPLMG1_7_B2,LAPLMG1_7_B2,LAPLMG1_7_B2,HASP,MCC,LMP_CONG_PRC,LAPLMG1_7_B2,ALL,1,-0.05705,1,34
2012-11-19T07:00:00-00:00,2012-11-19T07:15:00-00:00,2012-11-18,24,LAPLMG1_7_B2,LAPLMG1_7_B2,LAPLMG1_7_B2,HASP,MCC,LMP_CONG_PRC,LAPLMG1_7_B2,ALL,1,-0.1285,1,34
2012-11-18T08:15:00-00:00,2012-11-18T08:30:00-00:00,2012-11-18,01,LAPLMG1_7_B2,LAPLMG1_7_B2,LAPLMG1_7_B2,HASP,MCC,LMP_CONG_PRC,LAPLMG1_7_B2,ALL,1,-0.0752,2,34
2012-11-18T09:15:00-00:00,2012-11-18T09:30:00-00:00,2012-11-18,02,LAPLMG1_7_B2,LAPLMG1_7_B2,LAPLMG1_7_B2,HASP,MCC,LMP_CONG_PRC,LAPLMG1_7_B2,ALL,1,-0.0597,2,34
2012-11-18T10:15:00-00:00,2012-11-18T10:30:00-00:00,2012-11-18,03,LAPLMG1_7_B2,LAPLMG1_7_B2,LAPLMG1_7_B2,HASP,MCC,LMP_CONG_PRC,LAPLMG1_7_B2,ALL,1,0,2,34
2012-11-18T11:15:00-00:00,2012-11-18T11:30:00-00:00,2012-11-18,04,LAPLMG1_7_B2,LAPLMG1_7_B2,LAPLMG1_7_B2,HASP,MCC,LMP_CONG_PRC,LAPLMG1_7_B2,ALL,1,0,2,34
2012-11-18T12:15:00-00:00,2012-11-18T12:30:00-00:00,2012-11-18,05,LAPLMG1_7_B2,LAPLMG1_7_B2,LAPLMG1_7_B2,HASP,MCC,LMP_CONG_PRC,LAPLMG1_7_B2,ALL,1,0,2,34
2012-11-18T13:15:00-00:00,2012-11-18T13:30:00-00:00,2012-11-18,06,LAPLMG1_7_B2,LAPLMG1_7_B2,LAPLMG1_7_B2,HASP,MCC,LMP_CONG_PRC,LAPLMG1_7_B2,ALL,1,0,2,34
2012-11-18T14:15:00-00:00,2012-11-18T14:30:00-00:00,2012-11-18,07,LAPLMG1_7_B2,LAPLMG1_7_B2,LAPLMG1_7_B2,HASP,MCC,LMP_CONG_PRC,LAPLMG1_7_B2,ALL,1,0,2,34
2012-11-18T15:15:00-00:00,2012-11-18T15:30:00-00:00,2012-11-18,08,LAPLMG1_7_B2,LAPLMG1_7_B2,LAPLMG1_7_B2,HASP,MCC,LMP_CONG_PRC,LAPLMG1_7_B2,ALL,1,0,2,34
2012-11-18T16:15:00-00:00,2012-11-18T16:30:00-00:00,2012-11-18,09,LAPLMG1_7_B2,LAPLMG1_7_B2,LAPLMG1_7_B2,HASP,MCC,LMP_CONG_PRC,LAPLMG1_7_B2,ALL,1,0,2,34
2012-11-18T17:15:00-00:00,2012-11-18T17:30:00-00:00,2012-11-18,10,LAPLMG1_7_B2,LAPLMG1_7_B2,LAPLMG1_7_B2,HASP,MCC,LMP_CONG_PRC,LAPLMG1_7_B2,ALL,1,-0.08109,2,34
2012-11-18T18:15:00-00:00,2012-11-18T18:30:00-00:00,2012-11-18,11,LAPLMG1_7_B2,LAPLMG1_7_B2,LAPLMG1_7_B2,HASP,MCC,LMP_CONG_PRC,LAPLMG1_7_B2,ALL,1,-0.06909,2,34
2012-11-18T19:15:00-00:00,2012-11-18T19:30:00-00:00,2012-11-18,12,LAPLMG1_7_B2,LAPLMG1_7_B2,LAPLMG1_7_B2,HASP,MCC,LMP_CONG_PRC,LAPLMG1_7_B2,ALL,1,-0.12762,2,34
2012-11-18T20:15:00-00:00,2012-11-18T20:30:00-00:00,2012-11-18,13,LAPLMG1_7_B2,LAPLMG1_7_B2,LAPLMG1_7_B2,HASP,MCC,LMP_CONG_PRC,LAPLMG1_7_B2,ALL,1,-0.10698,2,34
2012-11-18T21:15:00-00:00,2012-11-18T21:30:00-00:00,2012-11-18,14,LAPLMG1_7_B2,LAPLMG1_7_B2,LAPLMG1_7_B2,HASP,MCC,LMP_CONG_PRC,LAPLMG1_7_B2,ALL,1,-0.11949,2,34
2012-11-18T22:15:00-00:00,2012-11-18T22:30:00-00:00,2012-11-18,15,LAPLMG1_7_B2,LAPLMG1_7_B2,LAPLMG1_7_B2,HASP,MCC,LMP_CONG_PRC,LAPLMG1_7_B2,ALL,1,-0.1072,2,34
2012-11-18T23:15:00-00:00,2012-11-18T23:30:00-00:00,2012-11-18,16,LAPLMG1_7_B2,LAPLMG1_7_B2,LAPLMG1_7_B2,HASP,MCC,LMP_CONG_PRC,LAPLMG1_7_B2,ALL,1,-0.05459,2,34
2012-11-19T00:15:00-00:00,2012-11-19T00:30:00-00:00,2012-11-18,17,LAPLMG1_7_B2,LAPLMG1_7_B2,LAPLMG1_7_B2,HASP,MCC,LMP_CONG_PRC,LAPLMG1_7_B2,ALL,1,-0.09069,2,34
2012-11-19T01:15:00-00:00,2012-11-19T01:30:00-00:00,2012-11-18,18,LAPLMG1_7_B2,LAPLMG1_7_B2,LAPLMG1_7_B2,HASP,MCC,LMP_CONG_PRC,LAPLMG1_7_B2,ALL,1,0.48663,2,34
2012-11-19T02:15:00-00:00,2012-11-19T02:30:00-00:00,2012-11-18,19,LAPLMG1_7_B2,LAPLMG1_7_B2,LAPLMG1_7_B2,HASP,MCC,LMP_CONG_PRC,LAPLMG1_7_B2,ALL,1,0.41921,2,34
2012-11-19T03:15:00-00:00,2012-11-19T03:30:00-00:00,2012-11-18,20,LAPLMG1_7_B2,LAPLMG1_7_B2,LAPLMG1_7_B2,HASP,MCC,LMP_CONG_PRC,LAPLMG1_7_B2,ALL,1,0.06946,2,34
2012-11-19T04:15:00-00:00,2012-11-19T04:30:00-00:00,2012-11-18,21,LAPLMG1_7_B2,LAPLMG1_7_B2,LAPLMG1_7_B2,HASP,MCC,LMP_CONG_PRC,LAPLMG1_7_B2,ALL,1,0.06737,2,34
2012-11-19T05:15:00-00:00,2012-11-19T05:30:00-00:00,2012-11-18,22,LAPLMG1_7_B2,LAPLMG1_7_B2,LAPLMG1_7_B2,HASP,MCC,LMP_CONG_PRC,LAPLMG1_7_B2,ALL,1,0,2,34
2012-11-19T06:15:00-00:00,2012-11-19T06:30:00-00:00,2012-11-18,23,LAPLMG1_7_B2,LAPLMG1_7_B2,LAPLMG1_7_B2,HASP,MCC,LMP_CONG_PRC,LAPLMG1_7_B2,ALL,1,-0.09538,2,34
2012-11-19T07:15:00-00:00,2012-11-19T07:30:00-00:00,2012-11-18,24,LAPLMG1_7_B2,LAPLMG1_7_B2,LAPLMG1_7_B2,HASP,MCC,LMP_CONG_PRC,LAPLMG1_7_B2,ALL,1,-0.13848,2,34
2012-11-18T08:30:00-00:00,2012-11-18T08:45:00-00:00,2012-11-18,01,LAPLMG1_7_B2,LAPLMG1_7_B2,LAPLMG1_7_B2,HASP,MCC,LMP_CONG_PRC,LAPLMG1_7_B2,ALL,1,-0.08575,3,34
2012-11-18T09:30:00-00:00,2012-11-18T09:45:00-00:00,2012-11-18,02,LAPLMG1_7_B2,LAPLMG1_7_B2,LAPLMG1_7_B2,HASP,MCC,LMP_CONG_PRC,LAPLMG1_7_B2,ALL,1,-0.07715,3,34
2012-11-18T10:30:00-00:00,2012-11-18T10:45:00-00:00,2012-11-18,03,LAPLMG1_7_B2,LAPLMG1_7_B2,LAPLMG1_7_B2,HASP,MCC,LMP_CONG_PRC,LAPLMG1_7_B2,ALL,1,0,3,34
2012-11-18T11:30:00-00:00,2012-11-18T11:45:00-00:00,2012-11-18,04,LAPLMG1_7_B2,LAPLMG1_7_B2,LAPLMG1_7_B2,HASP,MCC,LMP_CONG_PRC,LAPLMG1_7_B2,ALL,1,0,3,34
2012-11-18T12:30:00-00:00,2012-11-18T12:45:00-00:00,2012-11-18,05,LAPLMG1_7_B2,LAPLMG1_7_B2,LAPLMG1_7_B2,HASP,MCC,LMP_CONG_PRC,LAPLMG1_7_B2,ALL,1,0,3,34
2012-11-18T13:30:00-00:00,2012-11-18T13:45:00-00:00,2012-11-18,06,LAPLMG1_7_B2,LAPLMG1_7_B2,LAPLMG1_7_B2,HASP,MCC,LMP_CONG_PRC,LAPLMG1_7_B2,ALL,1,0,3,34
2012-11-18T14:30:00-00:00,2012-11-18T14:45:00-00:00,2012-11-18,07,LAPLMG1_7_B2,LAPLMG1_7_B2,LAPLMG1_7_B2,HASP,MCC,LMP_CONG_PRC,LAPLMG1_7_B2,ALL,1,0,3,34
2012-11-18T15:30:00-00:00,2012-11-18T15:45:00-00:00,2012-11-18,08,LAPLMG1_7_B2,LAPLMG1_7_B2,LAPLMG1_7_B2,HASP,MCC,LMP_CONG_PRC,LAPLMG1_7_B2,ALL,1,0,3,34
2012-11-18T16:30:00-00:00,2012-11-18T16:45:00-00:00,2012-11-18,09,LAPLMG1_7_B2,LAPLMG1_7_B2,LAPLMG1_7_B2,HASP,MCC,LMP_CONG_PRC,LAPLMG1_7_B2,ALL,1,0,3,34
2012-11-18T17:30:00-00:00,2012-11-18T17:45:00-00:00,2012-11-18,10,LAPLMG1_7_B2,LAPLMG1_7_B2,LAPLMG1_7_B2,HASP,MCC,LMP_CONG_PRC,LAPLMG1_7_B2,ALL,1,-0.07157,3,34
2012-11-18T18:30:00-00:00,2012-11-18T18:45:00-00:00,2012-11-18,11,LAPLMG1_7_B2,LAPLMG1_7_B2,LAPLMG1_7_B2,HASP,MCC,LMP_CONG_PRC,LAPLMG1_7_B2,ALL,1,-0.0664,3,34
2012-11-18T19:30:00-00:00,2012-11-18T19:45:00-00:00,2012-11-18,12,LAPLMG1_7_B2,LAPLMG1_7_B2,LAPLMG1_7_B2,HASP,MCC,LMP_CONG_PRC,LAPLMG1_7_B2,ALL,1,-0.12752,3,34
2012-11-18T20:30:00-00:00,2012-11-18T20:45:00-00:00,2012-11-18,13,LAPLMG1_7_B2,LAPLMG1_7_B2,LAPLMG1_7_B2,HASP,MCC,LMP_CONG_PRC,LAPLMG1_7_B2,ALL,1,-0.10703,3,34
2012-11-18T21:30:00-00:00,2012-11-18T21:45:00-00:00,2012-11-18,14,LAPLMG1_7_B2,LAPLMG1_7_B2,LAPLMG1_7_B2,HASP,MCC,LMP_CONG_PRC,LAPLMG1_7_B2,ALL,1,-0.11907,3,34
2012-11-18T22:30:00-00:00,2012-11-18T22:45:00-00:00,2012-11-18,15,LAPLMG1_7_B2,LAPLMG1_7_B2,LAPLMG1_7_B2,HASP,MCC,LMP_CONG_PRC,LAPLMG1_7_B2,ALL,1,-0.08714,3,34
2012-11-18T23:30:00-00:00,2012-11-18T23:45:00-00:00,2012-11-18,16,LAPLMG1_7_B2,LAPLMG1_7_B2,LAPLMG1_7_B2,HASP,MCC,LMP_CONG_PRC,LAPLMG1_7_B2,ALL,1,-0.04345,3,34
2012-11-19T00:30:00-00:00,2012-11-19T00:45:00-00:00,2012-11-18,17,LAPLMG1_7_B2,LAPLMG1_7_B2,LAPLMG1_7_B2,HASP,MCC,LMP_CONG_PRC,LAPLMG1_7_B2,ALL,1,0.10348,3,34
2012-11-19T01:30:00-00:00,2012-11-19T01:45:00-00:00,2012-11-18,18,LAPLMG1_7_B2,LAPLMG1_7_B2,LAPLMG1_7_B2,HASP,MCC,LMP_CONG_PRC,LAPLMG1_7_B2,ALL,1,0.48182,3,34
2012-11-19T02:30:00-00:00,2012-11-19T02:45:00-00:00,2012-11-18,19,LAPLMG1_7_B2,LAPLMG1_7_B2,LAPLMG1_7_B2,HASP,MCC,LMP_CONG_PRC,LAPLMG1_7_B2,ALL,1,0.47269,3,34
2012-11-19T03:30:00-00:00,2012-11-19T03:45:00-00:00,2012-11-18,20,LAPLMG1_7_B2,LAPLMG1_7_B2,LAPLMG1_7_B2,HASP,MCC,LMP_CONG_PRC,LAPLMG1_7_B2,ALL,1,0.04998,3,34
2012-11-19T04:30:00-00:00,2012-11-19T04:45:00-00:00,2012-11-18,21,LAPLMG1_7_B2,LAPLMG1_7_B2,LAPLMG1_7_B2,HASP,MCC,LMP_CONG_PRC,LAPLMG1_7_B2,ALL,1,0,3,34
2012-11-19T05:30:00-00:00,2012-11-19T05:45:00-00:00,2012-11-18,22,LAPLMG1_7_B2,LAPLMG1_7_B2,LAPLMG1_7_B2,HASP,MCC,LMP_CONG_PRC,LAPLMG1_7_B2,ALL,1,0,3,34
2012-11-19T06:30:00-00:00,2012-11-19T06:45:00-00:00,2012-11-18,23,LAPLMG1_7_B2,LAPLMG1_7_B2,LAPLMG1_7_B2,HASP,MCC,LMP_CONG_PRC,LAPLMG1_7_B2,ALL,1,-0.11948,3,34
2012-11-19T07:30:00-00:00,2012-11-19T07:45:00-00:00,2012-11-18,24,LAPLMG1_7_B2,LAPLMG1_7_B2,LAPLMG1_7_B2,HASP,MCC,LMP_CONG_PRC,LAPLMG1_7_B2,ALL,1,-0.13934,3,34
2012-11-18T08:45:00-00:00,2012-11-18T09:00:00-00:00,2012-11-18,01,LAPLMG1_7_B2,LAPLMG1_7_B2,LAPLMG1_7_B2,HASP,MCC,LMP_CONG_PRC,LAPLMG1_7_B2,ALL,1,-0.11392,4,34
2012-11-18T09:45:00-00:00,2012-11-18T10:00:00-00:00,2012-11-18,02,LAPLMG1_7_B2,LAPLMG1_7_B2,LAPLMG1_7_B2,HASP,MCC,LMP_CONG_PRC,LAPLMG1_7_B2,ALL,1,-0.06072,4,34
2012-11-18T10:45:00-00:00,2012-11-18T11:00:00-00:00,2012-11-18,03,LAPLMG1_7_B2,LAPLMG1_7_B2,LAPLMG1_7_B2,HASP,MCC,LMP_CONG_PRC,LAPLMG1_7_B2,ALL,1,0,4,34
2012-11-18T11:45:00-00:00,2012-11-18T12:00:00-00:00,2012-11-18,04,LAPLMG1_7_B2,LAPLMG1_7_B2,LAPLMG1_7_B2,HASP,MCC,LMP_CONG_PRC,LAPLMG1_7_B2,ALL,1,0,4,34
2012-11-18T12:45:00-00:00,2012-11-18T13:00:00-00:00,2012-11-18,05,LAPLMG1_7_B2,LAPLMG1_7_B2,LAPLMG1_7_B2,HASP,MCC,LMP_CONG_PRC,LAPLMG1_7_B2,ALL,1,0,4,34
2012-11-18T13:45:00-00:00,2012-11-18T14:00:00-00:00,2012-11-18,06,LAPLMG1_7_B2,LAPLMG1_7_B2,LAPLMG1_7_B2,HASP,MCC,LMP_CONG_PRC,LAPLMG1_7_B2,ALL,1,0,4,34
2012-11-18T14:45:00-00:00,2012-11-18T15:00:00-00:00,2012-11-18,07,LAPLMG1_7_B2,LAPLMG1_7_B2,LAPLMG1_7_B2,HASP,MCC,LMP_CONG_PRC,LAPLMG1_7_B2,ALL,1,0,4,34
2012-11-18T15:45:00-00:00,2012-11-18T16:00:00-00:00,2012-11-18,08,LAPLMG1_7_B2,LAPLMG1_7_B2,LAPLMG1_7_B2,HASP,MCC,LMP_CONG_PRC,LAPLMG1_7_B2,ALL,1,0,4,34
2012-11-18T16:45:00-00:00,2012-11-18T17:00:00-00:00,2012-11-18,09,LAPLMG1_7_B2,LAPLMG1_7_B2,LAPLMG1_7_B2,HASP,MCC,LMP_CONG_PRC,LAPLMG1_7_B2,ALL,1,0,4,34
2012-11-18T17:45:00-00:00,2012-11-18T18:00:00-00:00,2012-11-18,10,LAPLMG1_7_B2,LAPLMG1_7_B2,LAPLMG1_7_B2,HASP,MCC,LMP_CONG_PRC,LAPLMG1_7_B2,ALL,1,-0.05415,4,34
2012-11-18T18:45:00-00:00,2012-11-18T19:00:00-00:00,2012-11-18,11,LAPLMG1_7_B2,LAPLMG1_7_B2,LAPLMG1_7_B2,HASP,MCC,LMP_CONG_PRC,LAPLMG1_7_B2,ALL,1,-0.06601,4,34
2012-11-18T19:45:00-00:00,2012-11-18T20:00:00-00:00,2012-11-18,12,LAPLMG1_7_B2,LAPLMG1_7_B2,LAPLMG1_7_B2,HASP,MCC,LMP_CONG_PRC,LAPLMG1_7_B2,ALL,1,-0.14333,4,34
2012-11-18T20:45:00-00:00,2012-11-18T21:00:00-00:00,2012-11-18,13,LAPLMG1_7_B2,LAPLMG1_7_B2,LAPLMG1_7_B2,HASP,MCC,LMP_CONG_PRC,LAPLMG1_7_B2,ALL,1,-0.10693,4,34
2012-11-18T21:45:00-00:00,2012-11-18T22:00:00-00:00,2012-11-18,14,LAPLMG1_7_B2,LAPLMG1_7_B2,LAPLMG1_7_B2,HASP,MCC,LMP_CONG_PRC,LAPLMG1_7_B2,ALL,1,-0.11903,4,34
2012-11-18T22:45:00-00:00,2012-11-18T23:00:00-00:00,2012-11-18,15,LAPLMG1_7_B2,LAPLMG1_7_B2,LAPLMG1_7_B2,HASP,MCC,LMP_CONG_PRC,LAPLMG1_7_B2,ALL,1,-0.10412,4,34
2012-11-18T23:45:00-00:00,2012-11-19T00:00:00-00:00,2012-11-18,16,LAPLMG1_7_B2,LAPLMG1_7_B2,LAPLMG1_7_B2,HASP,MCC,LMP_CONG_PRC,LAPLMG1_7_B2,ALL,1,0,4,34
2012-11-19T00:45:00-00:00,2012-11-19T01:00:00-00:00,2012-11-18,17,LAPLMG1_7_B2,LAPLMG1_7_B2,LAPLMG1_7_B2,HASP,MCC,LMP_CONG_PRC,LAPLMG1_7_B2,ALL,1,0,4,34
2012-11-19T01:45:00-00:00,2012-11-19T02:00:00-00:00,2012-11-18,18,LAPLMG1_7_B2,LAPLMG1_7_B2,LAPLMG1_7_B2,HASP,MCC,LMP_CONG_PRC,LAPLMG1_7_B2,ALL,1,0.50947,4,34
2012-11-19T02:45:00-00:00,2012-11-19T03:00:00-00:00,2012-11-18,19,LAPLMG1_7_B2,LAPLMG1_7_B2,LAPLMG1_7_B2,HASP,MCC,LMP_CONG_PRC,LAPLMG1_7_B2,ALL,1,0.34773,4,34
2012-11-19T03:45:00-00:00,2012-11-19T04:00:00-00:00,2012-11-18,20,LAPLMG1_7_B2,LAPLMG1_7_B2,LAPLMG1_7_B2,HASP,MCC,LMP_CONG_PRC,LAPLMG1_7_B2,ALL,1,0.00368,4,34
2012-11-19T04:45:00-00:00,2012-11-19T05:00:00-00:00,2012-11-18,21,LAPLMG1_7_B2,LAPLMG1_7_B2,LAPLMG1_7_B2,HASP,MCC,LMP_CONG_PRC,LAPLMG1_7_B2,ALL,1,0,4,34
2012-11-19T05:45:00-00:00,2012-11-19T06:00:00-00:00,2012-11-18,22,LAPLMG1_7_B2,LAPLMG1_7_B2,LAPLMG1_7_B2,HASP,MCC,LMP_CONG_PRC,LAPLMG1_7_B2,ALL,1,0,4,34
2012-11-19T06:45:00-00:00,2012-11-19T07:00:00-00:00,2012-11-18,23,LAPLMG1_7_B2,LAPLMG1_7_B2,LAPLMG1_7_B2,HASP,MCC,LMP_CONG_PRC,LAPLMG1_7_B2,ALL,1,-0.14318,4,34
2012-11-19T07:45:00-00:00,2012-11-19T08:00:00-00:00,2012-11-18,24,LAPLMG1_7_B2,LAPLMG1_7_B2,LAPLMG1_7_B2,HASP,MCC,LMP_CONG_PRC,LAPLMG1_7_B2,ALL,1,-0.13157,4,34
2012-11-18T08:00:00-00:00,2012-11-18T08:15:00-00:00,2012-11-18,01,LAPLMG1_7_B2,LAPLMG1_7_B2,LAPLMG1_7_B2,HASP,MCE,LMP_ENE_PRC,LAPLMG1_7_B2,ALL,1,28.33813,1,35
2012-11-18T09:00:00-00:00,2012-11-18T09:15:00-00:00,2012-11-18,02,LAPLMG1_7_B2,LAPLMG1_7_B2,LAPLMG1_7_B2,HASP,MCE,LMP_ENE_PRC,LAPLMG1_7_B2,ALL,1,28.44847,1,35
2012-11-18T10:00:00-00:00,2012-11-18T10:15:00-00:00,2012-11-18,03,LAPLMG1_7_B2,LAPLMG1_7_B2,LAPLMG1_7_B2,HASP,MCE,LMP_ENE_PRC,LAPLMG1_7_B2,ALL,1,27.54189,1,35
2012-11-18T11:00:00-00:00,2012-11-18T11:15:00-00:00,2012-11-18,04,LAPLMG1_7_B2,LAPLMG1_7_B2,LAPLMG1_7_B2,HASP,MCE,LMP_ENE_PRC,LAPLMG1_7_B2,ALL,1,25.4038,1,35
2012-11-18T12:00:00-00:00,2012-11-18T12:15:00-00:00,2012-11-18,05,LAPLMG1_7_B2,LAPLMG1_7_B2,LAPLMG1_7_B2,HASP,MCE,LMP_ENE_PRC,LAPLMG1_7_B2,ALL,1,24.81415,1,35
2012-11-18T13:00:00-00:00,2012-11-18T13:15:00-00:00,2012-11-18,06,LAPLMG1_7_B2,LAPLMG1_7_B2,LAPLMG1_7_B2,HASP,MCE,LMP_ENE_PRC,LAPLMG1_7_B2,ALL,1,24.8366,1,35
2012-11-18T14:00:00-00:00,2012-11-18T14:15:00-00:00,2012-11-18,07,LAPLMG1_7_B2,LAPLMG1_7_B2,LAPLMG1_7_B2,HASP,MCE,LMP_ENE_PRC,LAPLMG1_7_B2,ALL,1,25.11248,1,35
2012-11-18T15:00:00-00:00,2012-11-18T15:15:00-00:00,2012-11-18,08,LAPLMG1_7_B2,LAPLMG1_7_B2,LAPLMG1_7_B2,HASP,MCE,LMP_ENE_PRC,LAPLMG1_7_B2,ALL,1,26.56695,1,35
2012-11-18T16:00:00-00:00,2012-11-18T16:15:00-00:00,2012-11-18,09,LAPLMG1_7_B2,LAPLMG1_7_B2,LAPLMG1_7_B2,HASP,MCE,LMP_ENE_PRC,LAPLMG1_7_B2,ALL,1,27.83946,1,35
2012-11-18T17:00:00-00:00,2012-11-18T17:15:00-00:00,2012-11-18,10,LAPLMG1_7_B2,LAPLMG1_7_B2,LAPLMG1_7_B2,HASP,MCE,LMP_ENE_PRC,LAPLMG1_7_B2,ALL,1,26.16355,1,35
2012-11-18T18:00:00-00:00,2012-11-18T18:15:00-00:00,2012-11-18,11,LAPLMG1_7_B2,LAPLMG1_7_B2,LAPLMG1_7_B2,HASP,MCE,LMP_ENE_PRC,LAPLMG1_7_B2,ALL,1,26.93685,1,35
2012-11-18T19:00:00-00:00,2012-11-18T19:15:00-00:00,2012-11-18,12,LAPLMG1_7_B2,LAPLMG1_7_B2,LAPLMG1_7_B2,HASP,MCE,LMP_ENE_PRC,LAPLMG1_7_B2,ALL,1,24.2929,1,35
2012-11-18T20:00:00-00:00,2012-11-18T20:15:00-00:00,2012-11-18,13,LAPLMG1_7_B2,LAPLMG1_7_B2,LAPLMG1_7_B2,HASP,MCE,LMP_ENE_PRC,LAPLMG1_7_B2,ALL,1,25.13013,1,35
2012-11-18T21:00:00-00:00,2012-11-18T21:15:00-00:00,2012-11-18,14,LAPLMG1_7_B2,LAPLMG1_7_B2,LAPLMG1_7_B2,HASP,MCE,LMP_ENE_PRC,LAPLMG1_7_B2,ALL,1,24.62013,1,35
2012-11-18T22:00:00-00:00,2012-11-18T22:15:00-00:00,2012-11-18,15,LAPLMG1_7_B2,LAPLMG1_7_B2,LAPLMG1_7_B2,HASP,MCE,LMP_ENE_PRC,LAPLMG1_7_B2,ALL,1,25.94744,1,35
2012-11-18T23:00:00-00:00,2012-11-18T23:15:00-00:00,2012-11-18,16,LAPLMG1_7_B2,LAPLMG1_7_B2,LAPLMG1_7_B2,HASP,MCE,LMP_ENE_PRC,LAPLMG1_7_B2,ALL,1,27.41814,1,35
2012-11-19T00:00:00-00:00,2012-11-19T00:15:00-00:00,2012-11-18,17,LAPLMG1_7_B2,LAPLMG1_7_B2,LAPLMG1_7_B2,HASP,MCE,LMP_ENE_PRC,LAPLMG1_7_B2,ALL,1,24.6328,1,35
2012-11-19T01:00:00-00:00,2012-11-19T01:15:00-00:00,2012-11-18,18,LAPLMG1_7_B2,LAPLMG1_7_B2,LAPLMG1_7_B2,HASP,MCE,LMP_ENE_PRC,LAPLMG1_7_B2,ALL,1,47.23835,1,35
2012-11-19T02:00:00-00:00,2012-11-19T02:15:00-00:00,2012-11-18,19,LAPLMG1_7_B2,LAPLMG1_7_B2,LAPLMG1_7_B2,HASP,MCE,LMP_ENE_PRC,LAPLMG1_7_B2,ALL,1,44.03005,1,35
2012-11-19T03:00:00-00:00,2012-11-19T03:15:00-00:00,2012-11-18,20,LAPLMG1_7_B2,LAPLMG1_7_B2,LAPLMG1_7_B2,HASP,MCE,LMP_ENE_PRC,LAPLMG1_7_B2,ALL,1,38.82378,1,35
2012-11-19T04:00:00-00:00,2012-11-19T04:15:00-00:00,2012-11-18,21,LAPLMG1_7_B2,LAPLMG1_7_B2,LAPLMG1_7_B2,HASP,MCE,LMP_ENE_PRC,LAPLMG1_7_B2,ALL,1,44.35707,1,35
2012-11-19T05:00:00-00:00,2012-11-19T05:15:00-00:00,2012-11-18,22,LAPLMG1_7_B2,LAPLMG1_7_B2,LAPLMG1_7_B2,HASP,MCE,LMP_ENE_PRC,LAPLMG1_7_B2,ALL,1,35.37268,1,35
2012-11-19T06:00:00-00:00,2012-11-19T06:15:00-00:00,2012-11-18,23,LAPLMG1_7_B2,LAPLMG1_7_B2,LAPLMG1_7_B2,HASP,MCE,LMP_ENE_PRC,LAPLMG1_7_B2,ALL,1,27.61626,1,35
2012-11-19T07:00:00-00:00,2012-11-19T07:15:00-00:00,2012-11-18,24,LAPLMG1_7_B2,LAPLMG1_7_B2,LAPLMG1_7_B2,HASP,MCE,LMP_ENE_PRC,LAPLMG1_7_B2,ALL,1,24.46379,1,35
2012-11-18T08:15:00-00:00,2012-11-18T08:30:00-00:00,2012-11-18,01,LAPLMG1_7_B2,LAPLMG1_7_B2,LAPLMG1_7_B2,HASP,MCE,LMP_ENE_PRC,LAPLMG1_7_B2,ALL,1,26.75635,2,35
2012-11-18T09:15:00-00:00,2012-11-18T09:30:00-00:00,2012-11-18,02,LAPLMG1_7_B2,LAPLMG1_7_B2,LAPLMG1_7_B2,HASP,MCE,LMP_ENE_PRC,LAPLMG1_7_B2,ALL,1,27.40566,2,35
2012-11-18T10:15:00-00:00,2012-11-18T10:30:00-00:00,2012-11-18,03,LAPLMG1_7_B2,LAPLMG1_7_B2,LAPLMG1_7_B2,HASP,MCE,LMP_ENE_PRC,LAPLMG1_7_B2,ALL,1,26.64477,2,35
2012-11-18T11:15:00-00:00,2012-11-18T11:30:00-00:00,2012-11-18,04,LAPLMG1_7_B2,LAPLMG1_7_B2,LAPLMG1_7_B2,HASP,MCE,LMP_ENE_PRC,LAPLMG1_7_B2,ALL,1,25.39342,2,35
2012-11-18T12:15:00-00:00,2012-11-18T12:30:00-00:00,2012-11-18,05,LAPLMG1_7_B2,LAPLMG1_7_B2,LAPLMG1_7_B2,HASP,MCE,LMP_ENE_PRC,LAPLMG1_7_B2,ALL,1,24.8441,2,35
2012-11-18T13:15:00-00:00,2012-11-18T13:30:00-00:00,2012-11-18,06,LAPLMG1_7_B2,LAPLMG1_7_B2,LAPLMG1_7_B2,HASP,MCE,LMP_ENE_PRC,LAPLMG1_7_B2,ALL,1,25.93871,2,35
2012-11-18T14:15:00-00:00,2012-11-18T14:30:00-00:00,2012-11-18,07,LAPLMG1_7_B2,LAPLMG1_7_B2,LAPLMG1_7_B2,HASP,MCE,LMP_ENE_PRC,LAPLMG1_7_B2,ALL,1,25.67374,2,35
2012-11-18T15:15:00-00:00,2012-11-18T15:30:00-00:00,2012-11-18,08,LAPLMG1_7_B2,LAPLMG1_7_B2,LAPLMG1_7_B2,HASP,MCE,LMP_ENE_PRC,LAPLMG1_7_B2,ALL,1,26.53455,2,35
2012-11-18T16:15:00-00:00,2012-11-18T16:30:00-00:00,2012-11-18,09,LAPLMG1_7_B2,LAPLMG1_7_B2,LAPLMG1_7_B2,HASP,MCE,LMP_ENE_PRC,LAPLMG1_7_B2,ALL,1,26.312,2,35
2012-11-18T17:15:00-00:00,2012-11-18T17:30:00-00:00,2012-11-18,10,LAPLMG1_7_B2,LAPLMG1_7_B2,LAPLMG1_7_B2,HASP,MCE,LMP_ENE_PRC,LAPLMG1_7_B2,ALL,1,26.4781,2,35
2012-11-18T18:15:00-00:00,2012-11-18T18:30:00-00:00,2012-11-18,11,LAPLMG1_7_B2,LAPLMG1_7_B2,LAPLMG1_7_B2,HASP,MCE,LMP_ENE_PRC,LAPLMG1_7_B2,ALL,1,26.98515,2,35
2012-11-18T19:15:00-00:00,2012-11-18T19:30:00-00:00,2012-11-18,12,LAPLMG1_7_B2,LAPLMG1_7_B2,LAPLMG1_7_B2,HASP,MCE,LMP_ENE_PRC,LAPLMG1_7_B2,ALL,1,24.30252,2,35
2012-11-18T20:15:00-00:00,2012-11-18T20:30:00-00:00,2012-11-18,13,LAPLMG1_7_B2,LAPLMG1_7_B2,LAPLMG1_7_B2,HASP,MCE,LMP_ENE_PRC,LAPLMG1_7_B2,ALL,1,25.21034,2,35
2012-11-18T21:15:00-00:00,2012-11-18T21:30:00-00:00,2012-11-18,14,LAPLMG1_7_B2,LAPLMG1_7_B2,LAPLMG1_7_B2,HASP,MCE,LMP_ENE_PRC,LAPLMG1_7_B2,ALL,1,24.61997,2,35
2012-11-18T22:15:00-00:00,2012-11-18T22:30:00-00:00,2012-11-18,15,LAPLMG1_7_B2,LAPLMG1_7_B2,LAPLMG1_7_B2,HASP,MCE,LMP_ENE_PRC,LAPLMG1_7_B2,ALL,1,25.09072,2,35
2012-11-18T23:15:00-00:00,2012-11-18T23:30:00-00:00,2012-11-18,16,LAPLMG1_7_B2,LAPLMG1_7_B2,LAPLMG1_7_B2,HASP,MCE,LMP_ENE_PRC,LAPLMG1_7_B2,ALL,1,27.41525,2,35
2012-11-19T00:15:00-00:00,2012-11-19T00:30:00-00:00,2012-11-18,17,LAPLMG1_7_B2,LAPLMG1_7_B2,LAPLMG1_7_B2,HASP,MCE,LMP_ENE_PRC,LAPLMG1_7_B2,ALL,1,25.91241,2,35
2012-11-19T01:15:00-00:00,2012-11-19T01:30:00-00:00,2012-11-18,18,LAPLMG1_7_B2,LAPLMG1_7_B2,LAPLMG1_7_B2,HASP,MCE,LMP_ENE_PRC,LAPLMG1_7_B2,ALL,1,47.48834,2,35
2012-11-19T02:15:00-00:00,2012-11-19T02:30:00-00:00,2012-11-18,19,LAPLMG1_7_B2,LAPLMG1_7_B2,LAPLMG1_7_B2,HASP,MCE,LMP_ENE_PRC,LAPLMG1_7_B2,ALL,1,43.49099,2,35
2012-11-19T03:15:00-00:00,2012-11-19T03:30:00-00:00,2012-11-18,20,LAPLMG1_7_B2,LAPLMG1_7_B2,LAPLMG1_7_B2,HASP,MCE,LMP_ENE_PRC,LAPLMG1_7_B2,ALL,1,35.70508,2,35
2012-11-19T04:15:00-00:00,2012-11-19T04:30:00-00:00,2012-11-18,21,LAPLMG1_7_B2,LAPLMG1_7_B2,LAPLMG1_7_B2,HASP,MCE,LMP_ENE_PRC,LAPLMG1_7_B2,ALL,1,35.53155,2,35
2012-11-19T05:15:00-00:00,2012-11-19T05:30:00-00:00,2012-11-18,22,LAPLMG1_7_B2,LAPLMG1_7_B2,LAPLMG1_7_B2,HASP,MCE,LMP_ENE_PRC,LAPLMG1_7_B2,ALL,1,27.56152,2,35
2012-11-19T06:15:00-00:00,2012-11-19T06:30:00-00:00,2012-11-18,23,LAPLMG1_7_B2,LAPLMG1_7_B2,LAPLMG1_7_B2,HASP,MCE,LMP_ENE_PRC,LAPLMG1_7_B2,ALL,1,25.8621,2,35
2012-11-19T07:15:00-00:00,2012-11-19T07:30:00-00:00,2012-11-18,24,LAPLMG1_7_B2,LAPLMG1_7_B2,LAPLMG1_7_B2,HASP,MCE,LMP_ENE_PRC,LAPLMG1_7_B2,ALL,1,24.02689,2,35
2012-11-18T08:30:00-00:00,2012-11-18T08:45:00-00:00,2012-11-18,01,LAPLMG1_7_B2,LAPLMG1_7_B2,LAPLMG1_7_B2,HASP,MCE,LMP_ENE_PRC,LAPLMG1_7_B2,ALL,1,26.2386,3,35
2012-11-18T09:30:00-00:00,2012-11-18T09:45:00-00:00,2012-11-18,02,LAPLMG1_7_B2,LAPLMG1_7_B2,LAPLMG1_7_B2,HASP,MCE,LMP_ENE_PRC,LAPLMG1_7_B2,ALL,1,26.58287,3,35
2012-11-18T10:30:00-00:00,2012-11-18T10:45:00-00:00,2012-11-18,03,LAPLMG1_7_B2,LAPLMG1_7_B2,LAPLMG1_7_B2,HASP,MCE,LMP_ENE_PRC,LAPLMG1_7_B2,ALL,1,26.57777,3,35
2012-11-18T11:30:00-00:00,2012-11-18T11:45:00-00:00,2012-11-18,04,LAPLMG1_7_B2,LAPLMG1_7_B2,LAPLMG1_7_B2,HASP,MCE,LMP_ENE_PRC,LAPLMG1_7_B2,ALL,1,25.39082,3,35
2012-11-18T12:30:00-00:00,2012-11-18T12:45:00-00:00,2012-11-18,05,LAPLMG1_7_B2,LAPLMG1_7_B2,LAPLMG1_7_B2,HASP,MCE,LMP_ENE_PRC,LAPLMG1_7_B2,ALL,1,24.92683,3,35
2012-11-18T13:30:00-00:00,2012-11-18T13:45:00-00:00,2012-11-18,06,LAPLMG1_7_B2,LAPLMG1_7_B2,LAPLMG1_7_B2,HASP,MCE,LMP_ENE_PRC,LAPLMG1_7_B2,ALL,1,26.24756,3,35
2012-11-18T14:30:00-00:00,2012-11-18T14:45:00-00:00,2012-11-18,07,LAPLMG1_7_B2,LAPLMG1_7_B2,LAPLMG1_7_B2,HASP,MCE,LMP_ENE_PRC,LAPLMG1_7_B2,ALL,1,25.71049,3,35
2012-11-18T15:30:00-00:00,2012-11-18T15:45:00-00:00,2012-11-18,08,LAPLMG1_7_B2,LAPLMG1_7_B2,LAPLMG1_7_B2,HASP,MCE,LMP_ENE_PRC,LAPLMG1_7_B2,ALL,1,26.79678,3,35
2012-11-18T16:30:00-00:00,2012-11-18T16:45:00-00:00,2012-11-18,09,LAPLMG1_7_B2,LAPLMG1_7_B2,LAPLMG1_7_B2,HASP,MCE,LMP_ENE_PRC,LAPLMG1_7_B2,ALL,1,27.704,3,35
2012-11-18T17:30:00-00:00,2012-11-18T17:45:00-00:00,2012-11-18,10,LAPLMG1_7_B2,LAPLMG1_7_B2,LAPLMG1_7_B2,HASP,MCE,LMP_ENE_PRC,LAPLMG1_7_B2,ALL,1,26.96257,3,35
2012-11-18T18:30:00-00:00,2012-11-18T18:45:00-00:00,2012-11-18,11,LAPLMG1_7_B2,LAPLMG1_7_B2,LAPLMG1_7_B2,HASP,MCE,LMP_ENE_PRC,LAPLMG1_7_B2,ALL,1,27.09451,3,35
2012-11-18T19:30:00-00:00,2012-11-18T19:45:00-00:00,2012-11-18,12,LAPLMG1_7_B2,LAPLMG1_7_B2,LAPLMG1_7_B2,HASP,MCE,LMP_ENE_PRC,LAPLMG1_7_B2,ALL,1,24.30242,3,35
2012-11-18T20:30:00-00:00,2012-11-18T20:45:00-00:00,2012-11-18,13,LAPLMG1_7_B2,LAPLMG1_7_B2,LAPLMG1_7_B2,HASP,MCE,LMP_ENE_PRC,LAPLMG1_7_B2,ALL,1,25.20527,3,35
2012-11-18T21:30:00-00:00,2012-11-18T21:45:00-00:00,2012-11-18,14,LAPLMG1_7_B2,LAPLMG1_7_B2,LAPLMG1_7_B2,HASP,MCE,LMP_ENE_PRC,LAPLMG1_7_B2,ALL,1,24.63234,3,35
2012-11-18T22:30:00-00:00,2012-11-18T22:45:00-00:00,2012-11-18,15,LAPLMG1_7_B2,LAPLMG1_7_B2,LAPLMG1_7_B2,HASP,MCE,LMP_ENE_PRC,LAPLMG1_7_B2,ALL,1,26.03585,3,35
2012-11-18T23:30:00-00:00,2012-11-18T23:45:00-00:00,2012-11-18,16,LAPLMG1_7_B2,LAPLMG1_7_B2,LAPLMG1_7_B2,HASP,MCE,LMP_ENE_PRC,LAPLMG1_7_B2,ALL,1,27.99316,3,35
2012-11-19T00:30:00-00:00,2012-11-19T00:45:00-00:00,2012-11-18,17,LAPLMG1_7_B2,LAPLMG1_7_B2,LAPLMG1_7_B2,HASP,MCE,LMP_ENE_PRC,LAPLMG1_7_B2,ALL,1,35.99376,3,35
2012-11-19T01:30:00-00:00,2012-11-19T01:45:00-00:00,2012-11-18,18,LAPLMG1_7_B2,LAPLMG1_7_B2,LAPLMG1_7_B2,HASP,MCE,LMP_ENE_PRC,LAPLMG1_7_B2,ALL,1,50.81682,3,35
2012-11-19T02:30:00-00:00,2012-11-19T02:45:00-00:00,2012-11-18,19,LAPLMG1_7_B2,LAPLMG1_7_B2,LAPLMG1_7_B2,HASP,MCE,LMP_ENE_PRC,LAPLMG1_7_B2,ALL,1,46.23345,3,35
2012-11-19T03:30:00-00:00,2012-11-19T03:45:00-00:00,2012-11-18,20,LAPLMG1_7_B2,LAPLMG1_7_B2,LAPLMG1_7_B2,HASP,MCE,LMP_ENE_PRC,LAPLMG1_7_B2,ALL,1,34.70147,3,35
2012-11-19T04:30:00-00:00,2012-11-19T04:45:00-00:00,2012-11-18,21,LAPLMG1_7_B2,LAPLMG1_7_B2,LAPLMG1_7_B2,HASP,MCE,LMP_ENE_PRC,LAPLMG1_7_B2,ALL,1,32.10672,3,35
2012-11-19T05:30:00-00:00,2012-11-19T05:45:00-00:00,2012-11-18,22,LAPLMG1_7_B2,LAPLMG1_7_B2,LAPLMG1_7_B2,HASP,MCE,LMP_ENE_PRC,LAPLMG1_7_B2,ALL,1,26.13477,3,35
2012-11-19T06:30:00-00:00,2012-11-19T06:45:00-00:00,2012-11-18,23,LAPLMG1_7_B2,LAPLMG1_7_B2,LAPLMG1_7_B2,HASP,MCE,LMP_ENE_PRC,LAPLMG1_7_B2,ALL,1,24.82444,3,35
2012-11-19T07:30:00-00:00,2012-11-19T07:45:00-00:00,2012-11-18,24,LAPLMG1_7_B2,LAPLMG1_7_B2,LAPLMG1_7_B2,HASP,MCE,LMP_ENE_PRC,LAPLMG1_7_B2,ALL,1,24.02489,3,35
2012-11-18T08:45:00-00:00,2012-11-18T09:00:00-00:00,2012-11-18,01,LAPLMG1_7_B2,LAPLMG1_7_B2,LAPLMG1_7_B2,HASP,MCE,LMP_ENE_PRC,LAPLMG1_7_B2,ALL,1,24.9964,4,35
2012-11-18T09:45:00-00:00,2012-11-18T10:00:00-00:00,2012-11-18,02,LAPLMG1_7_B2,LAPLMG1_7_B2,LAPLMG1_7_B2,HASP,MCE,LMP_ENE_PRC,LAPLMG1_7_B2,ALL,1,27.44609,4,35
2012-11-18T10:45:00-00:00,2012-11-18T11:00:00-00:00,2012-11-18,03,LAPLMG1_7_B2,LAPLMG1_7_B2,LAPLMG1_7_B2,HASP,MCE,LMP_ENE_PRC,LAPLMG1_7_B2,ALL,1,26.19911,4,35
2012-11-18T11:45:00-00:00,2012-11-18T12:00:00-00:00,2012-11-18,04,LAPLMG1_7_B2,LAPLMG1_7_B2,LAPLMG1_7_B2,HASP,MCE,LMP_ENE_PRC,LAPLMG1_7_B2,ALL,1,24.88164,4,35
2012-11-18T12:45:00-00:00,2012-11-18T13:00:00-00:00,2012-11-18,05,LAPLMG1_7_B2,LAPLMG1_7_B2,LAPLMG1_7_B2,HASP,MCE,LMP_ENE_PRC,LAPLMG1_7_B2,ALL,1,25.98219,4,35
2012-11-18T13:45:00-00:00,2012-11-18T14:00:00-00:00,2012-11-18,06,LAPLMG1_7_B2,LAPLMG1_7_B2,LAPLMG1_7_B2,HASP,MCE,LMP_ENE_PRC,LAPLMG1_7_B2,ALL,1,28.12657,4,35
2012-11-18T14:45:00-00:00,2012-11-18T15:00:00-00:00,2012-11-18,07,LAPLMG1_7_B2,LAPLMG1_7_B2,LAPLMG1_7_B2,HASP,MCE,LMP_ENE_PRC,LAPLMG1_7_B2,ALL,1,26.09656,4,35
2012-11-18T15:45:00-00:00,2012-11-18T16:00:00-00:00,2012-11-18,08,LAPLMG1_7_B2,LAPLMG1_7_B2,LAPLMG1_7_B2,HASP,MCE,LMP_ENE_PRC,LAPLMG1_7_B2,ALL,1,26.46194,4,35
2012-11-18T16:45:00-00:00,2012-11-18T17:00:00-00:00,2012-11-18,09,LAPLMG1_7_B2,LAPLMG1_7_B2,LAPLMG1_7_B2,HASP,MCE,LMP_ENE_PRC,LAPLMG1_7_B2,ALL,1,26.69478,4,35
2012-11-18T17:45:00-00:00,2012-11-18T18:00:00-00:00,2012-11-18,10,LAPLMG1_7_B2,LAPLMG1_7_B2,LAPLMG1_7_B2,HASP,MCE,LMP_ENE_PRC,LAPLMG1_7_B2,ALL,1,27.82094,4,35
2012-11-18T18:45:00-00:00,2012-11-18T19:00:00-00:00,2012-11-18,11,LAPLMG1_7_B2,LAPLMG1_7_B2,LAPLMG1_7_B2,HASP,MCE,LMP_ENE_PRC,LAPLMG1_7_B2,ALL,1,27.09973,4,35
2012-11-18T19:45:00-00:00,2012-11-18T20:00:00-00:00,2012-11-18,12,LAPLMG1_7_B2,LAPLMG1_7_B2,LAPLMG1_7_B2,HASP,MCE,LMP_ENE_PRC,LAPLMG1_7_B2,ALL,1,23.52797,4,35
2012-11-18T20:45:00-00:00,2012-11-18T21:00:00-00:00,2012-11-18,13,LAPLMG1_7_B2,LAPLMG1_7_B2,LAPLMG1_7_B2,HASP,MCE,LMP_ENE_PRC,LAPLMG1_7_B2,ALL,1,25.20517,4,35
2012-11-18T21:45:00-00:00,2012-11-18T22:00:00-00:00,2012-11-18,14,LAPLMG1_7_B2,LAPLMG1_7_B2,LAPLMG1_7_B2,HASP,MCE,LMP_ENE_PRC,LAPLMG1_7_B2,ALL,1,24.61437,4,35
2012-11-18T22:45:00-00:00,2012-11-18T23:00:00-00:00,2012-11-18,15,LAPLMG1_7_B2,LAPLMG1_7_B2,LAPLMG1_7_B2,HASP,MCE,LMP_ENE_PRC,LAPLMG1_7_B2,ALL,1,25.24297,4,35
2012-11-18T23:45:00-00:00,2012-11-19T00:00:00-00:00,2012-11-18,16,LAPLMG1_7_B2,LAPLMG1_7_B2,LAPLMG1_7_B2,HASP,MCE,LMP_ENE_PRC,LAPLMG1_7_B2,ALL,1,30.14016,4,35
2012-11-19T00:45:00-00:00,2012-11-19T01:00:00-00:00,2012-11-18,17,LAPLMG1_7_B2,LAPLMG1_7_B2,LAPLMG1_7_B2,HASP,MCE,LMP_ENE_PRC,LAPLMG1_7_B2,ALL,1,50.22902,4,35
2012-11-19T01:45:00-00:00,2012-11-19T02:00:00-00:00,2012-11-18,18,LAPLMG1_7_B2,LAPLMG1_7_B2,LAPLMG1_7_B2,HASP,MCE,LMP_ENE_PRC,LAPLMG1_7_B2,ALL,1,47.70782,4,35
2012-11-19T02:45:00-00:00,2012-11-19T03:00:00-00:00,2012-11-18,19,LAPLMG1_7_B2,LAPLMG1_7_B2,LAPLMG1_7_B2,HASP,MCE,LMP_ENE_PRC,LAPLMG1_7_B2,ALL,1,39.92026,4,35
2012-11-19T03:45:00-00:00,2012-11-19T04:00:00-00:00,2012-11-18,20,LAPLMG1_7_B2,LAPLMG1_7_B2,LAPLMG1_7_B2,HASP,MCE,LMP_ENE_PRC,LAPLMG1_7_B2,ALL,1,32.31489,4,35
2012-11-19T04:45:00-00:00,2012-11-19T05:00:00-00:00,2012-11-18,21,LAPLMG1_7_B2,LAPLMG1_7_B2,LAPLMG1_7_B2,HASP,MCE,LMP_ENE_PRC,LAPLMG1_7_B2,ALL,1,27.52715,4,35
2012-11-19T05:45:00-00:00,2012-11-19T06:00:00-00:00,2012-11-18,22,LAPLMG1_7_B2,LAPLMG1_7_B2,LAPLMG1_7_B2,HASP,MCE,LMP_ENE_PRC,LAPLMG1_7_B2,ALL,1,24.10768,4,35
2012-11-19T06:45:00-00:00,2012-11-19T07:00:00-00:00,2012-11-18,23,LAPLMG1_7_B2,LAPLMG1_7_B2,LAPLMG1_7_B2,HASP,MCE,LMP_ENE_PRC,LAPLMG1_7_B2,ALL,1,23.76488,4,35
2012-11-19T07:45:00-00:00,2012-11-19T08:00:00-00:00,2012-11-18,24,LAPLMG1_7_B2,LAPLMG1_7_B2,LAPLMG1_7_B2,HASP,MCE,LMP_ENE_PRC,LAPLMG1_7_B2,ALL,1,24.40984,4,35
2012-11-18T08:00:00-00:00,2012-11-18T08:15:00-00:00,2012-11-18,01,LAPLMG1_7_B2,LAPLMG1_7_B2,LAPLMG1_7_B2,HASP,MCL,LMP_LOSS_PRC,LAPLMG1_7_B2,ALL,1,-1.02301,1,36
2012-11-18T09:00:00-00:00,2012-11-18T09:15:00-00:00,2012-11-18,02,LAPLMG1_7_B2,LAPLMG1_7_B2,LAPLMG1_7_B2,HASP,MCL,LMP_LOSS_PRC,LAPLMG1_7_B2,ALL,1,-1.00139,1,36
2012-11-18T10:00:00-00:00,2012-11-18T10:15:00-00:00,2012-11-18,03,LAPLMG1_7_B2,LAPLMG1_7_B2,LAPLMG1_7_B2,HASP,MCL,LMP_LOSS_PRC,LAPLMG1_7_B2,ALL,1,-1.00528,1,36
2012-11-18T11:00:00-00:00,2012-11-18T11:15:00-00:00,2012-11-18,04,LAPLMG1_7_B2,LAPLMG1_7_B2,LAPLMG1_7_B2,HASP,MCL,LMP_LOSS_PRC,LAPLMG1_7_B2,ALL,1,-0.9247,1,36
2012-11-18T12:00:00-00:00,2012-11-18T12:15:00-00:00,2012-11-18,05,LAPLMG1_7_B2,LAPLMG1_7_B2,LAPLMG1_7_B2,HASP,MCL,LMP_LOSS_PRC,LAPLMG1_7_B2,ALL,1,-0.93797,1,36
2012-11-18T13:00:00-00:00,2012-11-18T13:15:00-00:00,2012-11-18,06,LAPLMG1_7_B2,LAPLMG1_7_B2,LAPLMG1_7_B2,HASP,MCL,LMP_LOSS_PRC,LAPLMG1_7_B2,ALL,1,-0.93386,1,36
2012-11-18T14:00:00-00:00,2012-11-18T14:15:00-00:00,2012-11-18,07,LAPLMG1_7_B2,LAPLMG1_7_B2,LAPLMG1_7_B2,HASP,MCL,LMP_LOSS_PRC,LAPLMG1_7_B2,ALL,1,-0.92163,1,36
2012-11-18T15:00:00-00:00,2012-11-18T15:15:00-00:00,2012-11-18,08,LAPLMG1_7_B2,LAPLMG1_7_B2,LAPLMG1_7_B2,HASP,MCL,LMP_LOSS_PRC,LAPLMG1_7_B2,ALL,1,-1.00954,1,36
2012-11-18T16:00:00-00:00,2012-11-18T16:15:00-00:00,2012-11-18,09,LAPLMG1_7_B2,LAPLMG1_7_B2,LAPLMG1_7_B2,HASP,MCL,LMP_LOSS_PRC,LAPLMG1_7_B2,ALL,1,-1.1442,1,36
2012-11-18T17:00:00-00:00,2012-11-18T17:15:00-00:00,2012-11-18,10,LAPLMG1_7_B2,LAPLMG1_7_B2,LAPLMG1_7_B2,HASP,MCL,LMP_LOSS_PRC,LAPLMG1_7_B2,ALL,1,-1.11457,1,36
2012-11-18T18:00:00-00:00,2012-11-18T18:15:00-00:00,2012-11-18,11,LAPLMG1_7_B2,LAPLMG1_7_B2,LAPLMG1_7_B2,HASP,MCL,LMP_LOSS_PRC,LAPLMG1_7_B2,ALL,1,-1.17445,1,36
2012-11-18T19:00:00-00:00,2012-11-18T19:15:00-00:00,2012-11-18,12,LAPLMG1_7_B2,LAPLMG1_7_B2,LAPLMG1_7_B2,HASP,MCL,LMP_LOSS_PRC,LAPLMG1_7_B2,ALL,1,-1.05917,1,36
2012-11-18T20:00:00-00:00,2012-11-18T20:15:00-00:00,2012-11-18,13,LAPLMG1_7_B2,LAPLMG1_7_B2,LAPLMG1_7_B2,HASP,MCL,LMP_LOSS_PRC,LAPLMG1_7_B2,ALL,1,-1.10321,1,36
2012-11-18T21:00:00-00:00,2012-11-18T21:15:00-00:00,2012-11-18,14,LAPLMG1_7_B2,LAPLMG1_7_B2,LAPLMG1_7_B2,HASP,MCL,LMP_LOSS_PRC,LAPLMG1_7_B2,ALL,1,-1.16207,1,36
2012-11-18T22:00:00-00:00,2012-11-18T22:15:00-00:00,2012-11-18,15,LAPLMG1_7_B2,LAPLMG1_7_B2,LAPLMG1_7_B2,HASP,MCL,LMP_LOSS_PRC,LAPLMG1_7_B2,ALL,1,-1.20396,1,36
2012-11-18T23:00:00-00:00,2012-11-18T23:15:00-00:00,2012-11-18,16,LAPLMG1_7_B2,LAPLMG1_7_B2,LAPLMG1_7_B2,HASP,MCL,LMP_LOSS_PRC,LAPLMG1_7_B2,ALL,1,-1.2722,1,36
2012-11-19T00:00:00-00:00,2012-11-19T00:15:00-00:00,2012-11-18,17,LAPLMG1_7_B2,LAPLMG1_7_B2,LAPLMG1_7_B2,HASP,MCL,LMP_LOSS_PRC,LAPLMG1_7_B2,ALL,1,-1.25874,1,36
2012-11-19T01:00:00-00:00,2012-11-19T01:15:00-00:00,2012-11-18,18,LAPLMG1_7_B2,LAPLMG1_7_B2,LAPLMG1_7_B2,HASP,MCL,LMP_LOSS_PRC,LAPLMG1_7_B2,ALL,1,-2.75872,1,36
2012-11-19T02:00:00-00:00,2012-11-19T02:15:00-00:00,2012-11-18,19,LAPLMG1_7_B2,LAPLMG1_7_B2,LAPLMG1_7_B2,HASP,MCL,LMP_LOSS_PRC,LAPLMG1_7_B2,ALL,1,-2.69024,1,36
2012-11-19T03:00:00-00:00,2012-11-19T03:15:00-00:00,2012-11-18,20,LAPLMG1_7_B2,LAPLMG1_7_B2,LAPLMG1_7_B2,HASP,MCL,LMP_LOSS_PRC,LAPLMG1_7_B2,ALL,1,-2.31002,1,36
2012-11-19T04:00:00-00:00,2012-11-19T04:15:00-00:00,2012-11-18,21,LAPLMG1_7_B2,LAPLMG1_7_B2,LAPLMG1_7_B2,HASP,MCL,LMP_LOSS_PRC,LAPLMG1_7_B2,ALL,1,-2.49287,1,36
2012-11-19T05:00:00-00:00,2012-11-19T05:15:00-00:00,2012-11-18,22,LAPLMG1_7_B2,LAPLMG1_7_B2,LAPLMG1_7_B2,HASP,MCL,LMP_LOSS_PRC,LAPLMG1_7_B2,ALL,1,-1.77925,1,36
2012-11-19T06:00:00-00:00,2012-11-19T06:15:00-00:00,2012-11-18,23,LAPLMG1_7_B2,LAPLMG1_7_B2,LAPLMG1_7_B2,HASP,MCL,LMP_LOSS_PRC,LAPLMG1_7_B2,ALL,1,-1.23721,1,36
2012-11-19T07:00:00-00:00,2012-11-19T07:15:00-00:00,2012-11-18,24,LAPLMG1_7_B2,LAPLMG1_7_B2,LAPLMG1_7_B2,HASP,MCL,LMP_LOSS_PRC,LAPLMG1_7_B2,ALL,1,-1.01035,1,36
2012-11-18T08:15:00-00:00,2012-11-18T08:30:00-00:00,2012-11-18,01,LAPLMG1_7_B2,LAPLMG1_7_B2,LAPLMG1_7_B2,HASP,MCL,LMP_LOSS_PRC,LAPLMG1_7_B2,ALL,1,-0.98731,2,36
2012-11-18T09:15:00-00:00,2012-11-18T09:30:00-00:00,2012-11-18,02,LAPLMG1_7_B2,LAPLMG1_7_B2,LAPLMG1_7_B2,HASP,MCL,LMP_LOSS_PRC,LAPLMG1_7_B2,ALL,1,-0.91809,2,36
2012-11-18T10:15:00-00:00,2012-11-18T10:30:00-00:00,2012-11-18,03,LAPLMG1_7_B2,LAPLMG1_7_B2,LAPLMG1_7_B2,HASP,MCL,LMP_LOSS_PRC,LAPLMG1_7_B2,ALL,1,-0.9299,2,36
2012-11-18T11:15:00-00:00,2012-11-18T11:30:00-00:00,2012-11-18,04,LAPLMG1_7_B2,LAPLMG1_7_B2,LAPLMG1_7_B2,HASP,MCL,LMP_LOSS_PRC,LAPLMG1_7_B2,ALL,1,-0.92432,2,36
2012-11-18T12:15:00-00:00,2012-11-18T12:30:00-00:00,2012-11-18,05,LAPLMG1_7_B2,LAPLMG1_7_B2,LAPLMG1_7_B2,HASP,MCL,LMP_LOSS_PRC,LAPLMG1_7_B2,ALL,1,-0.93165,2,36
2012-11-18T13:15:00-00:00,2012-11-18T13:30:00-00:00,2012-11-18,06,LAPLMG1_7_B2,LAPLMG1_7_B2,LAPLMG1_7_B2,HASP,MCL,LMP_LOSS_PRC,LAPLMG1_7_B2,ALL,1,-0.97011,2,36
2012-11-18T14:15:00-00:00,2012-11-18T14:30:00-00:00,2012-11-18,07,LAPLMG1_7_B2,LAPLMG1_7_B2,LAPLMG1_7_B2,HASP,MCL,LMP_LOSS_PRC,LAPLMG1_7_B2,ALL,1,-0.95506,2,36
2012-11-18T15:15:00-00:00,2012-11-18T15:30:00-00:00,2012-11-18,08,LAPLMG1_7_B2,LAPLMG1_7_B2,LAPLMG1_7_B2,HASP,MCL,LMP_LOSS_PRC,LAPLMG1_7_B2,ALL,1,-1.00831,2,36
2012-11-18T16:15:00-00:00,2012-11-18T16:30:00-00:00,2012-11-18,09,LAPLMG1_7_B2,LAPLMG1_7_B2,LAPLMG1_7_B2,HASP,MCL,LMP_LOSS_PRC,LAPLMG1_7_B2,ALL,1,-0.95776,2,36
2012-11-18T17:15:00-00:00,2012-11-18T17:30:00-00:00,2012-11-18,10,LAPLMG1_7_B2,LAPLMG1_7_B2,LAPLMG1_7_B2,HASP,MCL,LMP_LOSS_PRC,LAPLMG1_7_B2,ALL,1,-1.13061,2,36
2012-11-18T18:15:00-00:00,2012-11-18T18:30:00-00:00,2012-11-18,11,LAPLMG1_7_B2,LAPLMG1_7_B2,LAPLMG1_7_B2,HASP,MCL,LMP_LOSS_PRC,LAPLMG1_7_B2,ALL,1,-1.20893,2,36
2012-11-18T19:15:00-00:00,2012-11-18T19:30:00-00:00,2012-11-18,12,LAPLMG1_7_B2,LAPLMG1_7_B2,LAPLMG1_7_B2,HASP,MCL,LMP_LOSS_PRC,LAPLMG1_7_B2,ALL,1,-1.0766,2,36
2012-11-18T20:15:00-00:00,2012-11-18T20:30:00-00:00,2012-11-18,13,LAPLMG1_7_B2,LAPLMG1_7_B2,LAPLMG1_7_B2,HASP,MCL,LMP_LOSS_PRC,LAPLMG1_7_B2,ALL,1,-1.10926,2,36
2012-11-18T21:15:00-00:00,2012-11-18T21:30:00-00:00,2012-11-18,14,LAPLMG1_7_B2,LAPLMG1_7_B2,LAPLMG1_7_B2,HASP,MCL,LMP_LOSS_PRC,LAPLMG1_7_B2,ALL,1,-1.16206,2,36
2012-11-18T22:15:00-00:00,2012-11-18T22:30:00-00:00,2012-11-18,15,LAPLMG1_7_B2,LAPLMG1_7_B2,LAPLMG1_7_B2,HASP,MCL,LMP_LOSS_PRC,LAPLMG1_7_B2,ALL,1,-1.14916,2,36
2012-11-18T23:15:00-00:00,2012-11-18T23:30:00-00:00,2012-11-18,16,LAPLMG1_7_B2,LAPLMG1_7_B2,LAPLMG1_7_B2,HASP,MCL,LMP_LOSS_PRC,LAPLMG1_7_B2,ALL,1,-1.27207,2,36
2012-11-19T00:15:00-00:00,2012-11-19T00:30:00-00:00,2012-11-18,17,LAPLMG1_7_B2,LAPLMG1_7_B2,LAPLMG1_7_B2,HASP,MCL,LMP_LOSS_PRC,LAPLMG1_7_B2,ALL,1,-1.32153,2,36
2012-11-19T01:15:00-00:00,2012-11-19T01:30:00-00:00,2012-11-18,18,LAPLMG1_7_B2,LAPLMG1_7_B2,LAPLMG1_7_B2,HASP,MCL,LMP_LOSS_PRC,LAPLMG1_7_B2,ALL,1,-2.82081,2,36
2012-11-19T02:15:00-00:00,2012-11-19T02:30:00-00:00,2012-11-18,19,LAPLMG1_7_B2,LAPLMG1_7_B2,LAPLMG1_7_B2,HASP,MCL,LMP_LOSS_PRC,LAPLMG1_7_B2,ALL,1,-2.65295,2,36
2012-11-19T03:15:00-00:00,2012-11-19T03:30:00-00:00,2012-11-18,20,LAPLMG1_7_B2,LAPLMG1_7_B2,LAPLMG1_7_B2,HASP,MCL,LMP_LOSS_PRC,LAPLMG1_7_B2,ALL,1,-2.08875,2,36
2012-11-19T04:15:00-00:00,2012-11-19T04:30:00-00:00,2012-11-18,21,LAPLMG1_7_B2,LAPLMG1_7_B2,LAPLMG1_7_B2,HASP,MCL,LMP_LOSS_PRC,LAPLMG1_7_B2,ALL,1,-1.92936,2,36
2012-11-19T05:15:00-00:00,2012-11-19T05:30:00-00:00,2012-11-18,22,LAPLMG1_7_B2,LAPLMG1_7_B2,LAPLMG1_7_B2,HASP,MCL,LMP_LOSS_PRC,LAPLMG1_7_B2,ALL,1,-1.35878,2,36
2012-11-19T06:15:00-00:00,2012-11-19T06:30:00-00:00,2012-11-18,23,LAPLMG1_7_B2,LAPLMG1_7_B2,LAPLMG1_7_B2,HASP,MCL,LMP_LOSS_PRC,LAPLMG1_7_B2,ALL,1,-1.09914,2,36
2012-11-19T07:15:00-00:00,2012-11-19T07:30:00-00:00,2012-11-18,24,LAPLMG1_7_B2,LAPLMG1_7_B2,LAPLMG1_7_B2,HASP,MCL,LMP_LOSS_PRC,LAPLMG1_7_B2,ALL,1,-0.93945,2,36
2012-11-18T08:30:00-00:00,2012-11-18T08:45:00-00:00,2012-11-18,01,LAPLMG1_7_B2,LAPLMG1_7_B2,LAPLMG1_7_B2,HASP,MCL,LMP_LOSS_PRC,LAPLMG1_7_B2,ALL,1,-0.91573,3,36
2012-11-18T09:30:00-00:00,2012-11-18T09:45:00-00:00,2012-11-18,02,LAPLMG1_7_B2,LAPLMG1_7_B2,LAPLMG1_7_B2,HASP,MCL,LMP_LOSS_PRC,LAPLMG1_7_B2,ALL,1,-0.84799,3,36
2012-11-18T10:30:00-00:00,2012-11-18T10:45:00-00:00,2012-11-18,03,LAPLMG1_7_B2,LAPLMG1_7_B2,LAPLMG1_7_B2,HASP,MCL,LMP_LOSS_PRC,LAPLMG1_7_B2,ALL,1,-0.89567,3,36
2012-11-18T11:30:00-00:00,2012-11-18T11:45:00-00:00,2012-11-18,04,LAPLMG1_7_B2,LAPLMG1_7_B2,LAPLMG1_7_B2,HASP,MCL,LMP_LOSS_PRC,LAPLMG1_7_B2,ALL,1,-0.92423,3,36
2012-11-18T12:30:00-00:00,2012-11-18T12:45:00-00:00,2012-11-18,05,LAPLMG1_7_B2,LAPLMG1_7_B2,LAPLMG1_7_B2,HASP,MCL,LMP_LOSS_PRC,LAPLMG1_7_B2,ALL,1,-0.92479,3,36
2012-11-18T13:30:00-00:00,2012-11-18T13:45:00-00:00,2012-11-18,06,LAPLMG1_7_B2,LAPLMG1_7_B2,LAPLMG1_7_B2,HASP,MCL,LMP_LOSS_PRC,LAPLMG1_7_B2,ALL,1,-0.97903,3,36
2012-11-18T14:30:00-00:00,2012-11-18T14:45:00-00:00,2012-11-18,07,LAPLMG1_7_B2,LAPLMG1_7_B2,LAPLMG1_7_B2,HASP,MCL,LMP_LOSS_PRC,LAPLMG1_7_B2,ALL,1,-0.959,3,36
2012-11-18T15:30:00-00:00,2012-11-18T15:45:00-00:00,2012-11-18,08,LAPLMG1_7_B2,LAPLMG1_7_B2,LAPLMG1_7_B2,HASP,MCL,LMP_LOSS_PRC,LAPLMG1_7_B2,ALL,1,-1.09063,3,36
2012-11-18T16:30:00-00:00,2012-11-18T16:45:00-00:00,2012-11-18,09,LAPLMG1_7_B2,LAPLMG1_7_B2,LAPLMG1_7_B2,HASP,MCL,LMP_LOSS_PRC,LAPLMG1_7_B2,ALL,1,-1.10539,3,36
2012-11-18T17:30:00-00:00,2012-11-18T17:45:00-00:00,2012-11-18,10,LAPLMG1_7_B2,LAPLMG1_7_B2,LAPLMG1_7_B2,HASP,MCL,LMP_LOSS_PRC,LAPLMG1_7_B2,ALL,1,-1.18905,3,36
2012-11-18T18:30:00-00:00,2012-11-18T18:45:00-00:00,2012-11-18,11,LAPLMG1_7_B2,LAPLMG1_7_B2,LAPLMG1_7_B2,HASP,MCL,LMP_LOSS_PRC,LAPLMG1_7_B2,ALL,1,-1.21112,3,36
2012-11-18T19:30:00-00:00,2012-11-18T19:45:00-00:00,2012-11-18,12,LAPLMG1_7_B2,LAPLMG1_7_B2,LAPLMG1_7_B2,HASP,MCL,LMP_LOSS_PRC,LAPLMG1_7_B2,ALL,1,-1.0766,3,36
2012-11-18T20:30:00-00:00,2012-11-18T20:45:00-00:00,2012-11-18,13,LAPLMG1_7_B2,LAPLMG1_7_B2,LAPLMG1_7_B2,HASP,MCL,LMP_LOSS_PRC,LAPLMG1_7_B2,ALL,1,-1.10903,3,36
2012-11-18T21:30:00-00:00,2012-11-18T21:45:00-00:00,2012-11-18,14,LAPLMG1_7_B2,LAPLMG1_7_B2,LAPLMG1_7_B2,HASP,MCL,LMP_LOSS_PRC,LAPLMG1_7_B2,ALL,1,-1.17496,3,36
2012-11-18T22:30:00-00:00,2012-11-18T22:45:00-00:00,2012-11-18,15,LAPLMG1_7_B2,LAPLMG1_7_B2,LAPLMG1_7_B2,HASP,MCL,LMP_LOSS_PRC,LAPLMG1_7_B2,ALL,1,-1.19244,3,36
2012-11-18T23:30:00-00:00,2012-11-18T23:45:00-00:00,2012-11-18,16,LAPLMG1_7_B2,LAPLMG1_7_B2,LAPLMG1_7_B2,HASP,MCL,LMP_LOSS_PRC,LAPLMG1_7_B2,ALL,1,-1.34367,3,36
2012-11-19T00:30:00-00:00,2012-11-19T00:45:00-00:00,2012-11-18,17,LAPLMG1_7_B2,LAPLMG1_7_B2,LAPLMG1_7_B2,HASP,MCL,LMP_LOSS_PRC,LAPLMG1_7_B2,ALL,1,-1.95446,3,36
2012-11-19T01:30:00-00:00,2012-11-19T01:45:00-00:00,2012-11-18,18,LAPLMG1_7_B2,LAPLMG1_7_B2,LAPLMG1_7_B2,HASP,MCL,LMP_LOSS_PRC,LAPLMG1_7_B2,ALL,1,-3.01344,3,36
2012-11-19T02:30:00-00:00,2012-11-19T02:45:00-00:00,2012-11-18,19,LAPLMG1_7_B2,LAPLMG1_7_B2,LAPLMG1_7_B2,HASP,MCL,LMP_LOSS_PRC,LAPLMG1_7_B2,ALL,1,-2.83411,3,36
2012-11-19T03:30:00-00:00,2012-11-19T03:45:00-00:00,2012-11-18,20,LAPLMG1_7_B2,LAPLMG1_7_B2,LAPLMG1_7_B2,HASP,MCL,LMP_LOSS_PRC,LAPLMG1_7_B2,ALL,1,-1.97451,3,36
2012-11-19T04:30:00-00:00,2012-11-19T04:45:00-00:00,2012-11-18,21,LAPLMG1_7_B2,LAPLMG1_7_B2,LAPLMG1_7_B2,HASP,MCL,LMP_LOSS_PRC,LAPLMG1_7_B2,ALL,1,-1.7145,3,36
2012-11-19T05:30:00-00:00,2012-11-19T05:45:00-00:00,2012-11-18,22,LAPLMG1_7_B2,LAPLMG1_7_B2,LAPLMG1_7_B2,HASP,MCL,LMP_LOSS_PRC,LAPLMG1_7_B2,ALL,1,-1.22311,3,36
2012-11-19T06:30:00-00:00,2012-11-19T06:45:00-00:00,2012-11-18,23,LAPLMG1_7_B2,LAPLMG1_7_B2,LAPLMG1_7_B2,HASP,MCL,LMP_LOSS_PRC,LAPLMG1_7_B2,ALL,1,-1.04014,3,36
2012-11-19T07:30:00-00:00,2012-11-19T07:45:00-00:00,2012-11-18,24,LAPLMG1_7_B2,LAPLMG1_7_B2,LAPLMG1_7_B2,HASP,MCL,LMP_LOSS_PRC,LAPLMG1_7_B2,ALL,1,-0.94658,3,36
2012-11-18T08:45:00-00:00,2012-11-18T09:00:00-00:00,2012-11-18,01,LAPLMG1_7_B2,LAPLMG1_7_B2,LAPLMG1_7_B2,HASP,MCL,LMP_LOSS_PRC,LAPLMG1_7_B2,ALL,1,-0.92737,4,36
2012-11-18T09:45:00-00:00,2012-11-18T10:00:00-00:00,2012-11-18,02,LAPLMG1_7_B2,LAPLMG1_7_B2,LAPLMG1_7_B2,HASP,MCL,LMP_LOSS_PRC,LAPLMG1_7_B2,ALL,1,-0.96061,4,36
2012-11-18T10:45:00-00:00,2012-11-18T11:00:00-00:00,2012-11-18,03,LAPLMG1_7_B2,LAPLMG1_7_B2,LAPLMG1_7_B2,HASP,MCL,LMP_LOSS_PRC,LAPLMG1_7_B2,ALL,1,-0.85671,4,36
2012-11-18T11:45:00-00:00,2012-11-18T12:00:00-00:00,2012-11-18,04,LAPLMG1_7_B2,LAPLMG1_7_B2,LAPLMG1_7_B2,HASP,MCL,LMP_LOSS_PRC,LAPLMG1_7_B2,ALL,1,-0.89823,4,36
2012-11-18T12:45:00-00:00,2012-11-18T13:00:00-00:00,2012-11-18,05,LAPLMG1_7_B2,LAPLMG1_7_B2,LAPLMG1_7_B2,HASP,MCL,LMP_LOSS_PRC,LAPLMG1_7_B2,ALL,1,-0.95874,4,36
2012-11-18T13:45:00-00:00,2012-11-18T14:00:00-00:00,2012-11-18,06,LAPLMG1_7_B2,LAPLMG1_7_B2,LAPLMG1_7_B2,HASP,MCL,LMP_LOSS_PRC,LAPLMG1_7_B2,ALL,1,-1.13913,4,36
2012-11-18T14:45:00-00:00,2012-11-18T15:00:00-00:00,2012-11-18,07,LAPLMG1_7_B2,LAPLMG1_7_B2,LAPLMG1_7_B2,HASP,MCL,LMP_LOSS_PRC,LAPLMG1_7_B2,ALL,1,-0.9734,4,36
2012-11-18T15:45:00-00:00,2012-11-18T16:00:00-00:00,2012-11-18,08,LAPLMG1_7_B2,LAPLMG1_7_B2,LAPLMG1_7_B2,HASP,MCL,LMP_LOSS_PRC,LAPLMG1_7_B2,ALL,1,-0.99232,4,36
2012-11-18T16:45:00-00:00,2012-11-18T17:00:00-00:00,2012-11-18,09,LAPLMG1_7_B2,LAPLMG1_7_B2,LAPLMG1_7_B2,HASP,MCL,LMP_LOSS_PRC,LAPLMG1_7_B2,ALL,1,-0.98771,4,36
2012-11-18T17:45:00-00:00,2012-11-18T18:00:00-00:00,2012-11-18,10,LAPLMG1_7_B2,LAPLMG1_7_B2,LAPLMG1_7_B2,HASP,MCL,LMP_LOSS_PRC,LAPLMG1_7_B2,ALL,1,-1.29924,4,36
2012-11-18T18:45:00-00:00,2012-11-18T19:00:00-00:00,2012-11-18,11,LAPLMG1_7_B2,LAPLMG1_7_B2,LAPLMG1_7_B2,HASP,MCL,LMP_LOSS_PRC,LAPLMG1_7_B2,ALL,1,-1.21136,4,36
2012-11-18T19:45:00-00:00,2012-11-18T20:00:00-00:00,2012-11-18,12,LAPLMG1_7_B2,LAPLMG1_7_B2,LAPLMG1_7_B2,HASP,MCL,LMP_LOSS_PRC,LAPLMG1_7_B2,ALL,1,-0.98347,4,36
2012-11-18T20:45:00-00:00,2012-11-18T21:00:00-00:00,2012-11-18,13,LAPLMG1_7_B2,LAPLMG1_7_B2,LAPLMG1_7_B2,HASP,MCL,LMP_LOSS_PRC,LAPLMG1_7_B2,ALL,1,-1.10651,4,36
2012-11-18T21:45:00-00:00,2012-11-18T22:00:00-00:00,2012-11-18,14,LAPLMG1_7_B2,LAPLMG1_7_B2,LAPLMG1_7_B2,HASP,MCL,LMP_LOSS_PRC,LAPLMG1_7_B2,ALL,1,-1.15934,4,36
2012-11-18T22:45:00-00:00,2012-11-18T23:00:00-00:00,2012-11-18,15,LAPLMG1_7_B2,LAPLMG1_7_B2,LAPLMG1_7_B2,HASP,MCL,LMP_LOSS_PRC,LAPLMG1_7_B2,ALL,1,-1.15108,4,36
2012-11-18T23:45:00-00:00,2012-11-19T00:00:00-00:00,2012-11-18,16,LAPLMG1_7_B2,LAPLMG1_7_B2,LAPLMG1_7_B2,HASP,MCL,LMP_LOSS_PRC,LAPLMG1_7_B2,ALL,1,-1.44371,4,36
2012-11-19T00:45:00-00:00,2012-11-19T01:00:00-00:00,2012-11-18,17,LAPLMG1_7_B2,LAPLMG1_7_B2,LAPLMG1_7_B2,HASP,MCL,LMP_LOSS_PRC,LAPLMG1_7_B2,ALL,1,-2.82287,4,36
2012-11-19T01:45:00-00:00,2012-11-19T02:00:00-00:00,2012-11-18,18,LAPLMG1_7_B2,LAPLMG1_7_B2,LAPLMG1_7_B2,HASP,MCL,LMP_LOSS_PRC,LAPLMG1_7_B2,ALL,1,-2.82907,4,36
2012-11-19T02:45:00-00:00,2012-11-19T03:00:00-00:00,2012-11-18,19,LAPLMG1_7_B2,LAPLMG1_7_B2,LAPLMG1_7_B2,HASP,MCL,LMP_LOSS_PRC,LAPLMG1_7_B2,ALL,1,-2.43913,4,36
2012-11-19T03:45:00-00:00,2012-11-19T04:00:00-00:00,2012-11-18,20,LAPLMG1_7_B2,LAPLMG1_7_B2,LAPLMG1_7_B2,HASP,MCL,LMP_LOSS_PRC,LAPLMG1_7_B2,ALL,1,-1.81287,4,36
2012-11-19T04:45:00-00:00,2012-11-19T05:00:00-00:00,2012-11-18,21,LAPLMG1_7_B2,LAPLMG1_7_B2,LAPLMG1_7_B2,HASP,MCL,LMP_LOSS_PRC,LAPLMG1_7_B2,ALL,1,-1.43416,4,36
2012-11-19T05:45:00-00:00,2012-11-19T06:00:00-00:00,2012-11-18,22,LAPLMG1_7_B2,LAPLMG1_7_B2,LAPLMG1_7_B2,HASP,MCL,LMP_LOSS_PRC,LAPLMG1_7_B2,ALL,1,-1.06315,4,36
2012-11-19T06:45:00-00:00,2012-11-19T07:00:00-00:00,2012-11-18,23,LAPLMG1_7_B2,LAPLMG1_7_B2,LAPLMG1_7_B2,HASP,MCL,LMP_LOSS_PRC,LAPLMG1_7_B2,ALL,1,-0.90544,4,36
2012-11-19T07:45:00-00:00,2012-11-19T08:00:00-00:00,2012-11-18,24,LAPLMG1_7_B2,LAPLMG1_7_B2,LAPLMG1_7_B2,HASP,MCL,LMP_LOSS_PRC,LAPLMG1_7_B2,ALL,1,-0.97395,4,36
2012-11-19T08:00:00-00:00,2012-11-19T08:15:00-00:00,2012-11-19,01,LAPLMG1_7_B2,LAPLMG1_7_B2,LAPLMG1_7_B2,HASP,LMP,LMP_PRC,LAPLMG1_7_B2,ALL,1,17.05687,1,37
2012-11-19T09:00:00-00:00,2012-11-19T09:15:00-00:00,2012-11-19,02,LAPLMG1_7_B2,LAPLMG1_7_B2,LAPLMG1_7_B2,HASP,LMP,LMP_PRC,LAPLMG1_7_B2,ALL,1,23.64061,1,37
2012-11-19T10:00:00-00:00,2012-11-19T10:15:00-00:00,2012-11-19,03,LAPLMG1_7_B2,LAPLMG1_7_B2,LAPLMG1_7_B2,HASP,LMP,LMP_PRC,LAPLMG1_7_B2,ALL,1,17.1008,1,37
2012-11-19T11:00:00-00:00,2012-11-19T11:15:00-00:00,2012-11-19,04,LAPLMG1_7_B2,LAPLMG1_7_B2,LAPLMG1_7_B2,HASP,LMP,LMP_PRC,LAPLMG1_7_B2,ALL,1,0.09021,1,37
2012-11-19T12:00:00-00:00,2012-11-19T12:15:00-00:00,2012-11-19,05,LAPLMG1_7_B2,LAPLMG1_7_B2,LAPLMG1_7_B2,HASP,LMP,LMP_PRC,LAPLMG1_7_B2,ALL,1,-12.94614,1,37
2012-11-19T13:00:00-00:00,2012-11-19T13:15:00-00:00,2012-11-19,06,LAPLMG1_7_B2,LAPLMG1_7_B2,LAPLMG1_7_B2,HASP,LMP,LMP_PRC,LAPLMG1_7_B2,ALL,1,21.13128,1,37
2012-11-19T14:00:00-00:00,2012-11-19T14:15:00-00:00,2012-11-19,07,LAPLMG1_7_B2,LAPLMG1_7_B2,LAPLMG1_7_B2,HASP,LMP,LMP_PRC,LAPLMG1_7_B2,ALL,1,17.30826,1,37
2012-11-19T15:00:00-00:00,2012-11-19T15:15:00-00:00,2012-11-19,08,LAPLMG1_7_B2,LAPLMG1_7_B2,LAPLMG1_7_B2,HASP,LMP,LMP_PRC,LAPLMG1_7_B2,ALL,1,22.12141,1,37
2012-11-19T16:00:00-00:00,2012-11-19T16:15:00-00:00,2012-11-19,09,LAPLMG1_7_B2,LAPLMG1_7_B2,LAPLMG1_7_B2,HASP,LMP,LMP_PRC,LAPLMG1_7_B2,ALL,1,23.46201,1,37
2012-11-19T17:00:00-00:00,2012-11-19T17:15:00-00:00,2012-11-19,10,LAPLMG1_7_B2,LAPLMG1_7_B2,LAPLMG1_7_B2,HASP,LMP,LMP_PRC,LAPLMG1_7_B2,ALL,1,22.30472,1,37
2012-11-19T18:00:00-00:00,2012-11-19T18:15:00-00:00,2012-11-19,11,LAPLMG1_7_B2,LAPLMG1_7_B2,LAPLMG1_7_B2,HASP,LMP,LMP_PRC,LAPLMG1_7_B2,ALL,1,22.3892,1,37
2012-11-19T19:00:00-00:00,2012-11-19T19:15:00-00:00,2012-11-19,12,LAPLMG1_7_B2,LAPLMG1_7_B2,LAPLMG1_7_B2,HASP,LMP,LMP_PRC,LAPLMG1_7_B2,ALL,1,23.24577,1,37
2012-11-19T20:00:00-00:00,2012-11-19T20:15:00-00:00,2012-11-19,13,LAPLMG1_7_B2,LAPLMG1_7_B2,LAPLMG1_7_B2,HASP,LMP,LMP_PRC,LAPLMG1_7_B2,ALL,1,22.74739,1,37
2012-11-19T21:00:00-00:00,2012-11-19T21:15:00-00:00,2012-11-19,14,LAPLMG1_7_B2,LAPLMG1_7_B2,LAPLMG1_7_B2,HASP,LMP,LMP_PRC,LAPLMG1_7_B2,ALL,1,25.70601,1,37
2012-11-19T22:00:00-00:00,2012-11-19T22:15:00-00:00,2012-11-19,15,LAPLMG1_7_B2,LAPLMG1_7_B2,LAPLMG1_7_B2,HASP,LMP,LMP_PRC,LAPLMG1_7_B2,ALL,1,25.32998,1,37
2012-11-19T23:00:00-00:00,2012-11-19T23:15:00-00:00,2012-11-19,16,LAPLMG1_7_B2,LAPLMG1_7_B2,LAPLMG1_7_B2,HASP,LMP,LMP_PRC,LAPLMG1_7_B2,ALL,1,27.98891,1,37
2012-11-20T00:00:00-00:00,2012-11-20T00:15:00-00:00,2012-11-19,17,LAPLMG1_7_B2,LAPLMG1_7_B2,LAPLMG1_7_B2,HASP,LMP,LMP_PRC,LAPLMG1_7_B2,ALL,1,25.27064,1,37
2012-11-20T01:00:00-00:00,2012-11-20T01:15:00-00:00,2012-11-19,18,LAPLMG1_7_B2,LAPLMG1_7_B2,LAPLMG1_7_B2,HASP,LMP,LMP_PRC,LAPLMG1_7_B2,ALL,1,32.49851,1,37
2012-11-20T02:00:00-00:00,2012-11-20T02:15:00-00:00,2012-11-19,19,LAPLMG1_7_B2,LAPLMG1_7_B2,LAPLMG1_7_B2,HASP,LMP,LMP_PRC,LAPLMG1_7_B2,ALL,1,32.12647,1,37
2012-11-20T03:00:00-00:00,2012-11-20T03:15:00-00:00,2012-11-19,20,LAPLMG1_7_B2,LAPLMG1_7_B2,LAPLMG1_7_B2,HASP,LMP,LMP_PRC,LAPLMG1_7_B2,ALL,1,32.12049,1,37
2012-11-20T04:00:00-00:00,2012-11-20T04:15:00-00:00,2012-11-19,21,LAPLMG1_7_B2,LAPLMG1_7_B2,LAPLMG1_7_B2,HASP,LMP,LMP_PRC,LAPLMG1_7_B2,ALL,1,42.15849,1,37
2012-11-20T05:00:00-00:00,2012-11-20T05:15:00-00:00,2012-11-19,22,LAPLMG1_7_B2,LAPLMG1_7_B2,LAPLMG1_7_B2,HASP,LMP,LMP_PRC,LAPLMG1_7_B2,ALL,1,37.13935,1,37
2012-11-20T06:00:00-00:00,2012-11-20T06:15:00-00:00,2012-11-19,23,LAPLMG1_7_B2,LAPLMG1_7_B2,LAPLMG1_7_B2,HASP,LMP,LMP_PRC,LAPLMG1_7_B2,ALL,1,26.4044,1,37
2012-11-20T07:00:00-00:00,2012-11-20T07:15:00-00:00,2012-11-19,24,LAPLMG1_7_B2,LAPLMG1_7_B2,LAPLMG1_7_B2,HASP,LMP,LMP_PRC,LAPLMG1_7_B2,ALL,1,25.4184,1,37
2012-11-19T08:15:00-00:00,2012-11-19T08:30:00-00:00,2012-11-19,01,LAPLMG1_7_B2,LAPLMG1_7_B2,LAPLMG1_7_B2,HASP,LMP,LMP_PRC,LAPLMG1_7_B2,ALL,1,23.62631,2,37
2012-11-19T09:15:00-00:00,2012-11-19T09:30:00-00:00,2012-11-19,02,LAPLMG1_7_B2,LAPLMG1_7_B2,LAPLMG1_7_B2,HASP,LMP,LMP_PRC,LAPLMG1_7_B2,ALL,1,23.47926,2,37
2012-11-19T10:15:00-00:00,2012-11-19T10:30:00-00:00,2012-11-19,03,LAPLMG1_7_B2,LAPLMG1_7_B2,LAPLMG1_7_B2,HASP,LMP,LMP_PRC,LAPLMG1_7_B2,ALL,1,1.00231,2,37
2012-11-19T11:15:00-00:00,2012-11-19T11:30:00-00:00,2012-11-19,04,LAPLMG1_7_B2,LAPLMG1_7_B2,LAPLMG1_7_B2,HASP,LMP,LMP_PRC,LAPLMG1_7_B2,ALL,1,0.95682,2,37
2012-11-19T12:15:00-00:00,2012-11-19T12:30:00-00:00,2012-11-19,05,LAPLMG1_7_B2,LAPLMG1_7_B2,LAPLMG1_7_B2,HASP,LMP,LMP_PRC,LAPLMG1_7_B2,ALL,1,0.09103,2,37
2012-11-19T13:15:00-00:00,2012-11-19T13:30:00-00:00,2012-11-19,06,LAPLMG1_7_B2,LAPLMG1_7_B2,LAPLMG1_7_B2,HASP,LMP,LMP_PRC,LAPLMG1_7_B2,ALL,1,23.83918,2,37
2012-11-19T14:15:00-00:00,2012-11-19T14:30:00-00:00,2012-11-19,07,LAPLMG1_7_B2,LAPLMG1_7_B2,LAPLMG1_7_B2,HASP,LMP,LMP_PRC,LAPLMG1_7_B2,ALL,1,18.34182,2,37
2012-11-19T15:15:00-00:00,2012-11-19T15:30:00-00:00,2012-11-19,08,LAPLMG1_7_B2,LAPLMG1_7_B2,LAPLMG1_7_B2,HASP,LMP,LMP_PRC,LAPLMG1_7_B2,ALL,1,23.42587,2,37
2012-11-19T16:15:00-00:00,2012-11-19T16:30:00-00:00,2012-11-19,09,LAPLMG1_7_B2,LAPLMG1_7_B2,LAPLMG1_7_B2,HASP,LMP,LMP_PRC,LAPLMG1_7_B2,ALL,1,23.60946,2,37
2012-11-19T17:15:00-00:00,2012-11-19T17:30:00-00:00,2012-11-19,10,LAPLMG1_7_B2,LAPLMG1_7_B2,LAPLMG1_7_B2,HASP,LMP,LMP_PRC,LAPLMG1_7_B2,ALL,1,23.57961,2,37
2012-11-19T18:15:00-00:00,2012-11-19T18:30:00-00:00,2012-11-19,11,LAPLMG1_7_B2,LAPLMG1_7_B2,LAPLMG1_7_B2,HASP,LMP,LMP_PRC,LAPLMG1_7_B2,ALL,1,22.48065,2,37
2012-11-19T19:15:00-00:00,2012-11-19T19:30:00-00:00,2012-11-19,12,LAPLMG1_7_B2,LAPLMG1_7_B2,LAPLMG1_7_B2,HASP,LMP,LMP_PRC,LAPLMG1_7_B2,ALL,1,23.22916,2,37
2012-11-19T20:15:00-00:00,2012-11-19T20:30:00-00:00,2012-11-19,13,LAPLMG1_7_B2,LAPLMG1_7_B2,LAPLMG1_7_B2,HASP,LMP,LMP_PRC,LAPLMG1_7_B2,ALL,1,23.55688,2,37
2012-11-19T21:15:00-00:00,2012-11-19T21:30:00-00:00,2012-11-19,14,LAPLMG1_7_B2,LAPLMG1_7_B2,LAPLMG1_7_B2,HASP,LMP,LMP_PRC,LAPLMG1_7_B2,ALL,1,25.69618,2,37
2012-11-19T22:15:00-00:00,2012-11-19T22:30:00-00:00,2012-11-19,15,LAPLMG1_7_B2,LAPLMG1_7_B2,LAPLMG1_7_B2,HASP,LMP,LMP_PRC,LAPLMG1_7_B2,ALL,1,25.28909,2,37
2012-11-19T23:15:00-00:00,2012-11-19T23:30:00-00:00,2012-11-19,16,LAPLMG1_7_B2,LAPLMG1_7_B2,LAPLMG1_7_B2,HASP,LMP,LMP_PRC,LAPLMG1_7_B2,ALL,1,27.63382,2,37
2012-11-20T00:15:00-00:00,2012-11-20T00:30:00-00:00,2012-11-19,17,LAPLMG1_7_B2,LAPLMG1_7_B2,LAPLMG1_7_B2,HASP,LMP,LMP_PRC,LAPLMG1_7_B2,ALL,1,26.43592,2,37
2012-11-20T01:15:00-00:00,2012-11-20T01:30:00-00:00,2012-11-19,18,LAPLMG1_7_B2,LAPLMG1_7_B2,LAPLMG1_7_B2,HASP,LMP,LMP_PRC,LAPLMG1_7_B2,ALL,1,36.66032,2,37
2012-11-20T02:15:00-00:00,2012-11-20T02:30:00-00:00,2012-11-19,19,LAPLMG1_7_B2,LAPLMG1_7_B2,LAPLMG1_7_B2,HASP,LMP,LMP_PRC,LAPLMG1_7_B2,ALL,1,32.1265,2,37
2012-11-20T03:15:00-00:00,2012-11-20T03:30:00-00:00,2012-11-19,20,LAPLMG1_7_B2,LAPLMG1_7_B2,LAPLMG1_7_B2,HASP,LMP,LMP_PRC,LAPLMG1_7_B2,ALL,1,28.85077,2,37
2012-11-20T04:15:00-00:00,2012-11-20T04:30:00-00:00,2012-11-19,21,LAPLMG1_7_B2,LAPLMG1_7_B2,LAPLMG1_7_B2,HASP,LMP,LMP_PRC,LAPLMG1_7_B2,ALL,1,38.80966,2,37
2012-11-20T05:15:00-00:00,2012-11-20T05:30:00-00:00,2012-11-19,22,LAPLMG1_7_B2,LAPLMG1_7_B2,LAPLMG1_7_B2,HASP,LMP,LMP_PRC,LAPLMG1_7_B2,ALL,1,32.11895,2,37
2012-11-20T06:15:00-00:00,2012-11-20T06:30:00-00:00,2012-11-19,23,LAPLMG1_7_B2,LAPLMG1_7_B2,LAPLMG1_7_B2,HASP,LMP,LMP_PRC,LAPLMG1_7_B2,ALL,1,25.26936,2,37
2012-11-20T07:15:00-00:00,2012-11-20T07:30:00-00:00,2012-11-19,24,LAPLMG1_7_B2,LAPLMG1_7_B2,LAPLMG1_7_B2,HASP,LMP,LMP_PRC,LAPLMG1_7_B2,ALL,1,23.98873,2,37
2012-11-19T08:30:00-00:00,2012-11-19T08:45:00-00:00,2012-11-19,01,LAPLMG1_7_B2,LAPLMG1_7_B2,LAPLMG1_7_B2,HASP,LMP,LMP_PRC,LAPLMG1_7_B2,ALL,1,23.51321,3,37
2012-11-19T09:30:00-00:00,2012-11-19T09:45:00-00:00,2012-11-19,02,LAPLMG1_7_B2,LAPLMG1_7_B2,LAPLMG1_7_B2,HASP,LMP,LMP_PRC,LAPLMG1_7_B2,ALL,1,21.21287,3,37
2012-11-19T10:30:00-00:00,2012-11-19T10:45:00-00:00,2012-11-19,03,LAPLMG1_7_B2,LAPLMG1_7_B2,LAPLMG1_7_B2,HASP,LMP,LMP_PRC,LAPLMG1_7_B2,ALL,1,0.99966,3,37
2012-11-19T11:30:00-00:00,2012-11-19T11:45:00-00:00,2012-11-19,04,LAPLMG1_7_B2,LAPLMG1_7_B2,LAPLMG1_7_B2,HASP,LMP,LMP_PRC,LAPLMG1_7_B2,ALL,1,0.96522,3,37
2012-11-19T12:30:00-00:00,2012-11-19T12:45:00-00:00,2012-11-19,05,LAPLMG1_7_B2,LAPLMG1_7_B2,LAPLMG1_7_B2,HASP,LMP,LMP_PRC,LAPLMG1_7_B2,ALL,1,17.09022,3,37
2012-11-19T13:30:00-00:00,2012-11-19T13:45:00-00:00,2012-11-19,06,LAPLMG1_7_B2,LAPLMG1_7_B2,LAPLMG1_7_B2,HASP,LMP,LMP_PRC,LAPLMG1_7_B2,ALL,1,22.13489,3,37
2012-11-19T14:30:00-00:00,2012-11-19T14:45:00-00:00,2012-11-19,07,LAPLMG1_7_B2,LAPLMG1_7_B2,LAPLMG1_7_B2,HASP,LMP,LMP_PRC,LAPLMG1_7_B2,ALL,1,23.64682,3,37
2012-11-19T15:30:00-00:00,2012-11-19T15:45:00-00:00,2012-11-19,08,LAPLMG1_7_B2,LAPLMG1_7_B2,LAPLMG1_7_B2,HASP,LMP,LMP_PRC,LAPLMG1_7_B2,ALL,1,24.729,3,37
2012-11-19T16:30:00-00:00,2012-11-19T16:45:00-00:00,2012-11-19,09,LAPLMG1_7_B2,LAPLMG1_7_B2,LAPLMG1_7_B2,HASP,LMP,LMP_PRC,LAPLMG1_7_B2,ALL,1,23.85208,3,37
2012-11-19T17:30:00-00:00,2012-11-19T17:45:00-00:00,2012-11-19,10,LAPLMG1_7_B2,LAPLMG1_7_B2,LAPLMG1_7_B2,HASP,LMP,LMP_PRC,LAPLMG1_7_B2,ALL,1,23.7354,3,37
2012-11-19T18:30:00-00:00,2012-11-19T18:45:00-00:00,2012-11-19,11,LAPLMG1_7_B2,LAPLMG1_7_B2,LAPLMG1_7_B2,HASP,LMP,LMP_PRC,LAPLMG1_7_B2,ALL,1,23.62339,3,37
2012-11-19T19:30:00-00:00,2012-11-19T19:45:00-00:00,2012-11-19,12,LAPLMG1_7_B2,LAPLMG1_7_B2,LAPLMG1_7_B2,HASP,LMP,LMP_PRC,LAPLMG1_7_B2,ALL,1,23.22198,3,37
2012-11-19T20:30:00-00:00,2012-11-19T20:45:00-00:00,2012-11-19,13,LAPLMG1_7_B2,LAPLMG1_7_B2,LAPLMG1_7_B2,HASP,LMP,LMP_PRC,LAPLMG1_7_B2,ALL,1,23.75394,3,37
2012-11-19T21:30:00-00:00,2012-11-19T21:45:00-00:00,2012-11-19,14,LAPLMG1_7_B2,LAPLMG1_7_B2,LAPLMG1_7_B2,HASP,LMP,LMP_PRC,LAPLMG1_7_B2,ALL,1,25.70601,3,37
2012-11-19T22:30:00-00:00,2012-11-19T22:45:00-00:00,2012-11-19,15,LAPLMG1_7_B2,LAPLMG1_7_B2,LAPLMG1_7_B2,HASP,LMP,LMP_PRC,LAPLMG1_7_B2,ALL,1,25.27062,3,37
2012-11-19T23:30:00-00:00,2012-11-19T23:45:00-00:00,2012-11-19,16,LAPLMG1_7_B2,LAPLMG1_7_B2,LAPLMG1_7_B2,HASP,LMP,LMP_PRC,LAPLMG1_7_B2,ALL,1,28.62547,3,37
2012-11-20T00:30:00-00:00,2012-11-20T00:45:00-00:00,2012-11-19,17,LAPLMG1_7_B2,LAPLMG1_7_B2,LAPLMG1_7_B2,HASP,LMP,LMP_PRC,LAPLMG1_7_B2,ALL,1,31.08316,3,37
2012-11-20T01:30:00-00:00,2012-11-20T01:45:00-00:00,2012-11-19,18,LAPLMG1_7_B2,LAPLMG1_7_B2,LAPLMG1_7_B2,HASP,LMP,LMP_PRC,LAPLMG1_7_B2,ALL,1,38.56833,3,37
2012-11-20T02:30:00-00:00,2012-11-20T02:45:00-00:00,2012-11-19,19,LAPLMG1_7_B2,LAPLMG1_7_B2,LAPLMG1_7_B2,HASP,LMP,LMP_PRC,LAPLMG1_7_B2,ALL,1,28.06367,3,37
2012-11-20T03:30:00-00:00,2012-11-20T03:45:00-00:00,2012-11-19,20,LAPLMG1_7_B2,LAPLMG1_7_B2,LAPLMG1_7_B2,HASP,LMP,LMP_PRC,LAPLMG1_7_B2,ALL,1,28.00697,3,37
2012-11-20T04:30:00-00:00,2012-11-20T04:45:00-00:00,2012-11-19,21,LAPLMG1_7_B2,LAPLMG1_7_B2,LAPLMG1_7_B2,HASP,LMP,LMP_PRC,LAPLMG1_7_B2,ALL,1,33.81478,3,37
2012-11-20T05:30:00-00:00,2012-11-20T05:45:00-00:00,2012-11-19,22,LAPLMG1_7_B2,LAPLMG1_7_B2,LAPLMG1_7_B2,HASP,LMP,LMP_PRC,LAPLMG1_7_B2,ALL,1,26.84455,3,37
2012-11-20T06:30:00-00:00,2012-11-20T06:45:00-00:00,2012-11-19,23,LAPLMG1_7_B2,LAPLMG1_7_B2,LAPLMG1_7_B2,HASP,LMP,LMP_PRC,LAPLMG1_7_B2,ALL,1,24.75988,3,37
2012-11-20T07:30:00-00:00,2012-11-20T07:45:00-00:00,2012-11-19,24,LAPLMG1_7_B2,LAPLMG1_7_B2,LAPLMG1_7_B2,HASP,LMP,LMP_PRC,LAPLMG1_7_B2,ALL,1,17.36534,3,37
2012-11-19T08:45:00-00:00,2012-11-19T09:00:00-00:00,2012-11-19,01,LAPLMG1_7_B2,LAPLMG1_7_B2,LAPLMG1_7_B2,HASP,LMP,LMP_PRC,LAPLMG1_7_B2,ALL,1,16.96868,4,37
2012-11-19T09:45:00-00:00,2012-11-19T10:00:00-00:00,2012-11-19,02,LAPLMG1_7_B2,LAPLMG1_7_B2,LAPLMG1_7_B2,HASP,LMP,LMP_PRC,LAPLMG1_7_B2,ALL,1,3.54269,4,37
2012-11-19T10:45:00-00:00,2012-11-19T11:00:00-00:00,2012-11-19,03,LAPLMG1_7_B2,LAPLMG1_7_B2,LAPLMG1_7_B2,HASP,LMP,LMP_PRC,LAPLMG1_7_B2,ALL,1,8.89283,4,37
2012-11-19T11:45:00-00:00,2012-11-19T12:00:00-00:00,2012-11-19,04,LAPLMG1_7_B2,LAPLMG1_7_B2,LAPLMG1_7_B2,HASP,LMP,LMP_PRC,LAPLMG1_7_B2,ALL,1,17.17715,4,37
2012-11-19T12:45:00-00:00,2012-11-19T13:00:00-00:00,2012-11-19,05,LAPLMG1_7_B2,LAPLMG1_7_B2,LAPLMG1_7_B2,HASP,LMP,LMP_PRC,LAPLMG1_7_B2,ALL,1,25.71386,4,37
2012-11-19T13:45:00-00:00,2012-11-19T14:00:00-00:00,2012-11-19,06,LAPLMG1_7_B2,LAPLMG1_7_B2,LAPLMG1_7_B2,HASP,LMP,LMP_PRC,LAPLMG1_7_B2,ALL,1,31.18435,4,37
2012-11-19T14:45:00-00:00,2012-11-19T15:00:00-00:00,2012-11-19,07,LAPLMG1_7_B2,LAPLMG1_7_B2,LAPLMG1_7_B2,HASP,LMP,LMP_PRC,LAPLMG1_7_B2,ALL,1,24.48164,4,37
2012-11-19T15:45:00-00:00,2012-11-19T16:00:00-00:00,2012-11-19,08,LAPLMG1_7_B2,LAPLMG1_7_B2,LAPLMG1_7_B2,HASP,LMP,LMP_PRC,LAPLMG1_7_B2,ALL,1,26.4285,4,37
2012-11-19T16:45:00-00:00,2012-11-19T17:00:00-00:00,2012-11-19,09,LAPLMG1_7_B2,LAPLMG1_7_B2,LAPLMG1_7_B2,HASP,LMP,LMP_PRC,LAPLMG1_7_B2,ALL,1,25.70812,4,37
2012-11-19T17:45:00-00:00,2012-11-19T18:00:00-00:00,2012-11-19,10,LAPLMG1_7_B2,LAPLMG1_7_B2,LAPLMG1_7_B2,HASP,LMP,LMP_PRC,LAPLMG1_7_B2,ALL,1,25.26769,4,37
2012-11-19T18:45:00-00:00,2012-11-19T19:00:00-00:00,2012-11-19,11,LAPLMG1_7_B2,LAPLMG1_7_B2,LAPLMG1_7_B2,HASP,LMP,LMP_PRC,LAPLMG1_7_B2,ALL,1,23.53305,4,37
2012-11-19T19:45:00-00:00,2012-11-19T20:00:00-00:00,2012-11-19,12,LAPLMG1_7_B2,LAPLMG1_7_B2,LAPLMG1_7_B2,HASP,LMP,LMP_PRC,LAPLMG1_7_B2,ALL,1,23.25771,4,37
2012-11-19T20:45:00-00:00,2012-11-19T21:00:00-00:00,2012-11-19,13,LAPLMG1_7_B2,LAPLMG1_7_B2,LAPLMG1_7_B2,HASP,LMP,LMP_PRC,LAPLMG1_7_B2,ALL,1,23.82877,4,37
2012-11-19T21:45:00-00:00,2012-11-19T22:00:00-00:00,2012-11-19,14,LAPLMG1_7_B2,LAPLMG1_7_B2,LAPLMG1_7_B2,HASP,LMP,LMP_PRC,LAPLMG1_7_B2,ALL,1,25.69618,4,37
2012-11-19T22:45:00-00:00,2012-11-19T23:00:00-00:00,2012-11-19,15,LAPLMG1_7_B2,LAPLMG1_7_B2,LAPLMG1_7_B2,HASP,LMP,LMP_PRC,LAPLMG1_7_B2,ALL,1,25.26084,4,37
2012-11-19T23:45:00-00:00,2012-11-20T00:00:00-00:00,2012-11-19,16,LAPLMG1_7_B2,LAPLMG1_7_B2,LAPLMG1_7_B2,HASP,LMP,LMP_PRC,LAPLMG1_7_B2,ALL,1,28.89072,4,37
2012-11-20T00:45:00-00:00,2012-11-20T01:00:00-00:00,2012-11-19,17,LAPLMG1_7_B2,LAPLMG1_7_B2,LAPLMG1_7_B2,HASP,LMP,LMP_PRC,LAPLMG1_7_B2,ALL,1,45.68844,4,37
2012-11-20T01:45:00-00:00,2012-11-20T02:00:00-00:00,2012-11-19,18,LAPLMG1_7_B2,LAPLMG1_7_B2,LAPLMG1_7_B2,HASP,LMP,LMP_PRC,LAPLMG1_7_B2,ALL,1,39.49702,4,37
2012-11-20T02:45:00-00:00,2012-11-20T03:00:00-00:00,2012-11-19,19,LAPLMG1_7_B2,LAPLMG1_7_B2,LAPLMG1_7_B2,HASP,LMP,LMP_PRC,LAPLMG1_7_B2,ALL,1,26.43966,4,37
2012-11-20T03:45:00-00:00,2012-11-20T04:00:00-00:00,2012-11-19,20,LAPLMG1_7_B2,LAPLMG1_7_B2,LAPLMG1_7_B2,HASP,LMP,LMP_PRC,LAPLMG1_7_B2,ALL,1,26.49192,4,37
2012-11-20T04:45:00-00:00,2012-11-20T05:00:00-00:00,2012-11-19,21,LAPLMG1_7_B2,LAPLMG1_7_B2,LAPLMG1_7_B2,HASP,LMP,LMP_PRC,LAPLMG1_7_B2,ALL,1,27.94687,4,37
2012-11-20T05:45:00-00:00,2012-11-20T06:00:00-00:00,2012-11-19,22,LAPLMG1_7_B2,LAPLMG1_7_B2,LAPLMG1_7_B2,HASP,LMP,LMP_PRC,LAPLMG1_7_B2,ALL,1,23.798,4,37
2012-11-20T06:45:00-00:00,2012-11-20T07:00:00-00:00,2012-11-19,23,LAPLMG1_7_B2,LAPLMG1_7_B2,LAPLMG1_7_B2,HASP,LMP,LMP_PRC,LAPLMG1_7_B2,ALL,1,21.46382,4,37
2012-11-20T07:45:00-00:00,2012-11-20T08:00:00-00:00,2012-11-19,24,LAPLMG1_7_B2,LAPLMG1_7_B2,LAPLMG1_7_B2,HASP,LMP,LMP_PRC,LAPLMG1_7_B2,ALL,1,17.27272,4,37
2012-11-19T08:00:00-00:00,2012-11-19T08:15:00-00:00,2012-11-19,01,LAPLMG1_7_B2,LAPLMG1_7_B2,LAPLMG1_7_B2,HASP,MCC,LMP_CONG_PRC,LAPLMG1_7_B2,ALL,1,-0.26037,1,38
2012-11-19T09:00:00-00:00,2012-11-19T09:15:00-00:00,2012-11-19,02,LAPLMG1_7_B2,LAPLMG1_7_B2,LAPLMG1_7_B2,HASP,MCC,LMP_CONG_PRC,LAPLMG1_7_B2,ALL,1,-0.11614,1,38
2012-11-19T10:00:00-00:00,2012-11-19T10:15:00-00:00,2012-11-19,03,LAPLMG1_7_B2,LAPLMG1_7_B2,LAPLMG1_7_B2,HASP,MCC,LMP_CONG_PRC,LAPLMG1_7_B2,ALL,1,-0.08439,1,38
2012-11-19T11:00:00-00:00,2012-11-19T11:15:00-00:00,2012-11-19,04,LAPLMG1_7_B2,LAPLMG1_7_B2,LAPLMG1_7_B2,HASP,MCC,LMP_CONG_PRC,LAPLMG1_7_B2,ALL,1,0,1,38
2012-11-19T12:00:00-00:00,2012-11-19T12:15:00-00:00,2012-11-19,05,LAPLMG1_7_B2,LAPLMG1_7_B2,LAPLMG1_7_B2,HASP,MCC,LMP_CONG_PRC,LAPLMG1_7_B2,ALL,1,0,1,38
2012-11-19T13:00:00-00:00,2012-11-19T13:15:00-00:00,2012-11-19,06,LAPLMG1_7_B2,LAPLMG1_7_B2,LAPLMG1_7_B2,HASP,MCC,LMP_CONG_PRC,LAPLMG1_7_B2,ALL,1,0,1,38
2012-11-19T14:00:00-00:00,2012-11-19T14:15:00-00:00,2012-11-19,07,LAPLMG1_7_B2,LAPLMG1_7_B2,LAPLMG1_7_B2,HASP,MCC,LMP_CONG_PRC,LAPLMG1_7_B2,ALL,1,-0.07612,1,38
2012-11-19T15:00:00-00:00,2012-11-19T15:15:00-00:00,2012-11-19,08,LAPLMG1_7_B2,LAPLMG1_7_B2,LAPLMG1_7_B2,HASP,MCC,LMP_CONG_PRC,LAPLMG1_7_B2,ALL,1,-0.14195,1,38
2012-11-19T16:00:00-00:00,2012-11-19T16:15:00-00:00,2012-11-19,09,LAPLMG1_7_B2,LAPLMG1_7_B2,LAPLMG1_7_B2,HASP,MCC,LMP_CONG_PRC,LAPLMG1_7_B2,ALL,1,-0.11189,1,38
2012-11-19T17:00:00-00:00,2012-11-19T17:15:00-00:00,2012-11-19,10,LAPLMG1_7_B2,LAPLMG1_7_B2,LAPLMG1_7_B2,HASP,MCC,LMP_CONG_PRC,LAPLMG1_7_B2,ALL,1,-0.13473,1,38
2012-11-19T18:00:00-00:00,2012-11-19T18:15:00-00:00,2012-11-19,11,LAPLMG1_7_B2,LAPLMG1_7_B2,LAPLMG1_7_B2,HASP,MCC,LMP_CONG_PRC,LAPLMG1_7_B2,ALL,1,0,1,38
2012-11-19T19:00:00-00:00,2012-11-19T19:15:00-00:00,2012-11-19,12,LAPLMG1_7_B2,LAPLMG1_7_B2,LAPLMG1_7_B2,HASP,MCC,LMP_CONG_PRC,LAPLMG1_7_B2,ALL,1,0,1,38
2012-11-19T20:00:00-00:00,2012-11-19T20:15:00-00:00,2012-11-19,13,LAPLMG1_7_B2,LAPLMG1_7_B2,LAPLMG1_7_B2,HASP,MCC,LMP_CONG_PRC,LAPLMG1_7_B2,ALL,1,0,1,38
2012-11-19T21:00:00-00:00,2012-11-19T21:15:00-00:00,2012-11-19,14,LAPLMG1_7_B2,LAPLMG1_7_B2,LAPLMG1_7_B2,HASP,MCC,LMP_CONG_PRC,LAPLMG1_7_B2,ALL,1,0,1,38
2012-11-19T22:00:00-00:00,2012-11-19T22:15:00-00:00,2012-11-19,15,LAPLMG1_7_B2,LAPLMG1_7_B2,LAPLMG1_7_B2,HASP,MCC,LMP_CONG_PRC,LAPLMG1_7_B2,ALL,1,0,1,38
2012-11-19T23:00:00-00:00,2012-11-19T23:15:00-00:00,2012-11-19,16,LAPLMG1_7_B2,LAPLMG1_7_B2,LAPLMG1_7_B2,HASP,MCC,LMP_CONG_PRC,LAPLMG1_7_B2,ALL,1,0,1,38
2012-11-20T00:00:00-00:00,2012-11-20T00:15:00-00:00,2012-11-19,17,LAPLMG1_7_B2,LAPLMG1_7_B2,LAPLMG1_7_B2,HASP,MCC,LMP_CONG_PRC,LAPLMG1_7_B2,ALL,1,0,1,38
2012-11-20T01:00:00-00:00,2012-11-20T01:15:00-00:00,2012-11-19,18,LAPLMG1_7_B2,LAPLMG1_7_B2,LAPLMG1_7_B2,HASP,MCC,LMP_CONG_PRC,LAPLMG1_7_B2,ALL,1,0,1,38
2012-11-20T02:00:00-00:00,2012-11-20T02:15:00-00:00,2012-11-19,19,LAPLMG1_7_B2,LAPLMG1_7_B2,LAPLMG1_7_B2,HASP,MCC,LMP_CONG_PRC,LAPLMG1_7_B2,ALL,1,0,1,38
2012-11-20T03:00:00-00:00,2012-11-20T03:15:00-00:00,2012-11-19,20,LAPLMG1_7_B2,LAPLMG1_7_B2,LAPLMG1_7_B2,HASP,MCC,LMP_CONG_PRC,LAPLMG1_7_B2,ALL,1,0,1,38
2012-11-20T04:00:00-00:00,2012-11-20T04:15:00-00:00,2012-11-19,21,LAPLMG1_7_B2,LAPLMG1_7_B2,LAPLMG1_7_B2,HASP,MCC,LMP_CONG_PRC,LAPLMG1_7_B2,ALL,1,0,1,38
2012-11-20T05:00:00-00:00,2012-11-20T05:15:00-00:00,2012-11-19,22,LAPLMG1_7_B2,LAPLMG1_7_B2,LAPLMG1_7_B2,HASP,MCC,LMP_CONG_PRC,LAPLMG1_7_B2,ALL,1,0.18309,1,38
2012-11-20T06:00:00-00:00,2012-11-20T06:15:00-00:00,2012-11-19,23,LAPLMG1_7_B2,LAPLMG1_7_B2,LAPLMG1_7_B2,HASP,MCC,LMP_CONG_PRC,LAPLMG1_7_B2,ALL,1,-0.04871,1,38
2012-11-20T07:00:00-00:00,2012-11-20T07:15:00-00:00,2012-11-19,24,LAPLMG1_7_B2,LAPLMG1_7_B2,LAPLMG1_7_B2,HASP,MCC,LMP_CONG_PRC,LAPLMG1_7_B2,ALL,1,-0.07445,1,38
2012-11-19T08:15:00-00:00,2012-11-19T08:30:00-00:00,2012-11-19,01,LAPLMG1_7_B2,LAPLMG1_7_B2,LAPLMG1_7_B2,HASP,MCC,LMP_CONG_PRC,LAPLMG1_7_B2,ALL,1,0.05186,2,38
2012-11-19T09:15:00-00:00,2012-11-19T09:30:00-00:00,2012-11-19,02,LAPLMG1_7_B2,LAPLMG1_7_B2,LAPLMG1_7_B2,HASP,MCC,LMP_CONG_PRC,LAPLMG1_7_B2,ALL,1,-0.12004,2,38
2012-11-19T10:15:00-00:00,2012-11-19T10:30:00-00:00,2012-11-19,03,LAPLMG1_7_B2,LAPLMG1_7_B2,LAPLMG1_7_B2,HASP,MCC,LMP_CONG_PRC,LAPLMG1_7_B2,ALL,1,-0.41295,2,38
2012-11-19T11:15:00-00:00,2012-11-19T11:30:00-00:00,2012-11-19,04,LAPLMG1_7_B2,LAPLMG1_7_B2,LAPLMG1_7_B2,HASP,MCC,LMP_CONG_PRC,LAPLMG1_7_B2,ALL,1,0,2,38
2012-11-19T12:15:00-00:00,2012-11-19T12:30:00-00:00,2012-11-19,05,LAPLMG1_7_B2,LAPLMG1_7_B2,LAPLMG1_7_B2,HASP,MCC,LMP_CONG_PRC,LAPLMG1_7_B2,ALL,1,0,2,38
2012-11-19T13:15:00-00:00,2012-11-19T13:30:00-00:00,2012-11-19,06,LAPLMG1_7_B2,LAPLMG1_7_B2,LAPLMG1_7_B2,HASP,MCC,LMP_CONG_PRC,LAPLMG1_7_B2,ALL,1,0.05618,2,38
2012-11-19T14:15:00-00:00,2012-11-19T14:30:00-00:00,2012-11-19,07,LAPLMG1_7_B2,LAPLMG1_7_B2,LAPLMG1_7_B2,HASP,MCC,LMP_CONG_PRC,LAPLMG1_7_B2,ALL,1,-0.05605,2,38
2012-11-19T15:15:00-00:00,2012-11-19T15:30:00-00:00,2012-11-19,08,LAPLMG1_7_B2,LAPLMG1_7_B2,LAPLMG1_7_B2,HASP,MCC,LMP_CONG_PRC,LAPLMG1_7_B2,ALL,1,-0.11322,2,38
2012-11-19T16:15:00-00:00,2012-11-19T16:30:00-00:00,2012-11-19,09,LAPLMG1_7_B2,LAPLMG1_7_B2,LAPLMG1_7_B2,HASP,MCC,LMP_CONG_PRC,LAPLMG1_7_B2,ALL,1,-0.10799,2,38
2012-11-19T17:15:00-00:00,2012-11-19T17:30:00-00:00,2012-11-19,10,LAPLMG1_7_B2,LAPLMG1_7_B2,LAPLMG1_7_B2,HASP,MCC,LMP_CONG_PRC,LAPLMG1_7_B2,ALL,1,-0.10783,2,38
2012-11-19T18:15:00-00:00,2012-11-19T18:30:00-00:00,2012-11-19,11,LAPLMG1_7_B2,LAPLMG1_7_B2,LAPLMG1_7_B2,HASP,MCC,LMP_CONG_PRC,LAPLMG1_7_B2,ALL,1,0,2,38
2012-11-19T19:15:00-00:00,2012-11-19T19:30:00-00:00,2012-11-19,12,LAPLMG1_7_B2,LAPLMG1_7_B2,LAPLMG1_7_B2,HASP,MCC,LMP_CONG_PRC,LAPLMG1_7_B2,ALL,1,0,2,38
2012-11-19T20:15:00-00:00,2012-11-19T20:30:00-00:00,2012-11-19,13,LAPLMG1_7_B2,LAPLMG1_7_B2,LAPLMG1_7_B2,HASP,MCC,LMP_CONG_PRC,LAPLMG1_7_B2,ALL,1,0,2,38
2012-11-19T21:15:00-00:00,2012-11-19T21:30:00-00:00,2012-11-19,14,LAPLMG1_7_B2,LAPLMG1_7_B2,LAPLMG1_7_B2,HASP,MCC,LMP_CONG_PRC,LAPLMG1_7_B2,ALL,1,0,2,38
2012-11-19T22:15:00-00:00,2012-11-19T22:30:00-00:00,2012-11-19,15,LAPLMG1_7_B2,LAPLMG1_7_B2,LAPLMG1_7_B2,HASP,MCC,LMP_CONG_PRC,LAPLMG1_7_B2,ALL,1,0,2,38
2012-11-19T23:15:00-00:00,2012-11-19T23:30:00-00:00,2012-11-19,16,LAPLMG1_7_B2,LAPLMG1_7_B2,LAPLMG1_7_B2,HASP,MCC,LMP_CONG_PRC,LAPLMG1_7_B2,ALL,1,0,2,38
2012-11-20T00:15:00-00:00,2012-11-20T00:30:00-00:00,2012-11-19,17,LAPLMG1_7_B2,LAPLMG1_7_B2,LAPLMG1_7_B2,HASP,MCC,LMP_CONG_PRC,LAPLMG1_7_B2,ALL,1,0,2,38
2012-11-20T01:15:00-00:00,2012-11-20T01:30:00-00:00,2012-11-19,18,LAPLMG1_7_B2,LAPLMG1_7_B2,LAPLMG1_7_B2,HASP,MCC,LMP_CONG_PRC,LAPLMG1_7_B2,ALL,1,0,2,38
2012-11-20T02:15:00-00:00,2012-11-20T02:30:00-00:00,2012-11-19,19,LAPLMG1_7_B2,LAPLMG1_7_B2,LAPLMG1_7_B2,HASP,MCC,LMP_CONG_PRC,LAPLMG1_7_B2,ALL,1,0,2,38
2012-11-20T03:15:00-00:00,2012-11-20T03:30:00-00:00,2012-11-19,20,LAPLMG1_7_B2,LAPLMG1_7_B2,LAPLMG1_7_B2,HASP,MCC,LMP_CONG_PRC,LAPLMG1_7_B2,ALL,1,0,2,38
2012-11-20T04:15:00-00:00,2012-11-20T04:30:00-00:00,2012-11-19,21,LAPLMG1_7_B2,LAPLMG1_7_B2,LAPLMG1_7_B2,HASP,MCC,LMP_CONG_PRC,LAPLMG1_7_B2,ALL,1,0,2,38
2012-11-20T05:15:00-00:00,2012-11-20T05:30:00-00:00,2012-11-19,22,LAPLMG1_7_B2,LAPLMG1_7_B2,LAPLMG1_7_B2,HASP,MCC,LMP_CONG_PRC,LAPLMG1_7_B2,ALL,1,0.07151,2,38
2012-11-20T06:15:00-00:00,2012-11-20T06:30:00-00:00,2012-11-19,23,LAPLMG1_7_B2,LAPLMG1_7_B2,LAPLMG1_7_B2,HASP,MCC,LMP_CONG_PRC,LAPLMG1_7_B2,ALL,1,-0.07504,2,38
2012-11-20T07:15:00-00:00,2012-11-20T07:30:00-00:00,2012-11-19,24,LAPLMG1_7_B2,LAPLMG1_7_B2,LAPLMG1_7_B2,HASP,MCC,LMP_CONG_PRC,LAPLMG1_7_B2,ALL,1,-0.10689,2,38
2012-11-19T08:30:00-00:00,2012-11-19T08:45:00-00:00,2012-11-19,01,LAPLMG1_7_B2,LAPLMG1_7_B2,LAPLMG1_7_B2,HASP,MCC,LMP_CONG_PRC,LAPLMG1_7_B2,ALL,1,0.04898,3,38
2012-11-19T09:30:00-00:00,2012-11-19T09:45:00-00:00,2012-11-19,02,LAPLMG1_7_B2,LAPLMG1_7_B2,LAPLMG1_7_B2,HASP,MCC,LMP_CONG_PRC,LAPLMG1_7_B2,ALL,1,-0.16896,3,38
2012-11-19T10:30:00-00:00,2012-11-19T10:45:00-00:00,2012-11-19,03,LAPLMG1_7_B2,LAPLMG1_7_B2,LAPLMG1_7_B2,HASP,MCC,LMP_CONG_PRC,LAPLMG1_7_B2,ALL,1,-0.41302,3,38
2012-11-19T11:30:00-00:00,2012-11-19T11:45:00-00:00,2012-11-19,04,LAPLMG1_7_B2,LAPLMG1_7_B2,LAPLMG1_7_B2,HASP,MCC,LMP_CONG_PRC,LAPLMG1_7_B2,ALL,1,0,3,38
2012-11-19T12:30:00-00:00,2012-11-19T12:45:00-00:00,2012-11-19,05,LAPLMG1_7_B2,LAPLMG1_7_B2,LAPLMG1_7_B2,HASP,MCC,LMP_CONG_PRC,LAPLMG1_7_B2,ALL,1,-0.08449,3,38
2012-11-19T13:30:00-00:00,2012-11-19T13:45:00-00:00,2012-11-19,06,LAPLMG1_7_B2,LAPLMG1_7_B2,LAPLMG1_7_B2,HASP,MCC,LMP_CONG_PRC,LAPLMG1_7_B2,ALL,1,0.02353,3,38
2012-11-19T14:30:00-00:00,2012-11-19T14:45:00-00:00,2012-11-19,07,LAPLMG1_7_B2,LAPLMG1_7_B2,LAPLMG1_7_B2,HASP,MCC,LMP_CONG_PRC,LAPLMG1_7_B2,ALL,1,0,3,38
2012-11-19T15:30:00-00:00,2012-11-19T15:45:00-00:00,2012-11-19,08,LAPLMG1_7_B2,LAPLMG1_7_B2,LAPLMG1_7_B2,HASP,MCC,LMP_CONG_PRC,LAPLMG1_7_B2,ALL,1,-0.08545,3,38
2012-11-19T16:30:00-00:00,2012-11-19T16:45:00-00:00,2012-11-19,09,LAPLMG1_7_B2,LAPLMG1_7_B2,LAPLMG1_7_B2,HASP,MCC,LMP_CONG_PRC,LAPLMG1_7_B2,ALL,1,-0.10247,3,38
2012-11-19T17:30:00-00:00,2012-11-19T17:45:00-00:00,2012-11-19,10,LAPLMG1_7_B2,LAPLMG1_7_B2,LAPLMG1_7_B2,HASP,MCC,LMP_CONG_PRC,LAPLMG1_7_B2,ALL,1,-0.1039,3,38
2012-11-19T18:30:00-00:00,2012-11-19T18:45:00-00:00,2012-11-19,11,LAPLMG1_7_B2,LAPLMG1_7_B2,LAPLMG1_7_B2,HASP,MCC,LMP_CONG_PRC,LAPLMG1_7_B2,ALL,1,0,3,38
2012-11-19T19:30:00-00:00,2012-11-19T19:45:00-00:00,2012-11-19,12,LAPLMG1_7_B2,LAPLMG1_7_B2,LAPLMG1_7_B2,HASP,MCC,LMP_CONG_PRC,LAPLMG1_7_B2,ALL,1,0,3,38
2012-11-19T20:30:00-00:00,2012-11-19T20:45:00-00:00,2012-11-19,13,LAPLMG1_7_B2,LAPLMG1_7_B2,LAPLMG1_7_B2,HASP,MCC,LMP_CONG_PRC,LAPLMG1_7_B2,ALL,1,0,3,38
2012-11-19T21:30:00-00:00,2012-11-19T21:45:00-00:00,2012-11-19,14,LAPLMG1_7_B2,LAPLMG1_7_B2,LAPLMG1_7_B2,HASP,MCC,LMP_CONG_PRC,LAPLMG1_7_B2,ALL,1,0,3,38
2012-11-19T22:30:00-00:00,2012-11-19T22:45:00-00:00,2012-11-19,15,LAPLMG1_7_B2,LAPLMG1_7_B2,LAPLMG1_7_B2,HASP,MCC,LMP_CONG_PRC,LAPLMG1_7_B2,ALL,1,0,3,38
2012-11-19T23:30:00-00:00,2012-11-19T23:45:00-00:00,2012-11-19,16,LAPLMG1_7_B2,LAPLMG1_7_B2,LAPLMG1_7_B2,HASP,MCC,LMP_CONG_PRC,LAPLMG1_7_B2,ALL,1,0,3,38
2012-11-20T00:30:00-00:00,2012-11-20T00:45:00-00:00,2012-11-19,17,LAPLMG1_7_B2,LAPLMG1_7_B2,LAPLMG1_7_B2,HASP,MCC,LMP_CONG_PRC,LAPLMG1_7_B2,ALL,1,0,3,38
2012-11-20T01:30:00-00:00,2012-11-20T01:45:00-00:00,2012-11-19,18,LAPLMG1_7_B2,LAPLMG1_7_B2,LAPLMG1_7_B2,HASP,MCC,LMP_CONG_PRC,LAPLMG1_7_B2,ALL,1,0,3,38
2012-11-20T02:30:00-00:00,2012-11-20T02:45:00-00:00,2012-11-19,19,LAPLMG1_7_B2,LAPLMG1_7_B2,LAPLMG1_7_B2,HASP,MCC,LMP_CONG_PRC,LAPLMG1_7_B2,ALL,1,0,3,38
2012-11-20T03:30:00-00:00,2012-11-20T03:45:00-00:00,2012-11-19,20,LAPLMG1_7_B2,LAPLMG1_7_B2,LAPLMG1_7_B2,HASP,MCC,LMP_CONG_PRC,LAPLMG1_7_B2,ALL,1,0,3,38
2012-11-20T04:30:00-00:00,2012-11-20T04:45:00-00:00,2012-11-19,21,LAPLMG1_7_B2,LAPLMG1_7_B2,LAPLMG1_7_B2,HASP,MCC,LMP_CONG_PRC,LAPLMG1_7_B2,ALL,1,0,3,38
2012-11-20T05:30:00-00:00,2012-11-20T05:45:00-00:00,2012-11-19,22,LAPLMG1_7_B2,LAPLMG1_7_B2,LAPLMG1_7_B2,HASP,MCC,LMP_CONG_PRC,LAPLMG1_7_B2,ALL,1,-0.03974,3,38
2012-11-20T06:30:00-00:00,2012-11-20T06:45:00-00:00,2012-11-19,23,LAPLMG1_7_B2,LAPLMG1_7_B2,LAPLMG1_7_B2,HASP,MCC,LMP_CONG_PRC,LAPLMG1_7_B2,ALL,1,-0.08791,3,38
2012-11-20T07:30:00-00:00,2012-11-20T07:45:00-00:00,2012-11-19,24,LAPLMG1_7_B2,LAPLMG1_7_B2,LAPLMG1_7_B2,HASP,MCC,LMP_CONG_PRC,LAPLMG1_7_B2,ALL,1,-0.25159,3,38
2012-11-19T08:45:00-00:00,2012-11-19T09:00:00-00:00,2012-11-19,01,LAPLMG1_7_B2,LAPLMG1_7_B2,LAPLMG1_7_B2,HASP,MCC,LMP_CONG_PRC,LAPLMG1_7_B2,ALL,1,-0.26308,4,38
2012-11-19T09:45:00-00:00,2012-11-19T10:00:00-00:00,2012-11-19,02,LAPLMG1_7_B2,LAPLMG1_7_B2,LAPLMG1_7_B2,HASP,MCC,LMP_CONG_PRC,LAPLMG1_7_B2,ALL,1,-0.55084,4,38
2012-11-19T10:45:00-00:00,2012-11-19T11:00:00-00:00,2012-11-19,03,LAPLMG1_7_B2,LAPLMG1_7_B2,LAPLMG1_7_B2,HASP,MCC,LMP_CONG_PRC,LAPLMG1_7_B2,ALL,1,-0.25203,4,38
2012-11-19T11:45:00-00:00,2012-11-19T12:00:00-00:00,2012-11-19,04,LAPLMG1_7_B2,LAPLMG1_7_B2,LAPLMG1_7_B2,HASP,MCC,LMP_CONG_PRC,LAPLMG1_7_B2,ALL,1,0,4,38
2012-11-19T12:45:00-00:00,2012-11-19T13:00:00-00:00,2012-11-19,05,LAPLMG1_7_B2,LAPLMG1_7_B2,LAPLMG1_7_B2,HASP,MCC,LMP_CONG_PRC,LAPLMG1_7_B2,ALL,1,0,4,38
2012-11-19T13:45:00-00:00,2012-11-19T14:00:00-00:00,2012-11-19,06,LAPLMG1_7_B2,LAPLMG1_7_B2,LAPLMG1_7_B2,HASP,MCC,LMP_CONG_PRC,LAPLMG1_7_B2,ALL,1,0,4,38
2012-11-19T14:45:00-00:00,2012-11-19T15:00:00-00:00,2012-11-19,07,LAPLMG1_7_B2,LAPLMG1_7_B2,LAPLMG1_7_B2,HASP,MCC,LMP_CONG_PRC,LAPLMG1_7_B2,ALL,1,0,4,38
2012-11-19T15:45:00-00:00,2012-11-19T16:00:00-00:00,2012-11-19,08,LAPLMG1_7_B2,LAPLMG1_7_B2,LAPLMG1_7_B2,HASP,MCC,LMP_CONG_PRC,LAPLMG1_7_B2,ALL,1,-0.0485,4,38
2012-11-19T16:45:00-00:00,2012-11-19T17:00:00-00:00,2012-11-19,09,LAPLMG1_7_B2,LAPLMG1_7_B2,LAPLMG1_7_B2,HASP,MCC,LMP_CONG_PRC,LAPLMG1_7_B2,ALL,1,-0.06453,4,38
2012-11-19T17:45:00-00:00,2012-11-19T18:00:00-00:00,2012-11-19,10,LAPLMG1_7_B2,LAPLMG1_7_B2,LAPLMG1_7_B2,HASP,MCC,LMP_CONG_PRC,LAPLMG1_7_B2,ALL,1,-0.07141,4,38
2012-11-19T18:45:00-00:00,2012-11-19T19:00:00-00:00,2012-11-19,11,LAPLMG1_7_B2,LAPLMG1_7_B2,LAPLMG1_7_B2,HASP,MCC,LMP_CONG_PRC,LAPLMG1_7_B2,ALL,1,0,4,38
2012-11-19T19:45:00-00:00,2012-11-19T20:00:00-00:00,2012-11-19,12,LAPLMG1_7_B2,LAPLMG1_7_B2,LAPLMG1_7_B2,HASP,MCC,LMP_CONG_PRC,LAPLMG1_7_B2,ALL,1,0,4,38
2012-11-19T20:45:00-00:00,2012-11-19T21:00:00-00:00,2012-11-19,13,LAPLMG1_7_B2,LAPLMG1_7_B2,LAPLMG1_7_B2,HASP,MCC,LMP_CONG_PRC,LAPLMG1_7_B2,ALL,1,0,4,38
2012-11-19T21:45:00-00:00,2012-11-19T22:00:00-00:00,2012-11-19,14,LAPLMG1_7_B2,LAPLMG1_7_B2,LAPLMG1_7_B2,HASP,MCC,LMP_CONG_PRC,LAPLMG1_7_B2,ALL,1,0,4,38
2012-11-19T22:45:00-00:00,2012-11-19T23:00:00-00:00,2012-11-19,15,LAPLMG1_7_B2,LAPLMG1_7_B2,LAPLMG1_7_B2,HASP,MCC,LMP_CONG_PRC,LAPLMG1_7_B2,ALL,1,0,4,38
2012-11-19T23:45:00-00:00,2012-11-20T00:00:00-00:00,2012-11-19,16,LAPLMG1_7_B2,LAPLMG1_7_B2,LAPLMG1_7_B2,HASP,MCC,LMP_CONG_PRC,LAPLMG1_7_B2,ALL,1,0,4,38
2012-11-20T00:45:00-00:00,2012-11-20T01:00:00-00:00,2012-11-19,17,LAPLMG1_7_B2,LAPLMG1_7_B2,LAPLMG1_7_B2,HASP,MCC,LMP_CONG_PRC,LAPLMG1_7_B2,ALL,1,0,4,38
2012-11-20T01:45:00-00:00,2012-11-20T02:00:00-00:00,2012-11-19,18,LAPLMG1_7_B2,LAPLMG1_7_B2,LAPLMG1_7_B2,HASP,MCC,LMP_CONG_PRC,LAPLMG1_7_B2,ALL,1,0,4,38
2012-11-20T02:45:00-00:00,2012-11-20T03:00:00-00:00,2012-11-19,19,LAPLMG1_7_B2,LAPLMG1_7_B2,LAPLMG1_7_B2,HASP,MCC,LMP_CONG_PRC,LAPLMG1_7_B2,ALL,1,0,4,38
2012-11-20T03:45:00-00:00,2012-11-20T04:00:00-00:00,2012-11-19,20,LAPLMG1_7_B2,LAPLMG1_7_B2,LAPLMG1_7_B2,HASP,MCC,LMP_CONG_PRC,LAPLMG1_7_B2,ALL,1,0,4,38
2012-11-20T04:45:00-00:00,2012-11-20T05:00:00-00:00,2012-11-19,21,LAPLMG1_7_B2,LAPLMG1_7_B2,LAPLMG1_7_B2,HASP,MCC,LMP_CONG_PRC,LAPLMG1_7_B2,ALL,1,0,4,38
2012-11-20T05:45:00-00:00,2012-11-20T06:00:00-00:00,2012-11-19,22,LAPLMG1_7_B2,LAPLMG1_7_B2,LAPLMG1_7_B2,HASP,MCC,LMP_CONG_PRC,LAPLMG1_7_B2,ALL,1,-0.10752,4,38
2012-11-20T06:45:00-00:00,2012-11-20T07:00:00-00:00,2012-11-19,23,LAPLMG1_7_B2,LAPLMG1_7_B2,LAPLMG1_7_B2,HASP,MCC,LMP_CONG_PRC,LAPLMG1_7_B2,ALL,1,-0.16199,4,38
2012-11-20T07:45:00-00:00,2012-11-20T08:00:00-00:00,2012-11-19,24,LAPLMG1_7_B2,LAPLMG1_7_B2,LAPLMG1_7_B2,HASP,MCC,LMP_CONG_PRC,LAPLMG1_7_B2,ALL,1,-0.25462,4,38
2012-11-19T08:00:00-00:00,2012-11-19T08:15:00-00:00,2012-11-19,01,LAPLMG1_7_B2,LAPLMG1_7_B2,LAPLMG1_7_B2,HASP,MCE,LMP_ENE_PRC,LAPLMG1_7_B2,ALL,1,18.02565,1,39
2012-11-19T09:00:00-00:00,2012-11-19T09:15:00-00:00,2012-11-19,02,LAPLMG1_7_B2,LAPLMG1_7_B2,LAPLMG1_7_B2,HASP,MCE,LMP_ENE_PRC,LAPLMG1_7_B2,ALL,1,24.86837,1,39
2012-11-19T10:00:00-00:00,2012-11-19T10:15:00-00:00,2012-11-19,03,LAPLMG1_7_B2,LAPLMG1_7_B2,LAPLMG1_7_B2,HASP,MCE,LMP_ENE_PRC,LAPLMG1_7_B2,ALL,1,17.8048,1,39
2012-11-19T11:00:00-00:00,2012-11-19T11:15:00-00:00,2012-11-19,04,LAPLMG1_7_B2,LAPLMG1_7_B2,LAPLMG1_7_B2,HASP,MCE,LMP_ENE_PRC,LAPLMG1_7_B2,ALL,1,0.09342,1,39
2012-11-19T12:00:00-00:00,2012-11-19T12:15:00-00:00,2012-11-19,05,LAPLMG1_7_B2,LAPLMG1_7_B2,LAPLMG1_7_B2,HASP,MCE,LMP_ENE_PRC,LAPLMG1_7_B2,ALL,1,-13.44076,1,39
2012-11-19T13:00:00-00:00,2012-11-19T13:15:00-00:00,2012-11-19,06,LAPLMG1_7_B2,LAPLMG1_7_B2,LAPLMG1_7_B2,HASP,MCE,LMP_ENE_PRC,LAPLMG1_7_B2,ALL,1,22.037,1,39
2012-11-19T14:00:00-00:00,2012-11-19T14:15:00-00:00,2012-11-19,07,LAPLMG1_7_B2,LAPLMG1_7_B2,LAPLMG1_7_B2,HASP,MCE,LMP_ENE_PRC,LAPLMG1_7_B2,ALL,1,18.1864,1,39
2012-11-19T15:00:00-00:00,2012-11-19T15:15:00-00:00,2012-11-19,08,LAPLMG1_7_B2,LAPLMG1_7_B2,LAPLMG1_7_B2,HASP,MCE,LMP_ENE_PRC,LAPLMG1_7_B2,ALL,1,23.3908,1,39
2012-11-19T16:00:00-00:00,2012-11-19T16:15:00-00:00,2012-11-19,09,LAPLMG1_7_B2,LAPLMG1_7_B2,LAPLMG1_7_B2,HASP,MCE,LMP_ENE_PRC,LAPLMG1_7_B2,ALL,1,24.80941,1,39
2012-11-19T17:00:00-00:00,2012-11-19T17:15:00-00:00,2012-11-19,10,LAPLMG1_7_B2,LAPLMG1_7_B2,LAPLMG1_7_B2,HASP,MCE,LMP_ENE_PRC,LAPLMG1_7_B2,ALL,1,23.57828,1,39
2012-11-19T18:00:00-00:00,2012-11-19T18:15:00-00:00,2012-11-19,11,LAPLMG1_7_B2,LAPLMG1_7_B2,LAPLMG1_7_B2,HASP,MCE,LMP_ENE_PRC,LAPLMG1_7_B2,ALL,1,23.47368,1,39
2012-11-19T19:00:00-00:00,2012-11-19T19:15:00-00:00,2012-11-19,12,LAPLMG1_7_B2,LAPLMG1_7_B2,LAPLMG1_7_B2,HASP,MCE,LMP_ENE_PRC,LAPLMG1_7_B2,ALL,1,24.42039,1,39
2012-11-19T20:00:00-00:00,2012-11-19T20:15:00-00:00,2012-11-19,13,LAPLMG1_7_B2,LAPLMG1_7_B2,LAPLMG1_7_B2,HASP,MCE,LMP_ENE_PRC,LAPLMG1_7_B2,ALL,1,23.90185,1,39
2012-11-19T21:00:00-00:00,2012-11-19T21:15:00-00:00,2012-11-19,14,LAPLMG1_7_B2,LAPLMG1_7_B2,LAPLMG1_7_B2,HASP,MCE,LMP_ENE_PRC,LAPLMG1_7_B2,ALL,1,27.11032,1,39
2012-11-19T22:00:00-00:00,2012-11-19T22:15:00-00:00,2012-11-19,15,LAPLMG1_7_B2,LAPLMG1_7_B2,LAPLMG1_7_B2,HASP,MCE,LMP_ENE_PRC,LAPLMG1_7_B2,ALL,1,26.69405,1,39
2012-11-19T23:00:00-00:00,2012-11-19T23:15:00-00:00,2012-11-19,16,LAPLMG1_7_B2,LAPLMG1_7_B2,LAPLMG1_7_B2,HASP,MCE,LMP_ENE_PRC,LAPLMG1_7_B2,ALL,1,29.48995,1,39
2012-11-20T00:00:00-00:00,2012-11-20T00:15:00-00:00,2012-11-19,17,LAPLMG1_7_B2,LAPLMG1_7_B2,LAPLMG1_7_B2,HASP,MCE,LMP_ENE_PRC,LAPLMG1_7_B2,ALL,1,26.59508,1,39
2012-11-20T01:00:00-00:00,2012-11-20T01:15:00-00:00,2012-11-19,18,LAPLMG1_7_B2,LAPLMG1_7_B2,LAPLMG1_7_B2,HASP,MCE,LMP_ENE_PRC,LAPLMG1_7_B2,ALL,1,34.42639,1,39
2012-11-20T02:00:00-00:00,2012-11-20T02:15:00-00:00,2012-11-19,19,LAPLMG1_7_B2,LAPLMG1_7_B2,LAPLMG1_7_B2,HASP,MCE,LMP_ENE_PRC,LAPLMG1_7_B2,ALL,1,34.07921,1,39
2012-11-20T03:00:00-00:00,2012-11-20T03:15:00-00:00,2012-11-19,20,LAPLMG1_7_B2,LAPLMG1_7_B2,LAPLMG1_7_B2,HASP,MCE,LMP_ENE_PRC,LAPLMG1_7_B2,ALL,1,33.98994,1,39
2012-11-20T04:00:00-00:00,2012-11-20T04:15:00-00:00,2012-11-19,21,LAPLMG1_7_B2,LAPLMG1_7_B2,LAPLMG1_7_B2,HASP,MCE,LMP_ENE_PRC,LAPLMG1_7_B2,ALL,1,44.67835,1,39
2012-11-20T05:00:00-00:00,2012-11-20T05:15:00-00:00,2012-11-19,22,LAPLMG1_7_B2,LAPLMG1_7_B2,LAPLMG1_7_B2,HASP,MCE,LMP_ENE_PRC,LAPLMG1_7_B2,ALL,1,39.07407,1,39
2012-11-20T06:00:00-00:00,2012-11-20T06:15:00-00:00,2012-11-19,23,LAPLMG1_7_B2,LAPLMG1_7_B2,LAPLMG1_7_B2,HASP,MCE,LMP_ENE_PRC,LAPLMG1_7_B2,ALL,1,27.70248,1,39
2012-11-20T07:00:00-00:00,2012-11-20T07:15:00-00:00,2012-11-19,24,LAPLMG1_7_B2,LAPLMG1_7_B2,LAPLMG1_7_B2,HASP,MCE,LMP_ENE_PRC,LAPLMG1_7_B2,ALL,1,26.54952,1,39
2012-11-19T08:15:00-00:00,2012-11-19T08:30:00-00:00,2012-11-19,01,LAPLMG1_7_B2,LAPLMG1_7_B2,LAPLMG1_7_B2,HASP,MCE,LMP_ENE_PRC,LAPLMG1_7_B2,ALL,1,24.56952,2,39
2012-11-19T09:15:00-00:00,2012-11-19T09:30:00-00:00,2012-11-19,02,LAPLMG1_7_B2,LAPLMG1_7_B2,LAPLMG1_7_B2,HASP,MCE,LMP_ENE_PRC,LAPLMG1_7_B2,ALL,1,24.71131,2,39
2012-11-19T10:15:00-00:00,2012-11-19T10:30:00-00:00,2012-11-19,03,LAPLMG1_7_B2,LAPLMG1_7_B2,LAPLMG1_7_B2,HASP,MCE,LMP_ENE_PRC,LAPLMG1_7_B2,ALL,1,1.46599,2,39
2012-11-19T11:15:00-00:00,2012-11-19T11:30:00-00:00,2012-11-19,04,LAPLMG1_7_B2,LAPLMG1_7_B2,LAPLMG1_7_B2,HASP,MCE,LMP_ENE_PRC,LAPLMG1_7_B2,ALL,1,0.99059,2,39
2012-11-19T12:15:00-00:00,2012-11-19T12:30:00-00:00,2012-11-19,05,LAPLMG1_7_B2,LAPLMG1_7_B2,LAPLMG1_7_B2,HASP,MCE,LMP_ENE_PRC,LAPLMG1_7_B2,ALL,1,0.09451,2,39
2012-11-19T13:15:00-00:00,2012-11-19T13:30:00-00:00,2012-11-19,06,LAPLMG1_7_B2,LAPLMG1_7_B2,LAPLMG1_7_B2,HASP,MCE,LMP_ENE_PRC,LAPLMG1_7_B2,ALL,1,24.80755,2,39
2012-11-19T14:15:00-00:00,2012-11-19T14:30:00-00:00,2012-11-19,07,LAPLMG1_7_B2,LAPLMG1_7_B2,LAPLMG1_7_B2,HASP,MCE,LMP_ENE_PRC,LAPLMG1_7_B2,ALL,1,19.27285,2,39
2012-11-19T15:15:00-00:00,2012-11-19T15:30:00-00:00,2012-11-19,08,LAPLMG1_7_B2,LAPLMG1_7_B2,LAPLMG1_7_B2,HASP,MCE,LMP_ENE_PRC,LAPLMG1_7_B2,ALL,1,24.78843,2,39
2012-11-19T16:15:00-00:00,2012-11-19T16:30:00-00:00,2012-11-19,09,LAPLMG1_7_B2,LAPLMG1_7_B2,LAPLMG1_7_B2,HASP,MCE,LMP_ENE_PRC,LAPLMG1_7_B2,ALL,1,24.95523,2,39
2012-11-19T17:15:00-00:00,2012-11-19T17:30:00-00:00,2012-11-19,10,LAPLMG1_7_B2,LAPLMG1_7_B2,LAPLMG1_7_B2,HASP,MCE,LMP_ENE_PRC,LAPLMG1_7_B2,ALL,1,24.89746,2,39
2012-11-19T18:15:00-00:00,2012-11-19T18:30:00-00:00,2012-11-19,11,LAPLMG1_7_B2,LAPLMG1_7_B2,LAPLMG1_7_B2,HASP,MCE,LMP_ENE_PRC,LAPLMG1_7_B2,ALL,1,23.60669,2,39
2012-11-19T19:15:00-00:00,2012-11-19T19:30:00-00:00,2012-11-19,12,LAPLMG1_7_B2,LAPLMG1_7_B2,LAPLMG1_7_B2,HASP,MCE,LMP_ENE_PRC,LAPLMG1_7_B2,ALL,1,24.40294,2,39
2012-11-19T20:15:00-00:00,2012-11-19T20:30:00-00:00,2012-11-19,13,LAPLMG1_7_B2,LAPLMG1_7_B2,LAPLMG1_7_B2,HASP,MCE,LMP_ENE_PRC,LAPLMG1_7_B2,ALL,1,24.75503,2,39
2012-11-19T21:15:00-00:00,2012-11-19T21:30:00-00:00,2012-11-19,14,LAPLMG1_7_B2,LAPLMG1_7_B2,LAPLMG1_7_B2,HASP,MCE,LMP_ENE_PRC,LAPLMG1_7_B2,ALL,1,27.09138,2,39
2012-11-19T22:15:00-00:00,2012-11-19T22:30:00-00:00,2012-11-19,15,LAPLMG1_7_B2,LAPLMG1_7_B2,LAPLMG1_7_B2,HASP,MCE,LMP_ENE_PRC,LAPLMG1_7_B2,ALL,1,26.6257,2,39
2012-11-19T23:15:00-00:00,2012-11-19T23:30:00-00:00,2012-11-19,16,LAPLMG1_7_B2,LAPLMG1_7_B2,LAPLMG1_7_B2,HASP,MCE,LMP_ENE_PRC,LAPLMG1_7_B2,ALL,1,29.12503,2,39
2012-11-20T00:15:00-00:00,2012-11-20T00:30:00-00:00,2012-11-19,17,LAPLMG1_7_B2,LAPLMG1_7_B2,LAPLMG1_7_B2,HASP,MCE,LMP_ENE_PRC,LAPLMG1_7_B2,ALL,1,27.92133,2,39
2012-11-20T01:15:00-00:00,2012-11-20T01:30:00-00:00,2012-11-19,18,LAPLMG1_7_B2,LAPLMG1_7_B2,LAPLMG1_7_B2,HASP,MCE,LMP_ENE_PRC,LAPLMG1_7_B2,ALL,1,38.92167,2,39
2012-11-20T02:15:00-00:00,2012-11-20T02:30:00-00:00,2012-11-19,19,LAPLMG1_7_B2,LAPLMG1_7_B2,LAPLMG1_7_B2,HASP,MCE,LMP_ENE_PRC,LAPLMG1_7_B2,ALL,1,34.07563,2,39
2012-11-20T03:15:00-00:00,2012-11-20T03:30:00-00:00,2012-11-19,20,LAPLMG1_7_B2,LAPLMG1_7_B2,LAPLMG1_7_B2,HASP,MCE,LMP_ENE_PRC,LAPLMG1_7_B2,ALL,1,30.52023,2,39
2012-11-20T04:15:00-00:00,2012-11-20T04:30:00-00:00,2012-11-19,21,LAPLMG1_7_B2,LAPLMG1_7_B2,LAPLMG1_7_B2,HASP,MCE,LMP_ENE_PRC,LAPLMG1_7_B2,ALL,1,41.13808,2,39
2012-11-20T05:15:00-00:00,2012-11-20T05:30:00-00:00,2012-11-19,22,LAPLMG1_7_B2,LAPLMG1_7_B2,LAPLMG1_7_B2,HASP,MCE,LMP_ENE_PRC,LAPLMG1_7_B2,ALL,1,33.79463,2,39
2012-11-20T06:15:00-00:00,2012-11-20T06:30:00-00:00,2012-11-19,23,LAPLMG1_7_B2,LAPLMG1_7_B2,LAPLMG1_7_B2,HASP,MCE,LMP_ENE_PRC,LAPLMG1_7_B2,ALL,1,26.44449,2,39
2012-11-20T07:15:00-00:00,2012-11-20T07:30:00-00:00,2012-11-19,24,LAPLMG1_7_B2,LAPLMG1_7_B2,LAPLMG1_7_B2,HASP,MCE,LMP_ENE_PRC,LAPLMG1_7_B2,ALL,1,25.04481,2,39
2012-11-19T08:30:00-00:00,2012-11-19T08:45:00-00:00,2012-11-19,01,LAPLMG1_7_B2,LAPLMG1_7_B2,LAPLMG1_7_B2,HASP,MCE,LMP_ENE_PRC,LAPLMG1_7_B2,ALL,1,24.46994,3,39
2012-11-19T09:30:00-00:00,2012-11-19T09:45:00-00:00,2012-11-19,02,LAPLMG1_7_B2,LAPLMG1_7_B2,LAPLMG1_7_B2,HASP,MCE,LMP_ENE_PRC,LAPLMG1_7_B2,ALL,1,22.38701,3,39
2012-11-19T10:30:00-00:00,2012-11-19T10:45:00-00:00,2012-11-19,03,LAPLMG1_7_B2,LAPLMG1_7_B2,LAPLMG1_7_B2,HASP,MCE,LMP_ENE_PRC,LAPLMG1_7_B2,ALL,1,1.46346,3,39
2012-11-19T11:30:00-00:00,2012-11-19T11:45:00-00:00,2012-11-19,04,LAPLMG1_7_B2,LAPLMG1_7_B2,LAPLMG1_7_B2,HASP,MCE,LMP_ENE_PRC,LAPLMG1_7_B2,ALL,1,0.99929,3,39
2012-11-19T12:30:00-00:00,2012-11-19T12:45:00-00:00,2012-11-19,05,LAPLMG1_7_B2,LAPLMG1_7_B2,LAPLMG1_7_B2,HASP,MCE,LMP_ENE_PRC,LAPLMG1_7_B2,ALL,1,17.82718,3,39
2012-11-19T13:30:00-00:00,2012-11-19T13:45:00-00:00,2012-11-19,06,LAPLMG1_7_B2,LAPLMG1_7_B2,LAPLMG1_7_B2,HASP,MCE,LMP_ENE_PRC,LAPLMG1_7_B2,ALL,1,23.20672,3,39
2012-11-19T14:30:00-00:00,2012-11-19T14:45:00-00:00,2012-11-19,07,LAPLMG1_7_B2,LAPLMG1_7_B2,LAPLMG1_7_B2,HASP,MCE,LMP_ENE_PRC,LAPLMG1_7_B2,ALL,1,24.8391,3,39
2012-11-19T15:30:00-00:00,2012-11-19T15:45:00-00:00,2012-11-19,08,LAPLMG1_7_B2,LAPLMG1_7_B2,LAPLMG1_7_B2,HASP,MCE,LMP_ENE_PRC,LAPLMG1_7_B2,ALL,1,26.13423,3,39
2012-11-19T16:30:00-00:00,2012-11-19T16:45:00-00:00,2012-11-19,09,LAPLMG1_7_B2,LAPLMG1_7_B2,LAPLMG1_7_B2,HASP,MCE,LMP_ENE_PRC,LAPLMG1_7_B2,ALL,1,25.18881,3,39
2012-11-19T17:30:00-00:00,2012-11-19T17:45:00-00:00,2012-11-19,10,LAPLMG1_7_B2,LAPLMG1_7_B2,LAPLMG1_7_B2,HASP,MCE,LMP_ENE_PRC,LAPLMG1_7_B2,ALL,1,25.05444,3,39
2012-11-19T18:30:00-00:00,2012-11-19T18:45:00-00:00,2012-11-19,11,LAPLMG1_7_B2,LAPLMG1_7_B2,LAPLMG1_7_B2,HASP,MCE,LMP_ENE_PRC,LAPLMG1_7_B2,ALL,1,24.80667,3,39
2012-11-19T19:30:00-00:00,2012-11-19T19:45:00-00:00,2012-11-19,12,LAPLMG1_7_B2,LAPLMG1_7_B2,LAPLMG1_7_B2,HASP,MCE,LMP_ENE_PRC,LAPLMG1_7_B2,ALL,1,24.39796,3,39
2012-11-19T20:30:00-00:00,2012-11-19T20:45:00-00:00,2012-11-19,13,LAPLMG1_7_B2,LAPLMG1_7_B2,LAPLMG1_7_B2,HASP,MCE,LMP_ENE_PRC,LAPLMG1_7_B2,ALL,1,24.9621,3,39
2012-11-19T21:30:00-00:00,2012-11-19T21:45:00-00:00,2012-11-19,14,LAPLMG1_7_B2,LAPLMG1_7_B2,LAPLMG1_7_B2,HASP,MCE,LMP_ENE_PRC,LAPLMG1_7_B2,ALL,1,27.11032,3,39
2012-11-19T22:30:00-00:00,2012-11-19T22:45:00-00:00,2012-11-19,15,LAPLMG1_7_B2,LAPLMG1_7_B2,LAPLMG1_7_B2,HASP,MCE,LMP_ENE_PRC,LAPLMG1_7_B2,ALL,1,26.59785,3,39
2012-11-19T23:30:00-00:00,2012-11-19T23:45:00-00:00,2012-11-19,16,LAPLMG1_7_B2,LAPLMG1_7_B2,LAPLMG1_7_B2,HASP,MCE,LMP_ENE_PRC,LAPLMG1_7_B2,ALL,1,30.17973,3,39
2012-11-20T00:30:00-00:00,2012-11-20T00:45:00-00:00,2012-11-19,17,LAPLMG1_7_B2,LAPLMG1_7_B2,LAPLMG1_7_B2,HASP,MCE,LMP_ENE_PRC,LAPLMG1_7_B2,ALL,1,32.87483,3,39
2012-11-20T01:30:00-00:00,2012-11-20T01:45:00-00:00,2012-11-19,18,LAPLMG1_7_B2,LAPLMG1_7_B2,LAPLMG1_7_B2,HASP,MCE,LMP_ENE_PRC,LAPLMG1_7_B2,ALL,1,40.96042,3,39
2012-11-20T02:30:00-00:00,2012-11-20T02:45:00-00:00,2012-11-19,19,LAPLMG1_7_B2,LAPLMG1_7_B2,LAPLMG1_7_B2,HASP,MCE,LMP_ENE_PRC,LAPLMG1_7_B2,ALL,1,29.75052,3,39
2012-11-20T03:30:00-00:00,2012-11-20T03:45:00-00:00,2012-11-19,20,LAPLMG1_7_B2,LAPLMG1_7_B2,LAPLMG1_7_B2,HASP,MCE,LMP_ENE_PRC,LAPLMG1_7_B2,ALL,1,29.61507,3,39
2012-11-20T04:30:00-00:00,2012-11-20T04:45:00-00:00,2012-11-19,21,LAPLMG1_7_B2,LAPLMG1_7_B2,LAPLMG1_7_B2,HASP,MCE,LMP_ENE_PRC,LAPLMG1_7_B2,ALL,1,35.74879,3,39
2012-11-20T05:30:00-00:00,2012-11-20T05:45:00-00:00,2012-11-19,22,LAPLMG1_7_B2,LAPLMG1_7_B2,LAPLMG1_7_B2,HASP,MCE,LMP_ENE_PRC,LAPLMG1_7_B2,ALL,1,28.32609,3,39
2012-11-20T06:30:00-00:00,2012-11-20T06:45:00-00:00,2012-11-19,23,LAPLMG1_7_B2,LAPLMG1_7_B2,LAPLMG1_7_B2,HASP,MCE,LMP_ENE_PRC,LAPLMG1_7_B2,ALL,1,25.93715,3,39
2012-11-20T07:30:00-00:00,2012-11-20T07:45:00-00:00,2012-11-19,24,LAPLMG1_7_B2,LAPLMG1_7_B2,LAPLMG1_7_B2,HASP,MCE,LMP_ENE_PRC,LAPLMG1_7_B2,ALL,1,18.31663,3,39
2012-11-19T08:45:00-00:00,2012-11-19T09:00:00-00:00,2012-11-19,01,LAPLMG1_7_B2,LAPLMG1_7_B2,LAPLMG1_7_B2,HASP,MCE,LMP_ENE_PRC,LAPLMG1_7_B2,ALL,1,17.9666,4,39
2012-11-19T09:45:00-00:00,2012-11-19T10:00:00-00:00,2012-11-19,02,LAPLMG1_7_B2,LAPLMG1_7_B2,LAPLMG1_7_B2,HASP,MCE,LMP_ENE_PRC,LAPLMG1_7_B2,ALL,1,4.28776,4,39
2012-11-19T10:45:00-00:00,2012-11-19T11:00:00-00:00,2012-11-19,03,LAPLMG1_7_B2,LAPLMG1_7_B2,LAPLMG1_7_B2,HASP,MCE,LMP_ENE_PRC,LAPLMG1_7_B2,ALL,1,9.47752,4,39
2012-11-19T11:45:00-00:00,2012-11-19T12:00:00-00:00,2012-11-19,04,LAPLMG1_7_B2,LAPLMG1_7_B2,LAPLMG1_7_B2,HASP,MCE,LMP_ENE_PRC,LAPLMG1_7_B2,ALL,1,17.78173,4,39
2012-11-19T12:45:00-00:00,2012-11-19T13:00:00-00:00,2012-11-19,05,LAPLMG1_7_B2,LAPLMG1_7_B2,LAPLMG1_7_B2,HASP,MCE,LMP_ENE_PRC,LAPLMG1_7_B2,ALL,1,26.75461,4,39
2012-11-19T13:45:00-00:00,2012-11-19T14:00:00-00:00,2012-11-19,06,LAPLMG1_7_B2,LAPLMG1_7_B2,LAPLMG1_7_B2,HASP,MCE,LMP_ENE_PRC,LAPLMG1_7_B2,ALL,1,32.72573,4,39
2012-11-19T14:45:00-00:00,2012-11-19T15:00:00-00:00,2012-11-19,07,LAPLMG1_7_B2,LAPLMG1_7_B2,LAPLMG1_7_B2,HASP,MCE,LMP_ENE_PRC,LAPLMG1_7_B2,ALL,1,25.85998,4,39
2012-11-19T15:45:00-00:00,2012-11-19T16:00:00-00:00,2012-11-19,08,LAPLMG1_7_B2,LAPLMG1_7_B2,LAPLMG1_7_B2,HASP,MCE,LMP_ENE_PRC,LAPLMG1_7_B2,ALL,1,27.94406,4,39
2012-11-19T16:45:00-00:00,2012-11-19T17:00:00-00:00,2012-11-19,09,LAPLMG1_7_B2,LAPLMG1_7_B2,LAPLMG1_7_B2,HASP,MCE,LMP_ENE_PRC,LAPLMG1_7_B2,ALL,1,27.17774,4,39
2012-11-19T17:45:00-00:00,2012-11-19T18:00:00-00:00,2012-11-19,10,LAPLMG1_7_B2,LAPLMG1_7_B2,LAPLMG1_7_B2,HASP,MCE,LMP_ENE_PRC,LAPLMG1_7_B2,ALL,1,26.62789,4,39
2012-11-19T18:45:00-00:00,2012-11-19T19:00:00-00:00,2012-11-19,11,LAPLMG1_7_B2,LAPLMG1_7_B2,LAPLMG1_7_B2,HASP,MCE,LMP_ENE_PRC,LAPLMG1_7_B2,ALL,1,24.70661,4,39
2012-11-19T19:45:00-00:00,2012-11-19T20:00:00-00:00,2012-11-19,12,LAPLMG1_7_B2,LAPLMG1_7_B2,LAPLMG1_7_B2,HASP,MCE,LMP_ENE_PRC,LAPLMG1_7_B2,ALL,1,24.43037,4,39
2012-11-19T20:45:00-00:00,2012-11-19T21:00:00-00:00,2012-11-19,13,LAPLMG1_7_B2,LAPLMG1_7_B2,LAPLMG1_7_B2,HASP,MCE,LMP_ENE_PRC,LAPLMG1_7_B2,ALL,1,25.03548,4,39
2012-11-19T21:45:00-00:00,2012-11-19T22:00:00-00:00,2012-11-19,14,LAPLMG1_7_B2,LAPLMG1_7_B2,LAPLMG1_7_B2,HASP,MCE,LMP_ENE_PRC,LAPLMG1_7_B2,ALL,1,27.09138,4,39
2012-11-19T22:45:00-00:00,2012-11-19T23:00:00-00:00,2012-11-19,15,LAPLMG1_7_B2,LAPLMG1_7_B2,LAPLMG1_7_B2,HASP,MCE,LMP_ENE_PRC,LAPLMG1_7_B2,ALL,1,26.57357,4,39
2012-11-19T23:45:00-00:00,2012-11-20T00:00:00-00:00,2012-11-19,16,LAPLMG1_7_B2,LAPLMG1_7_B2,LAPLMG1_7_B2,HASP,MCE,LMP_ENE_PRC,LAPLMG1_7_B2,ALL,1,30.4658,4,39
2012-11-20T00:45:00-00:00,2012-11-20T01:00:00-00:00,2012-11-19,17,LAPLMG1_7_B2,LAPLMG1_7_B2,LAPLMG1_7_B2,HASP,MCE,LMP_ENE_PRC,LAPLMG1_7_B2,ALL,1,48.42955,4,39
2012-11-20T01:45:00-00:00,2012-11-20T02:00:00-00:00,2012-11-19,18,LAPLMG1_7_B2,LAPLMG1_7_B2,LAPLMG1_7_B2,HASP,MCE,LMP_ENE_PRC,LAPLMG1_7_B2,ALL,1,41.96008,4,39
2012-11-20T02:45:00-00:00,2012-11-20T03:00:00-00:00,2012-11-19,19,LAPLMG1_7_B2,LAPLMG1_7_B2,LAPLMG1_7_B2,HASP,MCE,LMP_ENE_PRC,LAPLMG1_7_B2,ALL,1,28.01702,4,39
2012-11-20T03:45:00-00:00,2012-11-20T04:00:00-00:00,2012-11-19,20,LAPLMG1_7_B2,LAPLMG1_7_B2,LAPLMG1_7_B2,HASP,MCE,LMP_ENE_PRC,LAPLMG1_7_B2,ALL,1,28.00711,4,39
2012-11-20T04:45:00-00:00,2012-11-20T05:00:00-00:00,2012-11-19,21,LAPLMG1_7_B2,LAPLMG1_7_B2,LAPLMG1_7_B2,HASP,MCE,LMP_ENE_PRC,LAPLMG1_7_B2,ALL,1,29.52342,4,39
2012-11-20T05:45:00-00:00,2012-11-20T06:00:00-00:00,2012-11-19,22,LAPLMG1_7_B2,LAPLMG1_7_B2,LAPLMG1_7_B2,HASP,MCE,LMP_ENE_PRC,LAPLMG1_7_B2,ALL,1,25.05557,4,39
2012-11-20T06:45:00-00:00,2012-11-20T07:00:00-00:00,2012-11-19,23,LAPLMG1_7_B2,LAPLMG1_7_B2,LAPLMG1_7_B2,HASP,MCE,LMP_ENE_PRC,LAPLMG1_7_B2,ALL,1,22.53862,4,39
2012-11-20T07:45:00-00:00,2012-11-20T08:00:00-00:00,2012-11-19,24,LAPLMG1_7_B2,LAPLMG1_7_B2,LAPLMG1_7_B2,HASP,MCE,LMP_ENE_PRC,LAPLMG1_7_B2,ALL,1,18.24434,4,39
2012-11-19T08:00:00-00:00,2012-11-19T08:15:00-00:00,2012-11-19,01,LAPLMG1_7_B2,LAPLMG1_7_B2,LAPLMG1_7_B2,HASP,MCL,LMP_LOSS_PRC,LAPLMG1_7_B2,ALL,1,-0.70841,1,40
2012-11-19T09:00:00-00:00,2012-11-19T09:15:00-00:00,2012-11-19,02,LAPLMG1_7_B2,LAPLMG1_7_B2,LAPLMG1_7_B2,HASP,MCL,LMP_LOSS_PRC,LAPLMG1_7_B2,ALL,1,-1.11162,1,40
2012-11-19T10:00:00-00:00,2012-11-19T10:15:00-00:00,2012-11-19,03,LAPLMG1_7_B2,LAPLMG1_7_B2,LAPLMG1_7_B2,HASP,MCL,LMP_LOSS_PRC,LAPLMG1_7_B2,ALL,1,-0.61961,1,40
2012-11-19T11:00:00-00:00,2012-11-19T11:15:00-00:00,2012-11-19,04,LAPLMG1_7_B2,LAPLMG1_7_B2,LAPLMG1_7_B2,HASP,MCL,LMP_LOSS_PRC,LAPLMG1_7_B2,ALL,1,-0.0032,1,40
2012-11-19T12:00:00-00:00,2012-11-19T12:15:00-00:00,2012-11-19,05,LAPLMG1_7_B2,LAPLMG1_7_B2,LAPLMG1_7_B2,HASP,MCL,LMP_LOSS_PRC,LAPLMG1_7_B2,ALL,1,0.49462,1,40
2012-11-19T13:00:00-00:00,2012-11-19T13:15:00-00:00,2012-11-19,06,LAPLMG1_7_B2,LAPLMG1_7_B2,LAPLMG1_7_B2,HASP,MCL,LMP_LOSS_PRC,LAPLMG1_7_B2,ALL,1,-0.90572,1,40
2012-11-19T14:00:00-00:00,2012-11-19T14:15:00-00:00,2012-11-19,07,LAPLMG1_7_B2,LAPLMG1_7_B2,LAPLMG1_7_B2,HASP,MCL,LMP_LOSS_PRC,LAPLMG1_7_B2,ALL,1,-0.80202,1,40
2012-11-19T15:00:00-00:00,2012-11-19T15:15:00-00:00,2012-11-19,08,LAPLMG1_7_B2,LAPLMG1_7_B2,LAPLMG1_7_B2,HASP,MCL,LMP_LOSS_PRC,LAPLMG1_7_B2,ALL,1,-1.12744,1,40
2012-11-19T16:00:00-00:00,2012-11-19T16:15:00-00:00,2012-11-19,09,LAPLMG1_7_B2,LAPLMG1_7_B2,LAPLMG1_7_B2,HASP,MCL,LMP_LOSS_PRC,LAPLMG1_7_B2,ALL,1,-1.23551,1,40
2012-11-19T17:00:00-00:00,2012-11-19T17:15:00-00:00,2012-11-19,10,LAPLMG1_7_B2,LAPLMG1_7_B2,LAPLMG1_7_B2,HASP,MCL,LMP_LOSS_PRC,LAPLMG1_7_B2,ALL,1,-1.13883,1,40
2012-11-19T18:00:00-00:00,2012-11-19T18:15:00-00:00,2012-11-19,11,LAPLMG1_7_B2,LAPLMG1_7_B2,LAPLMG1_7_B2,HASP,MCL,LMP_LOSS_PRC,LAPLMG1_7_B2,ALL,1,-1.08448,1,40
2012-11-19T19:00:00-00:00,2012-11-19T19:15:00-00:00,2012-11-19,12,LAPLMG1_7_B2,LAPLMG1_7_B2,LAPLMG1_7_B2,HASP,MCL,LMP_LOSS_PRC,LAPLMG1_7_B2,ALL,1,-1.17462,1,40
2012-11-19T20:00:00-00:00,2012-11-19T20:15:00-00:00,2012-11-19,13,LAPLMG1_7_B2,LAPLMG1_7_B2,LAPLMG1_7_B2,HASP,MCL,LMP_LOSS_PRC,LAPLMG1_7_B2,ALL,1,-1.15446,1,40
2012-11-19T21:00:00-00:00,2012-11-19T21:15:00-00:00,2012-11-19,14,LAPLMG1_7_B2,LAPLMG1_7_B2,LAPLMG1_7_B2,HASP,MCL,LMP_LOSS_PRC,LAPLMG1_7_B2,ALL,1,-1.40431,1,40
2012-11-19T22:00:00-00:00,2012-11-19T22:15:00-00:00,2012-11-19,15,LAPLMG1_7_B2,LAPLMG1_7_B2,LAPLMG1_7_B2,HASP,MCL,LMP_LOSS_PRC,LAPLMG1_7_B2,ALL,1,-1.36407,1,40
2012-11-19T23:00:00-00:00,2012-11-19T23:15:00-00:00,2012-11-19,16,LAPLMG1_7_B2,LAPLMG1_7_B2,LAPLMG1_7_B2,HASP,MCL,LMP_LOSS_PRC,LAPLMG1_7_B2,ALL,1,-1.50104,1,40
2012-11-20T00:00:00-00:00,2012-11-20T00:15:00-00:00,2012-11-19,17,LAPLMG1_7_B2,LAPLMG1_7_B2,LAPLMG1_7_B2,HASP,MCL,LMP_LOSS_PRC,LAPLMG1_7_B2,ALL,1,-1.32443,1,40
2012-11-20T01:00:00-00:00,2012-11-20T01:15:00-00:00,2012-11-19,18,LAPLMG1_7_B2,LAPLMG1_7_B2,LAPLMG1_7_B2,HASP,MCL,LMP_LOSS_PRC,LAPLMG1_7_B2,ALL,1,-1.92788,1,40
2012-11-20T02:00:00-00:00,2012-11-20T02:15:00-00:00,2012-11-19,19,LAPLMG1_7_B2,LAPLMG1_7_B2,LAPLMG1_7_B2,HASP,MCL,LMP_LOSS_PRC,LAPLMG1_7_B2,ALL,1,-1.95274,1,40
2012-11-20T03:00:00-00:00,2012-11-20T03:15:00-00:00,2012-11-19,20,LAPLMG1_7_B2,LAPLMG1_7_B2,LAPLMG1_7_B2,HASP,MCL,LMP_LOSS_PRC,LAPLMG1_7_B2,ALL,1,-1.86945,1,40
2012-11-20T04:00:00-00:00,2012-11-20T04:15:00-00:00,2012-11-19,21,LAPLMG1_7_B2,LAPLMG1_7_B2,LAPLMG1_7_B2,HASP,MCL,LMP_LOSS_PRC,LAPLMG1_7_B2,ALL,1,-2.51986,1,40
2012-11-20T05:00:00-00:00,2012-11-20T05:15:00-00:00,2012-11-19,22,LAPLMG1_7_B2,LAPLMG1_7_B2,LAPLMG1_7_B2,HASP,MCL,LMP_LOSS_PRC,LAPLMG1_7_B2,ALL,1,-2.11781,1,40
2012-11-20T06:00:00-00:00,2012-11-20T06:15:00-00:00,2012-11-19,23,LAPLMG1_7_B2,LAPLMG1_7_B2,LAPLMG1_7_B2,HASP,MCL,LMP_LOSS_PRC,LAPLMG1_7_B2,ALL,1,-1.24938,1,40
2012-11-20T07:00:00-00:00,2012-11-20T07:15:00-00:00,2012-11-19,24,LAPLMG1_7_B2,LAPLMG1_7_B2,LAPLMG1_7_B2,HASP,MCL,LMP_LOSS_PRC,LAPLMG1_7_B2,ALL,1,-1.05667,1,40
2012-11-19T08:15:00-00:00,2012-11-19T08:30:00-00:00,2012-11-19,01,LAPLMG1_7_B2,LAPLMG1_7_B2,LAPLMG1_7_B2,HASP,MCL,LMP_LOSS_PRC,LAPLMG1_7_B2,ALL,1,-0.99507,2,40
2012-11-19T09:15:00-00:00,2012-11-19T09:30:00-00:00,2012-11-19,02,LAPLMG1_7_B2,LAPLMG1_7_B2,LAPLMG1_7_B2,HASP,MCL,LMP_LOSS_PRC,LAPLMG1_7_B2,ALL,1,-1.11201,2,40
2012-11-19T10:15:00-00:00,2012-11-19T10:30:00-00:00,2012-11-19,03,LAPLMG1_7_B2,LAPLMG1_7_B2,LAPLMG1_7_B2,HASP,MCL,LMP_LOSS_PRC,LAPLMG1_7_B2,ALL,1,-0.05072,2,40
2012-11-19T11:15:00-00:00,2012-11-19T11:30:00-00:00,2012-11-19,04,LAPLMG1_7_B2,LAPLMG1_7_B2,LAPLMG1_7_B2,HASP,MCL,LMP_LOSS_PRC,LAPLMG1_7_B2,ALL,1,-0.03378,2,40
2012-11-19T12:15:00-00:00,2012-11-19T12:30:00-00:00,2012-11-19,05,LAPLMG1_7_B2,LAPLMG1_7_B2,LAPLMG1_7_B2,HASP,MCL,LMP_LOSS_PRC,LAPLMG1_7_B2,ALL,1,-0.00348,2,40
2012-11-19T13:15:00-00:00,2012-11-19T13:30:00-00:00,2012-11-19,06,LAPLMG1_7_B2,LAPLMG1_7_B2,LAPLMG1_7_B2,HASP,MCL,LMP_LOSS_PRC,LAPLMG1_7_B2,ALL,1,-1.02455,2,40
2012-11-19T14:15:00-00:00,2012-11-19T14:30:00-00:00,2012-11-19,07,LAPLMG1_7_B2,LAPLMG1_7_B2,LAPLMG1_7_B2,HASP,MCL,LMP_LOSS_PRC,LAPLMG1_7_B2,ALL,1,-0.87499,2,40
2012-11-19T15:15:00-00:00,2012-11-19T15:30:00-00:00,2012-11-19,08,LAPLMG1_7_B2,LAPLMG1_7_B2,LAPLMG1_7_B2,HASP,MCL,LMP_LOSS_PRC,LAPLMG1_7_B2,ALL,1,-1.24934,2,40
2012-11-19T16:15:00-00:00,2012-11-19T16:30:00-00:00,2012-11-19,09,LAPLMG1_7_B2,LAPLMG1_7_B2,LAPLMG1_7_B2,HASP,MCL,LMP_LOSS_PRC,LAPLMG1_7_B2,ALL,1,-1.23778,2,40
2012-11-19T17:15:00-00:00,2012-11-19T17:30:00-00:00,2012-11-19,10,LAPLMG1_7_B2,LAPLMG1_7_B2,LAPLMG1_7_B2,HASP,MCL,LMP_LOSS_PRC,LAPLMG1_7_B2,ALL,1,-1.21002,2,40
2012-11-19T18:15:00-00:00,2012-11-19T18:30:00-00:00,2012-11-19,11,LAPLMG1_7_B2,LAPLMG1_7_B2,LAPLMG1_7_B2,HASP,MCL,LMP_LOSS_PRC,LAPLMG1_7_B2,ALL,1,-1.12604,2,40
2012-11-19T19:15:00-00:00,2012-11-19T19:30:00-00:00,2012-11-19,12,LAPLMG1_7_B2,LAPLMG1_7_B2,LAPLMG1_7_B2,HASP,MCL,LMP_LOSS_PRC,LAPLMG1_7_B2,ALL,1,-1.17378,2,40
2012-11-19T20:15:00-00:00,2012-11-19T20:30:00-00:00,2012-11-19,13,LAPLMG1_7_B2,LAPLMG1_7_B2,LAPLMG1_7_B2,HASP,MCL,LMP_LOSS_PRC,LAPLMG1_7_B2,ALL,1,-1.19814,2,40
2012-11-19T21:15:00-00:00,2012-11-19T21:30:00-00:00,2012-11-19,14,LAPLMG1_7_B2,LAPLMG1_7_B2,LAPLMG1_7_B2,HASP,MCL,LMP_LOSS_PRC,LAPLMG1_7_B2,ALL,1,-1.39521,2,40
2012-11-19T22:15:00-00:00,2012-11-19T22:30:00-00:00,2012-11-19,15,LAPLMG1_7_B2,LAPLMG1_7_B2,LAPLMG1_7_B2,HASP,MCL,LMP_LOSS_PRC,LAPLMG1_7_B2,ALL,1,-1.33661,2,40
2012-11-19T23:15:00-00:00,2012-11-19T23:30:00-00:00,2012-11-19,16,LAPLMG1_7_B2,LAPLMG1_7_B2,LAPLMG1_7_B2,HASP,MCL,LMP_LOSS_PRC,LAPLMG1_7_B2,ALL,1,-1.4912,2,40
2012-11-20T00:15:00-00:00,2012-11-20T00:30:00-00:00,2012-11-19,17,LAPLMG1_7_B2,LAPLMG1_7_B2,LAPLMG1_7_B2,HASP,MCL,LMP_LOSS_PRC,LAPLMG1_7_B2,ALL,1,-1.48541,2,40
2012-11-20T01:15:00-00:00,2012-11-20T01:30:00-00:00,2012-11-19,18,LAPLMG1_7_B2,LAPLMG1_7_B2,LAPLMG1_7_B2,HASP,MCL,LMP_LOSS_PRC,LAPLMG1_7_B2,ALL,1,-2.26135,2,40
2012-11-20T02:15:00-00:00,2012-11-20T02:30:00-00:00,2012-11-19,19,LAPLMG1_7_B2,LAPLMG1_7_B2,LAPLMG1_7_B2,HASP,MCL,LMP_LOSS_PRC,LAPLMG1_7_B2,ALL,1,-1.94913,2,40
2012-11-20T03:15:00-00:00,2012-11-20T03:30:00-00:00,2012-11-19,20,LAPLMG1_7_B2,LAPLMG1_7_B2,LAPLMG1_7_B2,HASP,MCL,LMP_LOSS_PRC,LAPLMG1_7_B2,ALL,1,-1.66946,2,40
2012-11-20T04:15:00-00:00,2012-11-20T04:30:00-00:00,2012-11-19,21,LAPLMG1_7_B2,LAPLMG1_7_B2,LAPLMG1_7_B2,HASP,MCL,LMP_LOSS_PRC,LAPLMG1_7_B2,ALL,1,-2.32842,2,40
2012-11-20T05:15:00-00:00,2012-11-20T05:30:00-00:00,2012-11-19,22,LAPLMG1_7_B2,LAPLMG1_7_B2,LAPLMG1_7_B2,HASP,MCL,LMP_LOSS_PRC,LAPLMG1_7_B2,ALL,1,-1.74718,2,40
2012-11-20T06:15:00-00:00,2012-11-20T06:30:00-00:00,2012-11-19,23,LAPLMG1_7_B2,LAPLMG1_7_B2,LAPLMG1_7_B2,HASP,MCL,LMP_LOSS_PRC,LAPLMG1_7_B2,ALL,1,-1.10009,2,40
2012-11-20T07:15:00-00:00,2012-11-20T07:30:00-00:00,2012-11-19,24,LAPLMG1_7_B2,LAPLMG1_7_B2,LAPLMG1_7_B2,HASP,MCL,LMP_LOSS_PRC,LAPLMG1_7_B2,ALL,1,-0.9492,2,40
2012-11-19T08:30:00-00:00,2012-11-19T08:45:00-00:00,2012-11-19,01,LAPLMG1_7_B2,LAPLMG1_7_B2,LAPLMG1_7_B2,HASP,MCL,LMP_LOSS_PRC,LAPLMG1_7_B2,ALL,1,-1.00571,3,40
2012-11-19T09:30:00-00:00,2012-11-19T09:45:00-00:00,2012-11-19,02,LAPLMG1_7_B2,LAPLMG1_7_B2,LAPLMG1_7_B2,HASP,MCL,LMP_LOSS_PRC,LAPLMG1_7_B2,ALL,1,-1.00518,3,40
2012-11-19T10:30:00-00:00,2012-11-19T10:45:00-00:00,2012-11-19,03,LAPLMG1_7_B2,LAPLMG1_7_B2,LAPLMG1_7_B2,HASP,MCL,LMP_LOSS_PRC,LAPLMG1_7_B2,ALL,1,-0.05078,3,40
2012-11-19T11:30:00-00:00,2012-11-19T11:45:00-00:00,2012-11-19,04,LAPLMG1_7_B2,LAPLMG1_7_B2,LAPLMG1_7_B2,HASP,MCL,LMP_LOSS_PRC,LAPLMG1_7_B2,ALL,1,-0.03408,3,40
2012-11-19T12:30:00-00:00,2012-11-19T12:45:00-00:00,2012-11-19,05,LAPLMG1_7_B2,LAPLMG1_7_B2,LAPLMG1_7_B2,HASP,MCL,LMP_LOSS_PRC,LAPLMG1_7_B2,ALL,1,-0.65247,3,40
2012-11-19T13:30:00-00:00,2012-11-19T13:45:00-00:00,2012-11-19,06,LAPLMG1_7_B2,LAPLMG1_7_B2,LAPLMG1_7_B2,HASP,MCL,LMP_LOSS_PRC,LAPLMG1_7_B2,ALL,1,-1.09536,3,40
2012-11-19T14:30:00-00:00,2012-11-19T14:45:00-00:00,2012-11-19,07,LAPLMG1_7_B2,LAPLMG1_7_B2,LAPLMG1_7_B2,HASP,MCL,LMP_LOSS_PRC,LAPLMG1_7_B2,ALL,1,-1.19228,3,40
2012-11-19T15:30:00-00:00,2012-11-19T15:45:00-00:00,2012-11-19,08,LAPLMG1_7_B2,LAPLMG1_7_B2,LAPLMG1_7_B2,HASP,MCL,LMP_LOSS_PRC,LAPLMG1_7_B2,ALL,1,-1.31978,3,40
2012-11-19T16:30:00-00:00,2012-11-19T16:45:00-00:00,2012-11-19,09,LAPLMG1_7_B2,LAPLMG1_7_B2,LAPLMG1_7_B2,HASP,MCL,LMP_LOSS_PRC,LAPLMG1_7_B2,ALL,1,-1.23425,3,40
2012-11-19T17:30:00-00:00,2012-11-19T17:45:00-00:00,2012-11-19,10,LAPLMG1_7_B2,LAPLMG1_7_B2,LAPLMG1_7_B2,HASP,MCL,LMP_LOSS_PRC,LAPLMG1_7_B2,ALL,1,-1.21514,3,40
2012-11-19T18:30:00-00:00,2012-11-19T18:45:00-00:00,2012-11-19,11,LAPLMG1_7_B2,LAPLMG1_7_B2,LAPLMG1_7_B2,HASP,MCL,LMP_LOSS_PRC,LAPLMG1_7_B2,ALL,1,-1.18328,3,40
2012-11-19T19:30:00-00:00,2012-11-19T19:45:00-00:00,2012-11-19,12,LAPLMG1_7_B2,LAPLMG1_7_B2,LAPLMG1_7_B2,HASP,MCL,LMP_LOSS_PRC,LAPLMG1_7_B2,ALL,1,-1.17598,3,40
2012-11-19T20:30:00-00:00,2012-11-19T20:45:00-00:00,2012-11-19,13,LAPLMG1_7_B2,LAPLMG1_7_B2,LAPLMG1_7_B2,HASP,MCL,LMP_LOSS_PRC,LAPLMG1_7_B2,ALL,1,-1.20817,3,40
2012-11-19T21:30:00-00:00,2012-11-19T21:45:00-00:00,2012-11-19,14,LAPLMG1_7_B2,LAPLMG1_7_B2,LAPLMG1_7_B2,HASP,MCL,LMP_LOSS_PRC,LAPLMG1_7_B2,ALL,1,-1.40431,3,40
2012-11-19T22:30:00-00:00,2012-11-19T22:45:00-00:00,2012-11-19,15,LAPLMG1_7_B2,LAPLMG1_7_B2,LAPLMG1_7_B2,HASP,MCL,LMP_LOSS_PRC,LAPLMG1_7_B2,ALL,1,-1.32723,3,40
2012-11-19T23:30:00-00:00,2012-11-19T23:45:00-00:00,2012-11-19,16,LAPLMG1_7_B2,LAPLMG1_7_B2,LAPLMG1_7_B2,HASP,MCL,LMP_LOSS_PRC,LAPLMG1_7_B2,ALL,1,-1.55426,3,40
2012-11-20T00:30:00-00:00,2012-11-20T00:45:00-00:00,2012-11-19,17,LAPLMG1_7_B2,LAPLMG1_7_B2,LAPLMG1_7_B2,HASP,MCL,LMP_LOSS_PRC,LAPLMG1_7_B2,ALL,1,-1.79168,3,40
2012-11-20T01:30:00-00:00,2012-11-20T01:45:00-00:00,2012-11-19,18,LAPLMG1_7_B2,LAPLMG1_7_B2,LAPLMG1_7_B2,HASP,MCL,LMP_LOSS_PRC,LAPLMG1_7_B2,ALL,1,-2.39209,3,40
2012-11-20T02:30:00-00:00,2012-11-20T02:45:00-00:00,2012-11-19,19,LAPLMG1_7_B2,LAPLMG1_7_B2,LAPLMG1_7_B2,HASP,MCL,LMP_LOSS_PRC,LAPLMG1_7_B2,ALL,1,-1.68685,3,40
2012-11-20T03:30:00-00:00,2012-11-20T03:45:00-00:00,2012-11-19,20,LAPLMG1_7_B2,LAPLMG1_7_B2,LAPLMG1_7_B2,HASP,MCL,LMP_LOSS_PRC,LAPLMG1_7_B2,ALL,1,-1.6081,3,40
2012-11-20T04:30:00-00:00,2012-11-20T04:45:00-00:00,2012-11-19,21,LAPLMG1_7_B2,LAPLMG1_7_B2,LAPLMG1_7_B2,HASP,MCL,LMP_LOSS_PRC,LAPLMG1_7_B2,ALL,1,-1.93401,3,40
2012-11-20T05:30:00-00:00,2012-11-20T05:45:00-00:00,2012-11-19,22,LAPLMG1_7_B2,LAPLMG1_7_B2,LAPLMG1_7_B2,HASP,MCL,LMP_LOSS_PRC,LAPLMG1_7_B2,ALL,1,-1.4418,3,40
2012-11-20T06:30:00-00:00,2012-11-20T06:45:00-00:00,2012-11-19,23,LAPLMG1_7_B2,LAPLMG1_7_B2,LAPLMG1_7_B2,HASP,MCL,LMP_LOSS_PRC,LAPLMG1_7_B2,ALL,1,-1.08936,3,40
2012-11-20T07:30:00-00:00,2012-11-20T07:45:00-00:00,2012-11-19,24,LAPLMG1_7_B2,LAPLMG1_7_B2,LAPLMG1_7_B2,HASP,MCL,LMP_LOSS_PRC,LAPLMG1_7_B2,ALL,1,-0.6997,3,40
2012-11-19T08:45:00-00:00,2012-11-19T09:00:00-00:00,2012-11-19,01,LAPLMG1_7_B2,LAPLMG1_7_B2,LAPLMG1_7_B2,HASP,MCL,LMP_LOSS_PRC,LAPLMG1_7_B2,ALL,1,-0.73483,4,40
2012-11-19T09:45:00-00:00,2012-11-19T10:00:00-00:00,2012-11-19,02,LAPLMG1_7_B2,LAPLMG1_7_B2,LAPLMG1_7_B2,HASP,MCL,LMP_LOSS_PRC,LAPLMG1_7_B2,ALL,1,-0.19424,4,40
2012-11-19T10:45:00-00:00,2012-11-19T11:00:00-00:00,2012-11-19,03,LAPLMG1_7_B2,LAPLMG1_7_B2,LAPLMG1_7_B2,HASP,MCL,LMP_LOSS_PRC,LAPLMG1_7_B2,ALL,1,-0.33266,4,40
2012-11-19T11:45:00-00:00,2012-11-19T12:00:00-00:00,2012-11-19,04,LAPLMG1_7_B2,LAPLMG1_7_B2,LAPLMG1_7_B2,HASP,MCL,LMP_LOSS_PRC,LAPLMG1_7_B2,ALL,1,-0.60458,4,40
2012-11-19T12:45:00-00:00,2012-11-19T13:00:00-00:00,2012-11-19,05,LAPLMG1_7_B2,LAPLMG1_7_B2,LAPLMG1_7_B2,HASP,MCL,LMP_LOSS_PRC,LAPLMG1_7_B2,ALL,1,-1.04075,4,40
2012-11-19T13:45:00-00:00,2012-11-19T14:00:00-00:00,2012-11-19,06,LAPLMG1_7_B2,LAPLMG1_7_B2,LAPLMG1_7_B2,HASP,MCL,LMP_LOSS_PRC,LAPLMG1_7_B2,ALL,1,-1.54138,4,40
2012-11-19T14:45:00-00:00,2012-11-19T15:00:00-00:00,2012-11-19,07,LAPLMG1_7_B2,LAPLMG1_7_B2,LAPLMG1_7_B2,HASP,MCL,LMP_LOSS_PRC,LAPLMG1_7_B2,ALL,1,-1.37834,4,40
2012-11-19T15:45:00-00:00,2012-11-19T16:00:00-00:00,2012-11-19,08,LAPLMG1_7_B2,LAPLMG1_7_B2,LAPLMG1_7_B2,HASP,MCL,LMP_LOSS_PRC,LAPLMG1_7_B2,ALL,1,-1.46706,4,40
2012-11-19T16:45:00-00:00,2012-11-19T17:00:00-00:00,2012-11-19,09,LAPLMG1_7_B2,LAPLMG1_7_B2,LAPLMG1_7_B2,HASP,MCL,LMP_LOSS_PRC,LAPLMG1_7_B2,ALL,1,-1.40509,4,40
2012-11-19T17:45:00-00:00,2012-11-19T18:00:00-00:00,2012-11-19,10,LAPLMG1_7_B2,LAPLMG1_7_B2,LAPLMG1_7_B2,HASP,MCL,LMP_LOSS_PRC,LAPLMG1_7_B2,ALL,1,-1.28879,4,40
2012-11-19T18:45:00-00:00,2012-11-19T19:00:00-00:00,2012-11-19,11,LAPLMG1_7_B2,LAPLMG1_7_B2,LAPLMG1_7_B2,HASP,MCL,LMP_LOSS_PRC,LAPLMG1_7_B2,ALL,1,-1.17356,4,40
2012-11-19T19:45:00-00:00,2012-11-19T20:00:00-00:00,2012-11-19,12,LAPLMG1_7_B2,LAPLMG1_7_B2,LAPLMG1_7_B2,HASP,MCL,LMP_LOSS_PRC,LAPLMG1_7_B2,ALL,1,-1.17266,4,40
2012-11-19T20:45:00-00:00,2012-11-19T21:00:00-00:00,2012-11-19,13,LAPLMG1_7_B2,LAPLMG1_7_B2,LAPLMG1_7_B2,HASP,MCL,LMP_LOSS_PRC,LAPLMG1_7_B2,ALL,1,-1.20671,4,40
2012-11-19T21:45:00-00:00,2012-11-19T22:00:00-00:00,2012-11-19,14,LAPLMG1_7_B2,LAPLMG1_7_B2,LAPLMG1_7_B2,HASP,MCL,LMP_LOSS_PRC,LAPLMG1_7_B2,ALL,1,-1.39521,4,40
2012-11-19T22:45:00-00:00,2012-11-19T23:00:00-00:00,2012-11-19,15,LAPLMG1_7_B2,LAPLMG1_7_B2,LAPLMG1_7_B2,HASP,MCL,LMP_LOSS_PRC,LAPLMG1_7_B2,ALL,1,-1.31273,4,40
2012-11-19T23:45:00-00:00,2012-11-20T00:00:00-00:00,2012-11-19,16,LAPLMG1_7_B2,LAPLMG1_7_B2,LAPLMG1_7_B2,HASP,MCL,LMP_LOSS_PRC,LAPLMG1_7_B2,ALL,1,-1.57508,4,40
2012-11-20T00:45:00-00:00,2012-11-20T01:00:00-00:00,2012-11-19,17,LAPLMG1_7_B2,LAPLMG1_7_B2,LAPLMG1_7_B2,HASP,MCL,LMP_LOSS_PRC,LAPLMG1_7_B2,ALL,1,-2.74111,4,40
2012-11-20T01:45:00-00:00,2012-11-20T02:00:00-00:00,2012-11-19,18,LAPLMG1_7_B2,LAPLMG1_7_B2,LAPLMG1_7_B2,HASP,MCL,LMP_LOSS_PRC,LAPLMG1_7_B2,ALL,1,-2.46306,4,40
2012-11-20T02:45:00-00:00,2012-11-20T03:00:00-00:00,2012-11-19,19,LAPLMG1_7_B2,LAPLMG1_7_B2,LAPLMG1_7_B2,HASP,MCL,LMP_LOSS_PRC,LAPLMG1_7_B2,ALL,1,-1.57736,4,40
2012-11-20T03:45:00-00:00,2012-11-20T04:00:00-00:00,2012-11-19,20,LAPLMG1_7_B2,LAPLMG1_7_B2,LAPLMG1_7_B2,HASP,MCL,LMP_LOSS_PRC,LAPLMG1_7_B2,ALL,1,-1.51518,4,40
2012-11-20T04:45:00-00:00,2012-11-20T05:00:00-00:00,2012-11-19,21,LAPLMG1_7_B2,LAPLMG1_7_B2,LAPLMG1_7_B2,HASP,MCL,LMP_LOSS_PRC,LAPLMG1_7_B2,ALL,1,-1.57655,4,40
2012-11-20T05:45:00-00:00,2012-11-20T06:00:00-00:00,2012-11-19,22,LAPLMG1_7_B2,LAPLMG1_7_B2,LAPLMG1_7_B2,HASP,MCL,LMP_LOSS_PRC,LAPLMG1_7_B2,ALL,1,-1.15005,4,40
2012-11-20T06:45:00-00:00,2012-11-20T07:00:00-00:00,2012-11-19,23,LAPLMG1_7_B2,LAPLMG1_7_B2,LAPLMG1_7_B2,HASP,MCL,LMP_LOSS_PRC,LAPLMG1_7_B2,ALL,1,-0.91281,4,40
2012-11-20T07:45:00-00:00,2012-11-20T08:00:00-00:00,2012-11-19,24,LAPLMG1_7_B2,LAPLMG1_7_B2,LAPLMG1_7_B2,HASP,MCL,LMP_LOSS_PRC,LAPLMG1_7_B2,ALL,1,-0.717,4,40
2012-11-20T08:00:00-00:00,2012-11-20T08:15:00-00:00,2012-11-20,01,LAPLMG1_7_B2,LAPLMG1_7_B2,LAPLMG1_7_B2,HASP,LMP,LMP_PRC,LAPLMG1_7_B2,ALL,1,40.85551,1,41
2012-11-20T09:00:00-00:00,2012-11-20T09:15:00-00:00,2012-11-20,02,LAPLMG1_7_B2,LAPLMG1_7_B2,LAPLMG1_7_B2,HASP,LMP,LMP_PRC,LAPLMG1_7_B2,ALL,1,30.4725,1,41
2012-11-20T10:00:00-00:00,2012-11-20T10:15:00-00:00,2012-11-20,03,LAPLMG1_7_B2,LAPLMG1_7_B2,LAPLMG1_7_B2,HASP,LMP,LMP_PRC,LAPLMG1_7_B2,ALL,1,33.73918,1,41
2012-11-20T11:00:00-00:00,2012-11-20T11:15:00-00:00,2012-11-20,04,LAPLMG1_7_B2,LAPLMG1_7_B2,LAPLMG1_7_B2,HASP,LMP,LMP_PRC,LAPLMG1_7_B2,ALL,1,29.92132,1,41
2012-11-20T12:00:00-00:00,2012-11-20T12:15:00-00:00,2012-11-20,05,LAPLMG1_7_B2,LAPLMG1_7_B2,LAPLMG1_7_B2,HASP,LMP,LMP_PRC,LAPLMG1_7_B2,ALL,1,27.80382,1,41
2012-11-20T13:00:00-00:00,2012-11-20T13:15:00-00:00,2012-11-20,06,LAPLMG1_7_B2,LAPLMG1_7_B2,LAPLMG1_7_B2,HASP,LMP,LMP_PRC,LAPLMG1_7_B2,ALL,1,35.63722,1,41
2012-11-20T14:00:00-00:00,2012-11-20T14:15:00-00:00,2012-11-20,07,LAPLMG1_7_B2,LAPLMG1_7_B2,LAPLMG1_7_B2,HASP,LMP,LMP_PRC,LAPLMG1_7_B2,ALL,1,39.9454,1,41
2012-11-20T15:00:00-00:00,2012-11-20T15:15:00-00:00,2012-11-20,08,LAPLMG1_7_B2,LAPLMG1_7_B2,LAPLMG1_7_B2,HASP,LMP,LMP_PRC,LAPLMG1_7_B2,ALL,1,38.4881,1,41
2012-11-20T16:00:00-00:00,2012-11-20T16:15:00-00:00,2012-11-20,09,LAPLMG1_7_B2,LAPLMG1_7_B2,LAPLMG1_7_B2,HASP,LMP,LMP_PRC,LAPLMG1_7_B2,ALL,1,33.46019,1,41
2012-11-20T17:00:00-00:00,2012-11-20T17:15:00-00:00,2012-11-20,10,LAPLMG1_7_B2,LAPLMG1_7_B2,LAPLMG1_7_B2,HASP,LMP,LMP_PRC,LAPLMG1_7_B2,ALL,1,33.9122,1,41
2012-11-20T18:00:00-00:00,2012-11-20T18:15:00-00:00,2012-11-20,11,LAPLMG1_7_B2,LAPLMG1_7_B2,LAPLMG1_7_B2,HASP,LMP,LMP_PRC,LAPLMG1_7_B2,ALL,1,34.89794,1,41
2012-11-20T19:00:00-00:00,2012-11-20T19:15:00-00:00,2012-11-20,12,LAPLMG1_7_B2,LAPLMG1_7_B2,LAPLMG1_7_B2,HASP,LMP,LMP_PRC,LAPLMG1_7_B2,ALL,1,36.99725,1,41
2012-11-20T20:00:00-00:00,2012-11-20T20:15:00-00:00,2012-11-20,13,LAPLMG1_7_B2,LAPLMG1_7_B2,LAPLMG1_7_B2,HASP,LMP,LMP_PRC,LAPLMG1_7_B2,ALL,1,38.66791,1,41
2012-11-20T21:00:00-00:00,2012-11-20T21:15:00-00:00,2012-11-20,14,LAPLMG1_7_B2,LAPLMG1_7_B2,LAPLMG1_7_B2,HASP,LMP,LMP_PRC,LAPLMG1_7_B2,ALL,1,41.61689,1,41
2012-11-20T22:00:00-00:00,2012-11-20T22:15:00-00:00,2012-11-20,15,LAPLMG1_7_B2,LAPLMG1_7_B2,LAPLMG1_7_B2,HASP,LMP,LMP_PRC,LAPLMG1_7_B2,ALL,1,44.56348,1,41
2012-11-20T23:00:00-00:00,2012-11-20T23:15:00-00:00,2012-11-20,16,LAPLMG1_7_B2,LAPLMG1_7_B2,LAPLMG1_7_B2,HASP,LMP,LMP_PRC,LAPLMG1_7_B2,ALL,1,41.62332,1,41
2012-11-20T08:15:00-00:00,2012-11-20T08:30:00-00:00,2012-11-20,01,LAPLMG1_7_B2,LAPLMG1_7_B2,LAPLMG1_7_B2,HASP,LMP,LMP_PRC,LAPLMG1_7_B2,ALL,1,35.42393,2,41
2012-11-20T09:15:00-00:00,2012-11-20T09:30:00-00:00,2012-11-20,02,LAPLMG1_7_B2,LAPLMG1_7_B2,LAPLMG1_7_B2,HASP,LMP,LMP_PRC,LAPLMG1_7_B2,ALL,1,32.74079,2,41
2012-11-20T10:15:00-00:00,2012-11-20T10:30:00-00:00,2012-11-20,03,LAPLMG1_7_B2,LAPLMG1_7_B2,LAPLMG1_7_B2,HASP,LMP,LMP_PRC,LAPLMG1_7_B2,ALL,1,29.98058,2,41
2012-11-20T11:15:00-00:00,2012-11-20T11:30:00-00:00,2012-11-20,04,LAPLMG1_7_B2,LAPLMG1_7_B2,LAPLMG1_7_B2,HASP,LMP,LMP_PRC,LAPLMG1_7_B2,ALL,1,29.92132,2,41
2012-11-20T12:15:00-00:00,2012-11-20T12:30:00-00:00,2012-11-20,05,LAPLMG1_7_B2,LAPLMG1_7_B2,LAPLMG1_7_B2,HASP,LMP,LMP_PRC,LAPLMG1_7_B2,ALL,1,29.83748,2,41
2012-11-20T13:15:00-00:00,2012-11-20T13:30:00-00:00,2012-11-20,06,LAPLMG1_7_B2,LAPLMG1_7_B2,LAPLMG1_7_B2,HASP,LMP,LMP_PRC,LAPLMG1_7_B2,ALL,1,36.37849,2,41
2012-11-20T14:15:00-00:00,2012-11-20T14:30:00-00:00,2012-11-20,07,LAPLMG1_7_B2,LAPLMG1_7_B2,LAPLMG1_7_B2,HASP,LMP,LMP_PRC,LAPLMG1_7_B2,ALL,1,40.13649,2,41
2012-11-20T15:15:00-00:00,2012-11-20T15:30:00-00:00,2012-11-20,08,LAPLMG1_7_B2,LAPLMG1_7_B2,LAPLMG1_7_B2,HASP,LMP,LMP_PRC,LAPLMG1_7_B2,ALL,1,38.28192,2,41
2012-11-20T16:15:00-00:00,2012-11-20T16:30:00-00:00,2012-11-20,09,LAPLMG1_7_B2,LAPLMG1_7_B2,LAPLMG1_7_B2,HASP,LMP,LMP_PRC,LAPLMG1_7_B2,ALL,1,31.50981,2,41
2012-11-20T17:15:00-00:00,2012-11-20T17:30:00-00:00,2012-11-20,10,LAPLMG1_7_B2,LAPLMG1_7_B2,LAPLMG1_7_B2,HASP,LMP,LMP_PRC,LAPLMG1_7_B2,ALL,1,33.9225,2,41
2012-11-20T18:15:00-00:00,2012-11-20T18:30:00-00:00,2012-11-20,11,LAPLMG1_7_B2,LAPLMG1_7_B2,LAPLMG1_7_B2,HASP,LMP,LMP_PRC,LAPLMG1_7_B2,ALL,1,34.85548,2,41
2012-11-20T19:15:00-00:00,2012-11-20T19:30:00-00:00,2012-11-20,12,LAPLMG1_7_B2,LAPLMG1_7_B2,LAPLMG1_7_B2,HASP,LMP,LMP_PRC,LAPLMG1_7_B2,ALL,1,37.0744,2,41
2012-11-20T20:15:00-00:00,2012-11-20T20:30:00-00:00,2012-11-20,13,LAPLMG1_7_B2,LAPLMG1_7_B2,LAPLMG1_7_B2,HASP,LMP,LMP_PRC,LAPLMG1_7_B2,ALL,1,38.62376,2,41
2012-11-20T21:15:00-00:00,2012-11-20T21:30:00-00:00,2012-11-20,14,LAPLMG1_7_B2,LAPLMG1_7_B2,LAPLMG1_7_B2,HASP,LMP,LMP_PRC,LAPLMG1_7_B2,ALL,1,41.27902,2,41
2012-11-20T22:15:00-00:00,2012-11-20T22:30:00-00:00,2012-11-20,15,LAPLMG1_7_B2,LAPLMG1_7_B2,LAPLMG1_7_B2,HASP,LMP,LMP_PRC,LAPLMG1_7_B2,ALL,1,44.92584,2,41
2012-11-20T23:15:00-00:00,2012-11-20T23:30:00-00:00,2012-11-20,16,LAPLMG1_7_B2,LAPLMG1_7_B2,LAPLMG1_7_B2,HASP,LMP,LMP_PRC,LAPLMG1_7_B2,ALL,1,41.79141,2,41
2012-11-20T08:30:00-00:00,2012-11-20T08:45:00-00:00,2012-11-20,01,LAPLMG1_7_B2,LAPLMG1_7_B2,LAPLMG1_7_B2,HASP,LMP,LMP_PRC,LAPLMG1_7_B2,ALL,1,37.31223,3,41
2012-11-20T09:30:00-00:00,2012-11-20T09:45:00-00:00,2012-11-20,02,LAPLMG1_7_B2,LAPLMG1_7_B2,LAPLMG1_7_B2,HASP,LMP,LMP_PRC,LAPLMG1_7_B2,ALL,1,29.69223,3,41
2012-11-20T10:30:00-00:00,2012-11-20T10:45:00-00:00,2012-11-20,03,LAPLMG1_7_B2,LAPLMG1_7_B2,LAPLMG1_7_B2,HASP,LMP,LMP_PRC,LAPLMG1_7_B2,ALL,1,33.78146,3,41
2012-11-20T11:30:00-00:00,2012-11-20T11:45:00-00:00,2012-11-20,04,LAPLMG1_7_B2,LAPLMG1_7_B2,LAPLMG1_7_B2,HASP,LMP,LMP_PRC,LAPLMG1_7_B2,ALL,1,29.97119,3,41
2012-11-20T12:30:00-00:00,2012-11-20T12:45:00-00:00,2012-11-20,05,LAPLMG1_7_B2,LAPLMG1_7_B2,LAPLMG1_7_B2,HASP,LMP,LMP_PRC,LAPLMG1_7_B2,ALL,1,35.2034,3,41
2012-11-20T13:30:00-00:00,2012-11-20T13:45:00-00:00,2012-11-20,06,LAPLMG1_7_B2,LAPLMG1_7_B2,LAPLMG1_7_B2,HASP,LMP,LMP_PRC,LAPLMG1_7_B2,ALL,1,38.72114,3,41
2012-11-20T14:30:00-00:00,2012-11-20T14:45:00-00:00,2012-11-20,07,LAPLMG1_7_B2,LAPLMG1_7_B2,LAPLMG1_7_B2,HASP,LMP,LMP_PRC,LAPLMG1_7_B2,ALL,1,42.37548,3,41
2012-11-20T15:30:00-00:00,2012-11-20T15:45:00-00:00,2012-11-20,08,LAPLMG1_7_B2,LAPLMG1_7_B2,LAPLMG1_7_B2,HASP,LMP,LMP_PRC,LAPLMG1_7_B2,ALL,1,38.58746,3,41
2012-11-20T16:30:00-00:00,2012-11-20T16:45:00-00:00,2012-11-20,09,LAPLMG1_7_B2,LAPLMG1_7_B2,LAPLMG1_7_B2,HASP,LMP,LMP_PRC,LAPLMG1_7_B2,ALL,1,29.42548,3,41
2012-11-20T17:30:00-00:00,2012-11-20T17:45:00-00:00,2012-11-20,10,LAPLMG1_7_B2,LAPLMG1_7_B2,LAPLMG1_7_B2,HASP,LMP,LMP_PRC,LAPLMG1_7_B2,ALL,1,36.27504,3,41
2012-11-20T18:30:00-00:00,2012-11-20T18:45:00-00:00,2012-11-20,11,LAPLMG1_7_B2,LAPLMG1_7_B2,LAPLMG1_7_B2,HASP,LMP,LMP_PRC,LAPLMG1_7_B2,ALL,1,35.23339,3,41
2012-11-20T19:30:00-00:00,2012-11-20T19:45:00-00:00,2012-11-20,12,LAPLMG1_7_B2,LAPLMG1_7_B2,LAPLMG1_7_B2,HASP,LMP,LMP_PRC,LAPLMG1_7_B2,ALL,1,38.1451,3,41
2012-11-20T20:30:00-00:00,2012-11-20T20:45:00-00:00,2012-11-20,13,LAPLMG1_7_B2,LAPLMG1_7_B2,LAPLMG1_7_B2,HASP,LMP,LMP_PRC,LAPLMG1_7_B2,ALL,1,39.33257,3,41
2012-11-20T21:30:00-00:00,2012-11-20T21:45:00-00:00,2012-11-20,14,LAPLMG1_7_B2,LAPLMG1_7_B2,LAPLMG1_7_B2,HASP,LMP,LMP_PRC,LAPLMG1_7_B2,ALL,1,41.25579,3,41
2012-11-20T22:30:00-00:00,2012-11-20T22:45:00-00:00,2012-11-20,15,LAPLMG1_7_B2,LAPLMG1_7_B2,LAPLMG1_7_B2,HASP,LMP,LMP_PRC,LAPLMG1_7_B2,ALL,1,42.361,3,41
2012-11-20T23:30:00-00:00,2012-11-20T23:45:00-00:00,2012-11-20,16,LAPLMG1_7_B2,LAPLMG1_7_B2,LAPLMG1_7_B2,HASP,LMP,LMP_PRC,LAPLMG1_7_B2,ALL,1,41.76564,3,41
2012-11-20T08:45:00-00:00,2012-11-20T09:00:00-00:00,2012-11-20,01,LAPLMG1_7_B2,LAPLMG1_7_B2,LAPLMG1_7_B2,HASP,LMP,LMP_PRC,LAPLMG1_7_B2,ALL,1,34.81931,4,41
2012-11-20T09:45:00-00:00,2012-11-20T10:00:00-00:00,2012-11-20,02,LAPLMG1_7_B2,LAPLMG1_7_B2,LAPLMG1_7_B2,HASP,LMP,LMP_PRC,LAPLMG1_7_B2,ALL,1,28.0837,4,41
2012-11-20T10:45:00-00:00,2012-11-20T11:00:00-00:00,2012-11-20,03,LAPLMG1_7_B2,LAPLMG1_7_B2,LAPLMG1_7_B2,HASP,LMP,LMP_PRC,LAPLMG1_7_B2,ALL,1,33.79907,4,41
2012-11-20T11:45:00-00:00,2012-11-20T12:00:00-00:00,2012-11-20,04,LAPLMG1_7_B2,LAPLMG1_7_B2,LAPLMG1_7_B2,HASP,LMP,LMP_PRC,LAPLMG1_7_B2,ALL,1,35.20625,4,41
2012-11-20T12:45:00-00:00,2012-11-20T13:00:00-00:00,2012-11-20,05,LAPLMG1_7_B2,LAPLMG1_7_B2,LAPLMG1_7_B2,HASP,LMP,LMP_PRC,LAPLMG1_7_B2,ALL,1,36.10206,4,41
2012-11-20T13:45:00-00:00,2012-11-20T14:00:00-00:00,2012-11-20,06,LAPLMG1_7_B2,LAPLMG1_7_B2,LAPLMG1_7_B2,HASP,LMP,LMP_PRC,LAPLMG1_7_B2,ALL,1,41.42137,4,41
2012-11-20T14:45:00-00:00,2012-11-20T15:00:00-00:00,2012-11-20,07,LAPLMG1_7_B2,LAPLMG1_7_B2,LAPLMG1_7_B2,HASP,LMP,LMP_PRC,LAPLMG1_7_B2,ALL,1,43.15965,4,41
2012-11-20T15:45:00-00:00,2012-11-20T16:00:00-00:00,2012-11-20,08,LAPLMG1_7_B2,LAPLMG1_7_B2,LAPLMG1_7_B2,HASP,LMP,LMP_PRC,LAPLMG1_7_B2,ALL,1,39.39842,4,41
2012-11-20T16:45:00-00:00,2012-11-20T17:00:00-00:00,2012-11-20,09,LAPLMG1_7_B2,LAPLMG1_7_B2,LAPLMG1_7_B2,HASP,LMP,LMP_PRC,LAPLMG1_7_B2,ALL,1,31.01636,4,41
2012-11-20T17:45:00-00:00,2012-11-20T18:00:00-00:00,2012-11-20,10,LAPLMG1_7_B2,LAPLMG1_7_B2,LAPLMG1_7_B2,HASP,LMP,LMP_PRC,LAPLMG1_7_B2,ALL,1,38.35134,4,41
2012-11-20T18:45:00-00:00,2012-11-20T19:00:00-00:00,2012-11-20,11,LAPLMG1_7_B2,LAPLMG1_7_B2,LAPLMG1_7_B2,HASP,LMP,LMP_PRC,LAPLMG1_7_B2,ALL,1,36.64654,4,41
2012-11-20T19:45:00-00:00,2012-11-20T20:00:00-00:00,2012-11-20,12,LAPLMG1_7_B2,LAPLMG1_7_B2,LAPLMG1_7_B2,HASP,LMP,LMP_PRC,LAPLMG1_7_B2,ALL,1,35.45453,4,41
2012-11-20T20:45:00-00:00,2012-11-20T21:00:00-00:00,2012-11-20,13,LAPLMG1_7_B2,LAPLMG1_7_B2,LAPLMG1_7_B2,HASP,LMP,LMP_PRC,LAPLMG1_7_B2,ALL,1,39.63438,4,41
2012-11-20T21:45:00-00:00,2012-11-20T22:00:00-00:00,2012-11-20,14,LAPLMG1_7_B2,LAPLMG1_7_B2,LAPLMG1_7_B2,HASP,LMP,LMP_PRC,LAPLMG1_7_B2,ALL,1,42.11522,4,41
2012-11-20T22:45:00-00:00,2012-11-20T23:00:00-00:00,2012-11-20,15,LAPLMG1_7_B2,LAPLMG1_7_B2,LAPLMG1_7_B2,HASP,LMP,LMP_PRC,LAPLMG1_7_B2,ALL,1,42.21457,4,41
2012-11-20T23:45:00-00:00,2012-11-21T00:00:00-00:00,2012-11-20,16,LAPLMG1_7_B2,LAPLMG1_7_B2,LAPLMG1_7_B2,HASP,LMP,LMP_PRC,LAPLMG1_7_B2,ALL,1,41.90288,4,41
2012-11-20T08:00:00-00:00,2012-11-20T08:15:00-00:00,2012-11-20,01,LAPLMG1_7_B2,LAPLMG1_7_B2,LAPLMG1_7_B2,HASP,MCC,LMP_CONG_PRC,LAPLMG1_7_B2,ALL,1,0.15352,1,42
2012-11-20T09:00:00-00:00,2012-11-20T09:15:00-00:00,2012-11-20,02,LAPLMG1_7_B2,LAPLMG1_7_B2,LAPLMG1_7_B2,HASP,MCC,LMP_CONG_PRC,LAPLMG1_7_B2,ALL,1,0.0181,1,42
2012-11-20T10:00:00-00:00,2012-11-20T10:15:00-00:00,2012-11-20,03,LAPLMG1_7_B2,LAPLMG1_7_B2,LAPLMG1_7_B2,HASP,MCC,LMP_CONG_PRC,LAPLMG1_7_B2,ALL,1,0,1,42
2012-11-20T11:00:00-00:00,2012-11-20T11:15:00-00:00,2012-11-20,04,LAPLMG1_7_B2,LAPLMG1_7_B2,LAPLMG1_7_B2,HASP,MCC,LMP_CONG_PRC,LAPLMG1_7_B2,ALL,1,0,1,42
2012-11-20T12:00:00-00:00,2012-11-20T12:15:00-00:00,2012-11-20,05,LAPLMG1_7_B2,LAPLMG1_7_B2,LAPLMG1_7_B2,HASP,MCC,LMP_CONG_PRC,LAPLMG1_7_B2,ALL,1,0,1,42
2012-11-20T13:00:00-00:00,2012-11-20T13:15:00-00:00,2012-11-20,06,LAPLMG1_7_B2,LAPLMG1_7_B2,LAPLMG1_7_B2,HASP,MCC,LMP_CONG_PRC,LAPLMG1_7_B2,ALL,1,0,1,42
2012-11-20T14:00:00-00:00,2012-11-20T14:15:00-00:00,2012-11-20,07,LAPLMG1_7_B2,LAPLMG1_7_B2,LAPLMG1_7_B2,HASP,MCC,LMP_CONG_PRC,LAPLMG1_7_B2,ALL,1,-3.88713,1,42
2012-11-20T15:00:00-00:00,2012-11-20T15:15:00-00:00,2012-11-20,08,LAPLMG1_7_B2,LAPLMG1_7_B2,LAPLMG1_7_B2,HASP,MCC,LMP_CONG_PRC,LAPLMG1_7_B2,ALL,1,-0.08422,1,42
2012-11-20T16:00:00-00:00,2012-11-20T16:15:00-00:00,2012-11-20,09,LAPLMG1_7_B2,LAPLMG1_7_B2,LAPLMG1_7_B2,HASP,MCC,LMP_CONG_PRC,LAPLMG1_7_B2,ALL,1,-2.3784,1,42
2012-11-20T17:00:00-00:00,2012-11-20T17:15:00-00:00,2012-11-20,10,LAPLMG1_7_B2,LAPLMG1_7_B2,LAPLMG1_7_B2,HASP,MCC,LMP_CONG_PRC,LAPLMG1_7_B2,ALL,1,-0.00124,1,42
2012-11-20T18:00:00-00:00,2012-11-20T18:15:00-00:00,2012-11-20,11,LAPLMG1_7_B2,LAPLMG1_7_B2,LAPLMG1_7_B2,HASP,MCC,LMP_CONG_PRC,LAPLMG1_7_B2,ALL,1,0,1,42
2012-11-20T19:00:00-00:00,2012-11-20T19:15:00-00:00,2012-11-20,12,LAPLMG1_7_B2,LAPLMG1_7_B2,LAPLMG1_7_B2,HASP,MCC,LMP_CONG_PRC,LAPLMG1_7_B2,ALL,1,0,1,42
2012-11-20T20:00:00-00:00,2012-11-20T20:15:00-00:00,2012-11-20,13,LAPLMG1_7_B2,LAPLMG1_7_B2,LAPLMG1_7_B2,HASP,MCC,LMP_CONG_PRC,LAPLMG1_7_B2,ALL,1,0,1,42
2012-11-20T21:00:00-00:00,2012-11-20T21:15:00-00:00,2012-11-20,14,LAPLMG1_7_B2,LAPLMG1_7_B2,LAPLMG1_7_B2,HASP,MCC,LMP_CONG_PRC,LAPLMG1_7_B2,ALL,1,0,1,42
2012-11-20T22:00:00-00:00,2012-11-20T22:15:00-00:00,2012-11-20,15,LAPLMG1_7_B2,LAPLMG1_7_B2,LAPLMG1_7_B2,HASP,MCC,LMP_CONG_PRC,LAPLMG1_7_B2,ALL,1,-10.98707,1,42
2012-11-20T23:00:00-00:00,2012-11-20T23:15:00-00:00,2012-11-20,16,LAPLMG1_7_B2,LAPLMG1_7_B2,LAPLMG1_7_B2,HASP,MCC,LMP_CONG_PRC,LAPLMG1_7_B2,ALL,1,0,1,42
2012-11-20T08:15:00-00:00,2012-11-20T08:30:00-00:00,2012-11-20,01,LAPLMG1_7_B2,LAPLMG1_7_B2,LAPLMG1_7_B2,HASP,MCC,LMP_CONG_PRC,LAPLMG1_7_B2,ALL,1,0.03263,2,42
2012-11-20T09:15:00-00:00,2012-11-20T09:30:00-00:00,2012-11-20,02,LAPLMG1_7_B2,LAPLMG1_7_B2,LAPLMG1_7_B2,HASP,MCC,LMP_CONG_PRC,LAPLMG1_7_B2,ALL,1,0.06682,2,42
2012-11-20T10:15:00-00:00,2012-11-20T10:30:00-00:00,2012-11-20,03,LAPLMG1_7_B2,LAPLMG1_7_B2,LAPLMG1_7_B2,HASP,MCC,LMP_CONG_PRC,LAPLMG1_7_B2,ALL,1,0,2,42
2012-11-20T11:15:00-00:00,2012-11-20T11:30:00-00:00,2012-11-20,04,LAPLMG1_7_B2,LAPLMG1_7_B2,LAPLMG1_7_B2,HASP,MCC,LMP_CONG_PRC,LAPLMG1_7_B2,ALL,1,0,2,42
2012-11-20T12:15:00-00:00,2012-11-20T12:30:00-00:00,2012-11-20,05,LAPLMG1_7_B2,LAPLMG1_7_B2,LAPLMG1_7_B2,HASP,MCC,LMP_CONG_PRC,LAPLMG1_7_B2,ALL,1,-0.00113,2,42
2012-11-20T13:15:00-00:00,2012-11-20T13:30:00-00:00,2012-11-20,06,LAPLMG1_7_B2,LAPLMG1_7_B2,LAPLMG1_7_B2,HASP,MCC,LMP_CONG_PRC,LAPLMG1_7_B2,ALL,1,0.01469,2,42
2012-11-20T14:15:00-00:00,2012-11-20T14:30:00-00:00,2012-11-20,07,LAPLMG1_7_B2,LAPLMG1_7_B2,LAPLMG1_7_B2,HASP,MCC,LMP_CONG_PRC,LAPLMG1_7_B2,ALL,1,-9.57318,2,42
2012-11-20T15:15:00-00:00,2012-11-20T15:30:00-00:00,2012-11-20,08,LAPLMG1_7_B2,LAPLMG1_7_B2,LAPLMG1_7_B2,HASP,MCC,LMP_CONG_PRC,LAPLMG1_7_B2,ALL,1,-5.83028,2,42
2012-11-20T16:15:00-00:00,2012-11-20T16:30:00-00:00,2012-11-20,09,LAPLMG1_7_B2,LAPLMG1_7_B2,LAPLMG1_7_B2,HASP,MCC,LMP_CONG_PRC,LAPLMG1_7_B2,ALL,1,-0.00009,2,42
2012-11-20T17:15:00-00:00,2012-11-20T17:30:00-00:00,2012-11-20,10,LAPLMG1_7_B2,LAPLMG1_7_B2,LAPLMG1_7_B2,HASP,MCC,LMP_CONG_PRC,LAPLMG1_7_B2,ALL,1,-0.00057,2,42
2012-11-20T18:15:00-00:00,2012-11-20T18:30:00-00:00,2012-11-20,11,LAPLMG1_7_B2,LAPLMG1_7_B2,LAPLMG1_7_B2,HASP,MCC,LMP_CONG_PRC,LAPLMG1_7_B2,ALL,1,0,2,42
2012-11-20T19:15:00-00:00,2012-11-20T19:30:00-00:00,2012-11-20,12,LAPLMG1_7_B2,LAPLMG1_7_B2,LAPLMG1_7_B2,HASP,MCC,LMP_CONG_PRC,LAPLMG1_7_B2,ALL,1,0,2,42
2012-11-20T20:15:00-00:00,2012-11-20T20:30:00-00:00,2012-11-20,13,LAPLMG1_7_B2,LAPLMG1_7_B2,LAPLMG1_7_B2,HASP,MCC,LMP_CONG_PRC,LAPLMG1_7_B2,ALL,1,0,2,42
2012-11-20T21:15:00-00:00,2012-11-20T21:30:00-00:00,2012-11-20,14,LAPLMG1_7_B2,LAPLMG1_7_B2,LAPLMG1_7_B2,HASP,MCC,LMP_CONG_PRC,LAPLMG1_7_B2,ALL,1,0,2,42
2012-11-20T22:15:00-00:00,2012-11-20T22:30:00-00:00,2012-11-20,15,LAPLMG1_7_B2,LAPLMG1_7_B2,LAPLMG1_7_B2,HASP,MCC,LMP_CONG_PRC,LAPLMG1_7_B2,ALL,1,-0.10761,2,42
2012-11-20T23:15:00-00:00,2012-11-20T23:30:00-00:00,2012-11-20,16,LAPLMG1_7_B2,LAPLMG1_7_B2,LAPLMG1_7_B2,HASP,MCC,LMP_CONG_PRC,LAPLMG1_7_B2,ALL,1,0,2,42
2012-11-20T08:30:00-00:00,2012-11-20T08:45:00-00:00,2012-11-20,01,LAPLMG1_7_B2,LAPLMG1_7_B2,LAPLMG1_7_B2,HASP,MCC,LMP_CONG_PRC,LAPLMG1_7_B2,ALL,1,0.07144,3,42
2012-11-20T09:30:00-00:00,2012-11-20T09:45:00-00:00,2012-11-20,02,LAPLMG1_7_B2,LAPLMG1_7_B2,LAPLMG1_7_B2,HASP,MCC,LMP_CONG_PRC,LAPLMG1_7_B2,ALL,1,0.00311,3,42
2012-11-20T10:30:00-00:00,2012-11-20T10:45:00-00:00,2012-11-20,03,LAPLMG1_7_B2,LAPLMG1_7_B2,LAPLMG1_7_B2,HASP,MCC,LMP_CONG_PRC,LAPLMG1_7_B2,ALL,1,0,3,42
2012-11-20T11:30:00-00:00,2012-11-20T11:45:00-00:00,2012-11-20,04,LAPLMG1_7_B2,LAPLMG1_7_B2,LAPLMG1_7_B2,HASP,MCC,LMP_CONG_PRC,LAPLMG1_7_B2,ALL,1,0,3,42
2012-11-20T12:30:00-00:00,2012-11-20T12:45:00-00:00,2012-11-20,05,LAPLMG1_7_B2,LAPLMG1_7_B2,LAPLMG1_7_B2,HASP,MCC,LMP_CONG_PRC,LAPLMG1_7_B2,ALL,1,0.10658,3,42
2012-11-20T13:30:00-00:00,2012-11-20T13:45:00-00:00,2012-11-20,06,LAPLMG1_7_B2,LAPLMG1_7_B2,LAPLMG1_7_B2,HASP,MCC,LMP_CONG_PRC,LAPLMG1_7_B2,ALL,1,-4.04746,3,42
2012-11-20T14:30:00-00:00,2012-11-20T14:45:00-00:00,2012-11-20,07,LAPLMG1_7_B2,LAPLMG1_7_B2,LAPLMG1_7_B2,HASP,MCC,LMP_CONG_PRC,LAPLMG1_7_B2,ALL,1,-8.66554,3,42
2012-11-20T15:30:00-00:00,2012-11-20T15:45:00-00:00,2012-11-20,08,LAPLMG1_7_B2,LAPLMG1_7_B2,LAPLMG1_7_B2,HASP,MCC,LMP_CONG_PRC,LAPLMG1_7_B2,ALL,1,-4.69459,3,42
2012-11-20T16:30:00-00:00,2012-11-20T16:45:00-00:00,2012-11-20,09,LAPLMG1_7_B2,LAPLMG1_7_B2,LAPLMG1_7_B2,HASP,MCC,LMP_CONG_PRC,LAPLMG1_7_B2,ALL,1,-5.80528,3,42
2012-11-20T17:30:00-00:00,2012-11-20T17:45:00-00:00,2012-11-20,10,LAPLMG1_7_B2,LAPLMG1_7_B2,LAPLMG1_7_B2,HASP,MCC,LMP_CONG_PRC,LAPLMG1_7_B2,ALL,1,0.04728,3,42
2012-11-20T18:30:00-00:00,2012-11-20T18:45:00-00:00,2012-11-20,11,LAPLMG1_7_B2,LAPLMG1_7_B2,LAPLMG1_7_B2,HASP,MCC,LMP_CONG_PRC,LAPLMG1_7_B2,ALL,1,0.00854,3,42
2012-11-20T19:30:00-00:00,2012-11-20T19:45:00-00:00,2012-11-20,12,LAPLMG1_7_B2,LAPLMG1_7_B2,LAPLMG1_7_B2,HASP,MCC,LMP_CONG_PRC,LAPLMG1_7_B2,ALL,1,0,3,42
2012-11-20T20:30:00-00:00,2012-11-20T20:45:00-00:00,2012-11-20,13,LAPLMG1_7_B2,LAPLMG1_7_B2,LAPLMG1_7_B2,HASP,MCC,LMP_CONG_PRC,LAPLMG1_7_B2,ALL,1,0,3,42
2012-11-20T21:30:00-00:00,2012-11-20T21:45:00-00:00,2012-11-20,14,LAPLMG1_7_B2,LAPLMG1_7_B2,LAPLMG1_7_B2,HASP,MCC,LMP_CONG_PRC,LAPLMG1_7_B2,ALL,1,0,3,42
2012-11-20T22:30:00-00:00,2012-11-20T22:45:00-00:00,2012-11-20,15,LAPLMG1_7_B2,LAPLMG1_7_B2,LAPLMG1_7_B2,HASP,MCC,LMP_CONG_PRC,LAPLMG1_7_B2,ALL,1,-0.48984,3,42
2012-11-20T23:30:00-00:00,2012-11-20T23:45:00-00:00,2012-11-20,16,LAPLMG1_7_B2,LAPLMG1_7_B2,LAPLMG1_7_B2,HASP,MCC,LMP_CONG_PRC,LAPLMG1_7_B2,ALL,1,0,3,42
2012-11-20T08:45:00-00:00,2012-11-20T09:00:00-00:00,2012-11-20,01,LAPLMG1_7_B2,LAPLMG1_7_B2,LAPLMG1_7_B2,HASP,MCC,LMP_CONG_PRC,LAPLMG1_7_B2,ALL,1,0.01988,4,42
2012-11-20T09:45:00-00:00,2012-11-20T10:00:00-00:00,2012-11-20,02,LAPLMG1_7_B2,LAPLMG1_7_B2,LAPLMG1_7_B2,HASP,MCC,LMP_CONG_PRC,LAPLMG1_7_B2,ALL,1,-0.03197,4,42
2012-11-20T10:45:00-00:00,2012-11-20T11:00:00-00:00,2012-11-20,03,LAPLMG1_7_B2,LAPLMG1_7_B2,LAPLMG1_7_B2,HASP,MCC,LMP_CONG_PRC,LAPLMG1_7_B2,ALL,1,0,4,42
2012-11-20T11:45:00-00:00,2012-11-20T12:00:00-00:00,2012-11-20,04,LAPLMG1_7_B2,LAPLMG1_7_B2,LAPLMG1_7_B2,HASP,MCC,LMP_CONG_PRC,LAPLMG1_7_B2,ALL,1,0,4,42
2012-11-20T12:45:00-00:00,2012-11-20T13:00:00-00:00,2012-11-20,05,LAPLMG1_7_B2,LAPLMG1_7_B2,LAPLMG1_7_B2,HASP,MCC,LMP_CONG_PRC,LAPLMG1_7_B2,ALL,1,0.12393,4,42
2012-11-20T13:45:00-00:00,2012-11-20T14:00:00-00:00,2012-11-20,06,LAPLMG1_7_B2,LAPLMG1_7_B2,LAPLMG1_7_B2,HASP,MCC,LMP_CONG_PRC,LAPLMG1_7_B2,ALL,1,-12.23124,4,42
2012-11-20T14:45:00-00:00,2012-11-20T15:00:00-00:00,2012-11-20,07,LAPLMG1_7_B2,LAPLMG1_7_B2,LAPLMG1_7_B2,HASP,MCC,LMP_CONG_PRC,LAPLMG1_7_B2,ALL,1,-10.53247,4,42
2012-11-20T15:45:00-00:00,2012-11-20T16:00:00-00:00,2012-11-20,08,LAPLMG1_7_B2,LAPLMG1_7_B2,LAPLMG1_7_B2,HASP,MCC,LMP_CONG_PRC,LAPLMG1_7_B2,ALL,1,-5.28763,4,42
2012-11-20T16:45:00-00:00,2012-11-20T17:00:00-00:00,2012-11-20,09,LAPLMG1_7_B2,LAPLMG1_7_B2,LAPLMG1_7_B2,HASP,MCC,LMP_CONG_PRC,LAPLMG1_7_B2,ALL,1,-5.37162,4,42
2012-11-20T17:45:00-00:00,2012-11-20T18:00:00-00:00,2012-11-20,10,LAPLMG1_7_B2,LAPLMG1_7_B2,LAPLMG1_7_B2,HASP,MCC,LMP_CONG_PRC,LAPLMG1_7_B2,ALL,1,0.09003,4,42
2012-11-20T18:45:00-00:00,2012-11-20T19:00:00-00:00,2012-11-20,11,LAPLMG1_7_B2,LAPLMG1_7_B2,LAPLMG1_7_B2,HASP,MCC,LMP_CONG_PRC,LAPLMG1_7_B2,ALL,1,0.0384,4,42
2012-11-20T19:45:00-00:00,2012-11-20T20:00:00-00:00,2012-11-20,12,LAPLMG1_7_B2,LAPLMG1_7_B2,LAPLMG1_7_B2,HASP,MCC,LMP_CONG_PRC,LAPLMG1_7_B2,ALL,1,0,4,42
2012-11-20T20:45:00-00:00,2012-11-20T21:00:00-00:00,2012-11-20,13,LAPLMG1_7_B2,LAPLMG1_7_B2,LAPLMG1_7_B2,HASP,MCC,LMP_CONG_PRC,LAPLMG1_7_B2,ALL,1,0,4,42
2012-11-20T21:45:00-00:00,2012-11-20T22:00:00-00:00,2012-11-20,14,LAPLMG1_7_B2,LAPLMG1_7_B2,LAPLMG1_7_B2,HASP,MCC,LMP_CONG_PRC,LAPLMG1_7_B2,ALL,1,0,4,42
2012-11-20T22:45:00-00:00,2012-11-20T23:00:00-00:00,2012-11-20,15,LAPLMG1_7_B2,LAPLMG1_7_B2,LAPLMG1_7_B2,HASP,MCC,LMP_CONG_PRC,LAPLMG1_7_B2,ALL,1,-0.47623,4,42
2012-11-20T23:45:00-00:00,2012-11-21T00:00:00-00:00,2012-11-20,16,LAPLMG1_7_B2,LAPLMG1_7_B2,LAPLMG1_7_B2,HASP,MCC,LMP_CONG_PRC,LAPLMG1_7_B2,ALL,1,0,4,42
2012-11-20T08:00:00-00:00,2012-11-20T08:15:00-00:00,2012-11-20,01,LAPLMG1_7_B2,LAPLMG1_7_B2,LAPLMG1_7_B2,HASP,MCE,LMP_ENE_PRC,LAPLMG1_7_B2,ALL,1,42.5486,1,43
2012-11-20T09:00:00-00:00,2012-11-20T09:15:00-00:00,2012-11-20,02,LAPLMG1_7_B2,LAPLMG1_7_B2,LAPLMG1_7_B2,HASP,MCE,LMP_ENE_PRC,LAPLMG1_7_B2,ALL,1,31.72003,1,43
2012-11-20T10:00:00-00:00,2012-11-20T10:15:00-00:00,2012-11-20,03,LAPLMG1_7_B2,LAPLMG1_7_B2,LAPLMG1_7_B2,HASP,MCE,LMP_ENE_PRC,LAPLMG1_7_B2,ALL,1,35.13034,1,43
2012-11-20T11:00:00-00:00,2012-11-20T11:15:00-00:00,2012-11-20,04,LAPLMG1_7_B2,LAPLMG1_7_B2,LAPLMG1_7_B2,HASP,MCE,LMP_ENE_PRC,LAPLMG1_7_B2,ALL,1,31.13561,1,43
2012-11-20T12:00:00-00:00,2012-11-20T12:15:00-00:00,2012-11-20,05,LAPLMG1_7_B2,LAPLMG1_7_B2,LAPLMG1_7_B2,HASP,MCE,LMP_ENE_PRC,LAPLMG1_7_B2,ALL,1,28.93218,1,43
2012-11-20T13:00:00-00:00,2012-11-20T13:15:00-00:00,2012-11-20,06,LAPLMG1_7_B2,LAPLMG1_7_B2,LAPLMG1_7_B2,HASP,MCE,LMP_ENE_PRC,LAPLMG1_7_B2,ALL,1,37.23458,1,43
2012-11-20T14:00:00-00:00,2012-11-20T14:15:00-00:00,2012-11-20,07,LAPLMG1_7_B2,LAPLMG1_7_B2,LAPLMG1_7_B2,HASP,MCE,LMP_ENE_PRC,LAPLMG1_7_B2,ALL,1,45.91237,1,43
2012-11-20T15:00:00-00:00,2012-11-20T15:15:00-00:00,2012-11-20,08,LAPLMG1_7_B2,LAPLMG1_7_B2,LAPLMG1_7_B2,HASP,MCE,LMP_ENE_PRC,LAPLMG1_7_B2,ALL,1,40.51288,1,43
2012-11-20T16:00:00-00:00,2012-11-20T16:15:00-00:00,2012-11-20,09,LAPLMG1_7_B2,LAPLMG1_7_B2,LAPLMG1_7_B2,HASP,MCE,LMP_ENE_PRC,LAPLMG1_7_B2,ALL,1,37.66932,1,43
2012-11-20T17:00:00-00:00,2012-11-20T17:15:00-00:00,2012-11-20,10,LAPLMG1_7_B2,LAPLMG1_7_B2,LAPLMG1_7_B2,HASP,MCE,LMP_ENE_PRC,LAPLMG1_7_B2,ALL,1,35.63085,1,43
2012-11-20T18:00:00-00:00,2012-11-20T18:15:00-00:00,2012-11-20,11,LAPLMG1_7_B2,LAPLMG1_7_B2,LAPLMG1_7_B2,HASP,MCE,LMP_ENE_PRC,LAPLMG1_7_B2,ALL,1,36.73081,1,43
2012-11-20T19:00:00-00:00,2012-11-20T19:15:00-00:00,2012-11-20,12,LAPLMG1_7_B2,LAPLMG1_7_B2,LAPLMG1_7_B2,HASP,MCE,LMP_ENE_PRC,LAPLMG1_7_B2,ALL,1,38.97319,1,43
2012-11-20T20:00:00-00:00,2012-11-20T20:15:00-00:00,2012-11-20,13,LAPLMG1_7_B2,LAPLMG1_7_B2,LAPLMG1_7_B2,HASP,MCE,LMP_ENE_PRC,LAPLMG1_7_B2,ALL,1,40.68165,1,43
2012-11-20T21:00:00-00:00,2012-11-20T21:15:00-00:00,2012-11-20,14,LAPLMG1_7_B2,LAPLMG1_7_B2,LAPLMG1_7_B2,HASP,MCE,LMP_ENE_PRC,LAPLMG1_7_B2,ALL,1,43.85803,1,43
2012-11-20T22:00:00-00:00,2012-11-20T22:15:00-00:00,2012-11-20,15,LAPLMG1_7_B2,LAPLMG1_7_B2,LAPLMG1_7_B2,HASP,MCE,LMP_ENE_PRC,LAPLMG1_7_B2,ALL,1,58.6038,1,43
2012-11-20T23:00:00-00:00,2012-11-20T23:15:00-00:00,2012-11-20,16,LAPLMG1_7_B2,LAPLMG1_7_B2,LAPLMG1_7_B2,HASP,MCE,LMP_ENE_PRC,LAPLMG1_7_B2,ALL,1,43.80019,1,43
2012-11-20T08:15:00-00:00,2012-11-20T08:30:00-00:00,2012-11-20,01,LAPLMG1_7_B2,LAPLMG1_7_B2,LAPLMG1_7_B2,HASP,MCE,LMP_ENE_PRC,LAPLMG1_7_B2,ALL,1,36.91592,2,43
2012-11-20T09:15:00-00:00,2012-11-20T09:30:00-00:00,2012-11-20,02,LAPLMG1_7_B2,LAPLMG1_7_B2,LAPLMG1_7_B2,HASP,MCE,LMP_ENE_PRC,LAPLMG1_7_B2,ALL,1,34.03539,2,43
2012-11-20T10:15:00-00:00,2012-11-20T10:30:00-00:00,2012-11-20,03,LAPLMG1_7_B2,LAPLMG1_7_B2,LAPLMG1_7_B2,HASP,MCE,LMP_ENE_PRC,LAPLMG1_7_B2,ALL,1,31.21677,2,43
2012-11-20T11:15:00-00:00,2012-11-20T11:30:00-00:00,2012-11-20,04,LAPLMG1_7_B2,LAPLMG1_7_B2,LAPLMG1_7_B2,HASP,MCE,LMP_ENE_PRC,LAPLMG1_7_B2,ALL,1,31.13561,2,43
2012-11-20T12:15:00-00:00,2012-11-20T12:30:00-00:00,2012-11-20,05,LAPLMG1_7_B2,LAPLMG1_7_B2,LAPLMG1_7_B2,HASP,MCE,LMP_ENE_PRC,LAPLMG1_7_B2,ALL,1,31.06571,2,43
2012-11-20T13:15:00-00:00,2012-11-20T13:30:00-00:00,2012-11-20,06,LAPLMG1_7_B2,LAPLMG1_7_B2,LAPLMG1_7_B2,HASP,MCE,LMP_ENE_PRC,LAPLMG1_7_B2,ALL,1,38.10122,2,43
2012-11-20T14:15:00-00:00,2012-11-20T14:30:00-00:00,2012-11-20,07,LAPLMG1_7_B2,LAPLMG1_7_B2,LAPLMG1_7_B2,HASP,MCE,LMP_ENE_PRC,LAPLMG1_7_B2,ALL,1,52.08473,2,43
2012-11-20T15:15:00-00:00,2012-11-20T15:30:00-00:00,2012-11-20,08,LAPLMG1_7_B2,LAPLMG1_7_B2,LAPLMG1_7_B2,HASP,MCE,LMP_ENE_PRC,LAPLMG1_7_B2,ALL,1,46.36069,2,43
2012-11-20T16:15:00-00:00,2012-11-20T16:30:00-00:00,2012-11-20,09,LAPLMG1_7_B2,LAPLMG1_7_B2,LAPLMG1_7_B2,HASP,MCE,LMP_ENE_PRC,LAPLMG1_7_B2,ALL,1,33.14738,2,43
2012-11-20T17:15:00-00:00,2012-11-20T17:30:00-00:00,2012-11-20,10,LAPLMG1_7_B2,LAPLMG1_7_B2,LAPLMG1_7_B2,HASP,MCE,LMP_ENE_PRC,LAPLMG1_7_B2,ALL,1,35.67469,2,43
2012-11-20T18:15:00-00:00,2012-11-20T18:30:00-00:00,2012-11-20,11,LAPLMG1_7_B2,LAPLMG1_7_B2,LAPLMG1_7_B2,HASP,MCE,LMP_ENE_PRC,LAPLMG1_7_B2,ALL,1,36.69771,2,43
2012-11-20T19:15:00-00:00,2012-11-20T19:30:00-00:00,2012-11-20,12,LAPLMG1_7_B2,LAPLMG1_7_B2,LAPLMG1_7_B2,HASP,MCE,LMP_ENE_PRC,LAPLMG1_7_B2,ALL,1,39.04623,2,43
2012-11-20T20:15:00-00:00,2012-11-20T20:30:00-00:00,2012-11-20,13,LAPLMG1_7_B2,LAPLMG1_7_B2,LAPLMG1_7_B2,HASP,MCE,LMP_ENE_PRC,LAPLMG1_7_B2,ALL,1,40.64376,2,43
2012-11-20T21:15:00-00:00,2012-11-20T21:30:00-00:00,2012-11-20,14,LAPLMG1_7_B2,LAPLMG1_7_B2,LAPLMG1_7_B2,HASP,MCE,LMP_ENE_PRC,LAPLMG1_7_B2,ALL,1,43.51114,2,43
2012-11-20T22:15:00-00:00,2012-11-20T22:30:00-00:00,2012-11-20,15,LAPLMG1_7_B2,LAPLMG1_7_B2,LAPLMG1_7_B2,HASP,MCE,LMP_ENE_PRC,LAPLMG1_7_B2,ALL,1,47.52871,2,43
2012-11-20T23:15:00-00:00,2012-11-20T23:30:00-00:00,2012-11-20,16,LAPLMG1_7_B2,LAPLMG1_7_B2,LAPLMG1_7_B2,HASP,MCE,LMP_ENE_PRC,LAPLMG1_7_B2,ALL,1,43.97708,2,43
2012-11-20T08:30:00-00:00,2012-11-20T08:45:00-00:00,2012-11-20,01,LAPLMG1_7_B2,LAPLMG1_7_B2,LAPLMG1_7_B2,HASP,MCE,LMP_ENE_PRC,LAPLMG1_7_B2,ALL,1,38.84509,3,43
2012-11-20T09:30:00-00:00,2012-11-20T09:45:00-00:00,2012-11-20,02,LAPLMG1_7_B2,LAPLMG1_7_B2,LAPLMG1_7_B2,HASP,MCE,LMP_ENE_PRC,LAPLMG1_7_B2,ALL,1,30.91651,3,43
2012-11-20T10:30:00-00:00,2012-11-20T10:45:00-00:00,2012-11-20,03,LAPLMG1_7_B2,LAPLMG1_7_B2,LAPLMG1_7_B2,HASP,MCE,LMP_ENE_PRC,LAPLMG1_7_B2,ALL,1,35.17803,3,43
2012-11-20T11:30:00-00:00,2012-11-20T11:45:00-00:00,2012-11-20,04,LAPLMG1_7_B2,LAPLMG1_7_B2,LAPLMG1_7_B2,HASP,MCE,LMP_ENE_PRC,LAPLMG1_7_B2,ALL,1,31.19075,3,43
2012-11-20T12:30:00-00:00,2012-11-20T12:45:00-00:00,2012-11-20,05,LAPLMG1_7_B2,LAPLMG1_7_B2,LAPLMG1_7_B2,HASP,MCE,LMP_ENE_PRC,LAPLMG1_7_B2,ALL,1,36.56299,3,43
2012-11-20T13:30:00-00:00,2012-11-20T13:45:00-00:00,2012-11-20,06,LAPLMG1_7_B2,LAPLMG1_7_B2,LAPLMG1_7_B2,HASP,MCE,LMP_ENE_PRC,LAPLMG1_7_B2,ALL,1,44.83082,3,43
2012-11-20T14:30:00-00:00,2012-11-20T14:45:00-00:00,2012-11-20,07,LAPLMG1_7_B2,LAPLMG1_7_B2,LAPLMG1_7_B2,HASP,MCE,LMP_ENE_PRC,LAPLMG1_7_B2,ALL,1,53.59762,3,43
2012-11-20T15:30:00-00:00,2012-11-20T15:45:00-00:00,2012-11-20,08,LAPLMG1_7_B2,LAPLMG1_7_B2,LAPLMG1_7_B2,HASP,MCE,LMP_ENE_PRC,LAPLMG1_7_B2,ALL,1,45.50258,3,43
2012-11-20T16:30:00-00:00,2012-11-20T16:45:00-00:00,2012-11-20,09,LAPLMG1_7_B2,LAPLMG1_7_B2,LAPLMG1_7_B2,HASP,MCE,LMP_ENE_PRC,LAPLMG1_7_B2,ALL,1,37.06551,3,43
2012-11-20T17:30:00-00:00,2012-11-20T17:45:00-00:00,2012-11-20,10,LAPLMG1_7_B2,LAPLMG1_7_B2,LAPLMG1_7_B2,HASP,MCE,LMP_ENE_PRC,LAPLMG1_7_B2,ALL,1,38.15859,3,43
2012-11-20T18:30:00-00:00,2012-11-20T18:45:00-00:00,2012-11-20,11,LAPLMG1_7_B2,LAPLMG1_7_B2,LAPLMG1_7_B2,HASP,MCE,LMP_ENE_PRC,LAPLMG1_7_B2,ALL,1,37.09051,3,43
2012-11-20T19:30:00-00:00,2012-11-20T19:45:00-00:00,2012-11-20,12,LAPLMG1_7_B2,LAPLMG1_7_B2,LAPLMG1_7_B2,HASP,MCE,LMP_ENE_PRC,LAPLMG1_7_B2,ALL,1,40.17811,3,43
2012-11-20T20:30:00-00:00,2012-11-20T20:45:00-00:00,2012-11-20,13,LAPLMG1_7_B2,LAPLMG1_7_B2,LAPLMG1_7_B2,HASP,MCE,LMP_ENE_PRC,LAPLMG1_7_B2,ALL,1,41.39835,3,43
2012-11-20T21:30:00-00:00,2012-11-20T21:45:00-00:00,2012-11-20,14,LAPLMG1_7_B2,LAPLMG1_7_B2,LAPLMG1_7_B2,HASP,MCE,LMP_ENE_PRC,LAPLMG1_7_B2,ALL,1,43.49124,3,43
2012-11-20T22:30:00-00:00,2012-11-20T22:45:00-00:00,2012-11-20,15,LAPLMG1_7_B2,LAPLMG1_7_B2,LAPLMG1_7_B2,HASP,MCE,LMP_ENE_PRC,LAPLMG1_7_B2,ALL,1,45.2347,3,43
2012-11-20T23:30:00-00:00,2012-11-20T23:45:00-00:00,2012-11-20,16,LAPLMG1_7_B2,LAPLMG1_7_B2,LAPLMG1_7_B2,HASP,MCE,LMP_ENE_PRC,LAPLMG1_7_B2,ALL,1,43.95458,3,43
2012-11-20T08:45:00-00:00,2012-11-20T09:00:00-00:00,2012-11-20,01,LAPLMG1_7_B2,LAPLMG1_7_B2,LAPLMG1_7_B2,HASP,MCE,LMP_ENE_PRC,LAPLMG1_7_B2,ALL,1,36.28721,4,43
2012-11-20T09:45:00-00:00,2012-11-20T10:00:00-00:00,2012-11-20,02,LAPLMG1_7_B2,LAPLMG1_7_B2,LAPLMG1_7_B2,HASP,MCE,LMP_ENE_PRC,LAPLMG1_7_B2,ALL,1,29.23842,4,43
2012-11-20T10:45:00-00:00,2012-11-20T11:00:00-00:00,2012-11-20,03,LAPLMG1_7_B2,LAPLMG1_7_B2,LAPLMG1_7_B2,HASP,MCE,LMP_ENE_PRC,LAPLMG1_7_B2,ALL,1,35.18538,4,43
2012-11-20T11:45:00-00:00,2012-11-20T12:00:00-00:00,2012-11-20,04,LAPLMG1_7_B2,LAPLMG1_7_B2,LAPLMG1_7_B2,HASP,MCE,LMP_ENE_PRC,LAPLMG1_7_B2,ALL,1,36.64264,4,43
2012-11-20T12:45:00-00:00,2012-11-20T13:00:00-00:00,2012-11-20,05,LAPLMG1_7_B2,LAPLMG1_7_B2,LAPLMG1_7_B2,HASP,MCE,LMP_ENE_PRC,LAPLMG1_7_B2,ALL,1,37.579,4,43
2012-11-20T13:45:00-00:00,2012-11-20T14:00:00-00:00,2012-11-20,06,LAPLMG1_7_B2,LAPLMG1_7_B2,LAPLMG1_7_B2,HASP,MCE,LMP_ENE_PRC,LAPLMG1_7_B2,ALL,1,56.35778,4,43
2012-11-20T14:45:00-00:00,2012-11-20T15:00:00-00:00,2012-11-20,07,LAPLMG1_7_B2,LAPLMG1_7_B2,LAPLMG1_7_B2,HASP,MCE,LMP_ENE_PRC,LAPLMG1_7_B2,ALL,1,56.39928,4,43
2012-11-20T15:45:00-00:00,2012-11-20T16:00:00-00:00,2012-11-20,08,LAPLMG1_7_B2,LAPLMG1_7_B2,LAPLMG1_7_B2,HASP,MCE,LMP_ENE_PRC,LAPLMG1_7_B2,ALL,1,46.98849,4,43
2012-11-20T16:45:00-00:00,2012-11-20T17:00:00-00:00,2012-11-20,09,LAPLMG1_7_B2,LAPLMG1_7_B2,LAPLMG1_7_B2,HASP,MCE,LMP_ENE_PRC,LAPLMG1_7_B2,ALL,1,38.28702,4,43
2012-11-20T17:45:00-00:00,2012-11-20T18:00:00-00:00,2012-11-20,10,LAPLMG1_7_B2,LAPLMG1_7_B2,LAPLMG1_7_B2,HASP,MCE,LMP_ENE_PRC,LAPLMG1_7_B2,ALL,1,40.29203,4,43
2012-11-20T18:45:00-00:00,2012-11-20T19:00:00-00:00,2012-11-20,11,LAPLMG1_7_B2,LAPLMG1_7_B2,LAPLMG1_7_B2,HASP,MCE,LMP_ENE_PRC,LAPLMG1_7_B2,ALL,1,38.54301,4,43
2012-11-20T19:45:00-00:00,2012-11-20T20:00:00-00:00,2012-11-20,12,LAPLMG1_7_B2,LAPLMG1_7_B2,LAPLMG1_7_B2,HASP,MCE,LMP_ENE_PRC,LAPLMG1_7_B2,ALL,1,37.34021,4,43
2012-11-20T20:45:00-00:00,2012-11-20T21:00:00-00:00,2012-11-20,13,LAPLMG1_7_B2,LAPLMG1_7_B2,LAPLMG1_7_B2,HASP,MCE,LMP_ENE_PRC,LAPLMG1_7_B2,ALL,1,41.71162,4,43
2012-11-20T21:45:00-00:00,2012-11-20T22:00:00-00:00,2012-11-20,14,LAPLMG1_7_B2,LAPLMG1_7_B2,LAPLMG1_7_B2,HASP,MCE,LMP_ENE_PRC,LAPLMG1_7_B2,ALL,1,44.41128,4,43
2012-11-20T22:45:00-00:00,2012-11-20T23:00:00-00:00,2012-11-20,15,LAPLMG1_7_B2,LAPLMG1_7_B2,LAPLMG1_7_B2,HASP,MCE,LMP_ENE_PRC,LAPLMG1_7_B2,ALL,1,45.06577,4,43
2012-11-20T23:45:00-00:00,2012-11-21T00:00:00-00:00,2012-11-20,16,LAPLMG1_7_B2,LAPLMG1_7_B2,LAPLMG1_7_B2,HASP,MCE,LMP_ENE_PRC,LAPLMG1_7_B2,ALL,1,44.09902,4,43
2012-11-20T08:00:00-00:00,2012-11-20T08:15:00-00:00,2012-11-20,01,LAPLMG1_7_B2,LAPLMG1_7_B2,LAPLMG1_7_B2,HASP,MCL,LMP_LOSS_PRC,LAPLMG1_7_B2,ALL,1,-1.84661,1,44
2012-11-20T09:00:00-00:00,2012-11-20T09:15:00-00:00,2012-11-20,02,LAPLMG1_7_B2,LAPLMG1_7_B2,LAPLMG1_7_B2,HASP,MCL,LMP_LOSS_PRC,LAPLMG1_7_B2,ALL,1,-1.26563,1,44
2012-11-20T10:00:00-00:00,2012-11-20T10:15:00-00:00,2012-11-20,03,LAPLMG1_7_B2,LAPLMG1_7_B2,LAPLMG1_7_B2,HASP,MCL,LMP_LOSS_PRC,LAPLMG1_7_B2,ALL,1,-1.39116,1,44
2012-11-20T11:00:00-00:00,2012-11-20T11:15:00-00:00,2012-11-20,04,LAPLMG1_7_B2,LAPLMG1_7_B2,LAPLMG1_7_B2,HASP,MCL,LMP_LOSS_PRC,LAPLMG1_7_B2,ALL,1,-1.21429,1,44
2012-11-20T12:00:00-00:00,2012-11-20T12:15:00-00:00,2012-11-20,05,LAPLMG1_7_B2,LAPLMG1_7_B2,LAPLMG1_7_B2,HASP,MCL,LMP_LOSS_PRC,LAPLMG1_7_B2,ALL,1,-1.12835,1,44
2012-11-20T13:00:00-00:00,2012-11-20T13:15:00-00:00,2012-11-20,06,LAPLMG1_7_B2,LAPLMG1_7_B2,LAPLMG1_7_B2,HASP,MCL,LMP_LOSS_PRC,LAPLMG1_7_B2,ALL,1,-1.59736,1,44
2012-11-20T14:00:00-00:00,2012-11-20T14:15:00-00:00,2012-11-20,07,LAPLMG1_7_B2,LAPLMG1_7_B2,LAPLMG1_7_B2,HASP,MCL,LMP_LOSS_PRC,LAPLMG1_7_B2,ALL,1,-2.07983,1,44
2012-11-20T15:00:00-00:00,2012-11-20T15:15:00-00:00,2012-11-20,08,LAPLMG1_7_B2,LAPLMG1_7_B2,LAPLMG1_7_B2,HASP,MCL,LMP_LOSS_PRC,LAPLMG1_7_B2,ALL,1,-1.94057,1,44
2012-11-20T16:00:00-00:00,2012-11-20T16:15:00-00:00,2012-11-20,09,LAPLMG1_7_B2,LAPLMG1_7_B2,LAPLMG1_7_B2,HASP,MCL,LMP_LOSS_PRC,LAPLMG1_7_B2,ALL,1,-1.83073,1,44
2012-11-20T17:00:00-00:00,2012-11-20T17:15:00-00:00,2012-11-20,10,LAPLMG1_7_B2,LAPLMG1_7_B2,LAPLMG1_7_B2,HASP,MCL,LMP_LOSS_PRC,LAPLMG1_7_B2,ALL,1,-1.71741,1,44
2012-11-20T18:00:00-00:00,2012-11-20T18:15:00-00:00,2012-11-20,11,LAPLMG1_7_B2,LAPLMG1_7_B2,LAPLMG1_7_B2,HASP,MCL,LMP_LOSS_PRC,LAPLMG1_7_B2,ALL,1,-1.83287,1,44
2012-11-20T19:00:00-00:00,2012-11-20T19:15:00-00:00,2012-11-20,12,LAPLMG1_7_B2,LAPLMG1_7_B2,LAPLMG1_7_B2,HASP,MCL,LMP_LOSS_PRC,LAPLMG1_7_B2,ALL,1,-1.97594,1,44
2012-11-20T20:00:00-00:00,2012-11-20T20:15:00-00:00,2012-11-20,13,LAPLMG1_7_B2,LAPLMG1_7_B2,LAPLMG1_7_B2,HASP,MCL,LMP_LOSS_PRC,LAPLMG1_7_B2,ALL,1,-2.01374,1,44
2012-11-20T21:00:00-00:00,2012-11-20T21:15:00-00:00,2012-11-20,14,LAPLMG1_7_B2,LAPLMG1_7_B2,LAPLMG1_7_B2,HASP,MCL,LMP_LOSS_PRC,LAPLMG1_7_B2,ALL,1,-2.24115,1,44
2012-11-20T22:00:00-00:00,2012-11-20T22:15:00-00:00,2012-11-20,15,LAPLMG1_7_B2,LAPLMG1_7_B2,LAPLMG1_7_B2,HASP,MCL,LMP_LOSS_PRC,LAPLMG1_7_B2,ALL,1,-3.05326,1,44
2012-11-20T23:00:00-00:00,2012-11-20T23:15:00-00:00,2012-11-20,16,LAPLMG1_7_B2,LAPLMG1_7_B2,LAPLMG1_7_B2,HASP,MCL,LMP_LOSS_PRC,LAPLMG1_7_B2,ALL,1,-2.17687,1,44
2012-11-20T08:15:00-00:00,2012-11-20T08:30:00-00:00,2012-11-20,01,LAPLMG1_7_B2,LAPLMG1_7_B2,LAPLMG1_7_B2,HASP,MCL,LMP_LOSS_PRC,LAPLMG1_7_B2,ALL,1,-1.52463,2,44
2012-11-20T09:15:00-00:00,2012-11-20T09:30:00-00:00,2012-11-20,02,LAPLMG1_7_B2,LAPLMG1_7_B2,LAPLMG1_7_B2,HASP,MCL,LMP_LOSS_PRC,LAPLMG1_7_B2,ALL,1,-1.36142,2,44
2012-11-20T10:15:00-00:00,2012-11-20T10:30:00-00:00,2012-11-20,03,LAPLMG1_7_B2,LAPLMG1_7_B2,LAPLMG1_7_B2,HASP,MCL,LMP_LOSS_PRC,LAPLMG1_7_B2,ALL,1,-1.23618,2,44
2012-11-20T11:15:00-00:00,2012-11-20T11:30:00-00:00,2012-11-20,04,LAPLMG1_7_B2,LAPLMG1_7_B2,LAPLMG1_7_B2,HASP,MCL,LMP_LOSS_PRC,LAPLMG1_7_B2,ALL,1,-1.21429,2,44
2012-11-20T12:15:00-00:00,2012-11-20T12:30:00-00:00,2012-11-20,05,LAPLMG1_7_B2,LAPLMG1_7_B2,LAPLMG1_7_B2,HASP,MCL,LMP_LOSS_PRC,LAPLMG1_7_B2,ALL,1,-1.2271,2,44
2012-11-20T13:15:00-00:00,2012-11-20T13:30:00-00:00,2012-11-20,06,LAPLMG1_7_B2,LAPLMG1_7_B2,LAPLMG1_7_B2,HASP,MCL,LMP_LOSS_PRC,LAPLMG1_7_B2,ALL,1,-1.73742,2,44
2012-11-20T14:15:00-00:00,2012-11-20T14:30:00-00:00,2012-11-20,07,LAPLMG1_7_B2,LAPLMG1_7_B2,LAPLMG1_7_B2,HASP,MCL,LMP_LOSS_PRC,LAPLMG1_7_B2,ALL,1,-2.37506,2,44
2012-11-20T15:15:00-00:00,2012-11-20T15:30:00-00:00,2012-11-20,08,LAPLMG1_7_B2,LAPLMG1_7_B2,LAPLMG1_7_B2,HASP,MCL,LMP_LOSS_PRC,LAPLMG1_7_B2,ALL,1,-2.24849,2,44
2012-11-20T16:15:00-00:00,2012-11-20T16:30:00-00:00,2012-11-20,09,LAPLMG1_7_B2,LAPLMG1_7_B2,LAPLMG1_7_B2,HASP,MCL,LMP_LOSS_PRC,LAPLMG1_7_B2,ALL,1,-1.63748,2,44
2012-11-20T17:15:00-00:00,2012-11-20T17:30:00-00:00,2012-11-20,10,LAPLMG1_7_B2,LAPLMG1_7_B2,LAPLMG1_7_B2,HASP,MCL,LMP_LOSS_PRC,LAPLMG1_7_B2,ALL,1,-1.75163,2,44
2012-11-20T18:15:00-00:00,2012-11-20T18:30:00-00:00,2012-11-20,11,LAPLMG1_7_B2,LAPLMG1_7_B2,LAPLMG1_7_B2,HASP,MCL,LMP_LOSS_PRC,LAPLMG1_7_B2,ALL,1,-1.84222,2,44
2012-11-20T19:15:00-00:00,2012-11-20T19:30:00-00:00,2012-11-20,12,LAPLMG1_7_B2,LAPLMG1_7_B2,LAPLMG1_7_B2,HASP,MCL,LMP_LOSS_PRC,LAPLMG1_7_B2,ALL,1,-1.97183,2,44
2012-11-20T20:15:00-00:00,2012-11-20T20:30:00-00:00,2012-11-20,13,LAPLMG1_7_B2,LAPLMG1_7_B2,LAPLMG1_7_B2,HASP,MCL,LMP_LOSS_PRC,LAPLMG1_7_B2,ALL,1,-2.01999,2,44
2012-11-20T21:15:00-00:00,2012-11-20T21:30:00-00:00,2012-11-20,14,LAPLMG1_7_B2,LAPLMG1_7_B2,LAPLMG1_7_B2,HASP,MCL,LMP_LOSS_PRC,LAPLMG1_7_B2,ALL,1,-2.23212,2,44
2012-11-20T22:15:00-00:00,2012-11-20T22:30:00-00:00,2012-11-20,15,LAPLMG1_7_B2,LAPLMG1_7_B2,LAPLMG1_7_B2,HASP,MCL,LMP_LOSS_PRC,LAPLMG1_7_B2,ALL,1,-2.49526,2,44
2012-11-20T23:15:00-00:00,2012-11-20T23:30:00-00:00,2012-11-20,16,LAPLMG1_7_B2,LAPLMG1_7_B2,LAPLMG1_7_B2,HASP,MCL,LMP_LOSS_PRC,LAPLMG1_7_B2,ALL,1,-2.18566,2,44
2012-11-20T08:30:00-00:00,2012-11-20T08:45:00-00:00,2012-11-20,01,LAPLMG1_7_B2,LAPLMG1_7_B2,LAPLMG1_7_B2,HASP,MCL,LMP_LOSS_PRC,LAPLMG1_7_B2,ALL,1,-1.6043,3,44
2012-11-20T09:30:00-00:00,2012-11-20T09:45:00-00:00,2012-11-20,02,LAPLMG1_7_B2,LAPLMG1_7_B2,LAPLMG1_7_B2,HASP,MCL,LMP_LOSS_PRC,LAPLMG1_7_B2,ALL,1,-1.22739,3,44
2012-11-20T10:30:00-00:00,2012-11-20T10:45:00-00:00,2012-11-20,03,LAPLMG1_7_B2,LAPLMG1_7_B2,LAPLMG1_7_B2,HASP,MCL,LMP_LOSS_PRC,LAPLMG1_7_B2,ALL,1,-1.39657,3,44
2012-11-20T11:30:00-00:00,2012-11-20T11:45:00-00:00,2012-11-20,04,LAPLMG1_7_B2,LAPLMG1_7_B2,LAPLMG1_7_B2,HASP,MCL,LMP_LOSS_PRC,LAPLMG1_7_B2,ALL,1,-1.21956,3,44
2012-11-20T12:30:00-00:00,2012-11-20T12:45:00-00:00,2012-11-20,05,LAPLMG1_7_B2,LAPLMG1_7_B2,LAPLMG1_7_B2,HASP,MCL,LMP_LOSS_PRC,LAPLMG1_7_B2,ALL,1,-1.46618,3,44
2012-11-20T13:30:00-00:00,2012-11-20T13:45:00-00:00,2012-11-20,06,LAPLMG1_7_B2,LAPLMG1_7_B2,LAPLMG1_7_B2,HASP,MCL,LMP_LOSS_PRC,LAPLMG1_7_B2,ALL,1,-2.06222,3,44
2012-11-20T14:30:00-00:00,2012-11-20T14:45:00-00:00,2012-11-20,07,LAPLMG1_7_B2,LAPLMG1_7_B2,LAPLMG1_7_B2,HASP,MCL,LMP_LOSS_PRC,LAPLMG1_7_B2,ALL,1,-2.55661,3,44
2012-11-20T15:30:00-00:00,2012-11-20T15:45:00-00:00,2012-11-20,08,LAPLMG1_7_B2,LAPLMG1_7_B2,LAPLMG1_7_B2,HASP,MCL,LMP_LOSS_PRC,LAPLMG1_7_B2,ALL,1,-2.22053,3,44
2012-11-20T16:30:00-00:00,2012-11-20T16:45:00-00:00,2012-11-20,09,LAPLMG1_7_B2,LAPLMG1_7_B2,LAPLMG1_7_B2,HASP,MCL,LMP_LOSS_PRC,LAPLMG1_7_B2,ALL,1,-1.83474,3,44
2012-11-20T17:30:00-00:00,2012-11-20T17:45:00-00:00,2012-11-20,10,LAPLMG1_7_B2,LAPLMG1_7_B2,LAPLMG1_7_B2,HASP,MCL,LMP_LOSS_PRC,LAPLMG1_7_B2,ALL,1,-1.93082,3,44
2012-11-20T18:30:00-00:00,2012-11-20T18:45:00-00:00,2012-11-20,11,LAPLMG1_7_B2,LAPLMG1_7_B2,LAPLMG1_7_B2,HASP,MCL,LMP_LOSS_PRC,LAPLMG1_7_B2,ALL,1,-1.86565,3,44
2012-11-20T19:30:00-00:00,2012-11-20T19:45:00-00:00,2012-11-20,12,LAPLMG1_7_B2,LAPLMG1_7_B2,LAPLMG1_7_B2,HASP,MCL,LMP_LOSS_PRC,LAPLMG1_7_B2,ALL,1,-2.03301,3,44
2012-11-20T20:30:00-00:00,2012-11-20T20:45:00-00:00,2012-11-20,13,LAPLMG1_7_B2,LAPLMG1_7_B2,LAPLMG1_7_B2,HASP,MCL,LMP_LOSS_PRC,LAPLMG1_7_B2,ALL,1,-2.06578,3,44
2012-11-20T21:30:00-00:00,2012-11-20T21:45:00-00:00,2012-11-20,14,LAPLMG1_7_B2,LAPLMG1_7_B2,LAPLMG1_7_B2,HASP,MCL,LMP_LOSS_PRC,LAPLMG1_7_B2,ALL,1,-2.23545,3,44
2012-11-20T22:30:00-00:00,2012-11-20T22:45:00-00:00,2012-11-20,15,LAPLMG1_7_B2,LAPLMG1_7_B2,LAPLMG1_7_B2,HASP,MCL,LMP_LOSS_PRC,LAPLMG1_7_B2,ALL,1,-2.38387,3,44
2012-11-20T23:30:00-00:00,2012-11-20T23:45:00-00:00,2012-11-20,16,LAPLMG1_7_B2,LAPLMG1_7_B2,LAPLMG1_7_B2,HASP,MCL,LMP_LOSS_PRC,LAPLMG1_7_B2,ALL,1,-2.18894,3,44
2012-11-20T08:45:00-00:00,2012-11-20T09:00:00-00:00,2012-11-20,01,LAPLMG1_7_B2,LAPLMG1_7_B2,LAPLMG1_7_B2,HASP,MCL,LMP_LOSS_PRC,LAPLMG1_7_B2,ALL,1,-1.48778,4,44
2012-11-20T09:45:00-00:00,2012-11-20T10:00:00-00:00,2012-11-20,02,LAPLMG1_7_B2,LAPLMG1_7_B2,LAPLMG1_7_B2,HASP,MCL,LMP_LOSS_PRC,LAPLMG1_7_B2,ALL,1,-1.12276,4,44
2012-11-20T10:45:00-00:00,2012-11-20T11:00:00-00:00,2012-11-20,03,LAPLMG1_7_B2,LAPLMG1_7_B2,LAPLMG1_7_B2,HASP,MCL,LMP_LOSS_PRC,LAPLMG1_7_B2,ALL,1,-1.3863,4,44
2012-11-20T11:45:00-00:00,2012-11-20T12:00:00-00:00,2012-11-20,04,LAPLMG1_7_B2,LAPLMG1_7_B2,LAPLMG1_7_B2,HASP,MCL,LMP_LOSS_PRC,LAPLMG1_7_B2,ALL,1,-1.43639,4,44
2012-11-20T12:45:00-00:00,2012-11-20T13:00:00-00:00,2012-11-20,05,LAPLMG1_7_B2,LAPLMG1_7_B2,LAPLMG1_7_B2,HASP,MCL,LMP_LOSS_PRC,LAPLMG1_7_B2,ALL,1,-1.60087,4,44
2012-11-20T13:45:00-00:00,2012-11-20T14:00:00-00:00,2012-11-20,06,LAPLMG1_7_B2,LAPLMG1_7_B2,LAPLMG1_7_B2,HASP,MCL,LMP_LOSS_PRC,LAPLMG1_7_B2,ALL,1,-2.70517,4,44
2012-11-20T14:45:00-00:00,2012-11-20T15:00:00-00:00,2012-11-20,07,LAPLMG1_7_B2,LAPLMG1_7_B2,LAPLMG1_7_B2,HASP,MCL,LMP_LOSS_PRC,LAPLMG1_7_B2,ALL,1,-2.70717,4,44
2012-11-20T15:45:00-00:00,2012-11-20T16:00:00-00:00,2012-11-20,08,LAPLMG1_7_B2,LAPLMG1_7_B2,LAPLMG1_7_B2,HASP,MCL,LMP_LOSS_PRC,LAPLMG1_7_B2,ALL,1,-2.30244,4,44
2012-11-20T16:45:00-00:00,2012-11-20T17:00:00-00:00,2012-11-20,09,LAPLMG1_7_B2,LAPLMG1_7_B2,LAPLMG1_7_B2,HASP,MCL,LMP_LOSS_PRC,LAPLMG1_7_B2,ALL,1,-1.89904,4,44
2012-11-20T17:45:00-00:00,2012-11-20T18:00:00-00:00,2012-11-20,10,LAPLMG1_7_B2,LAPLMG1_7_B2,LAPLMG1_7_B2,HASP,MCL,LMP_LOSS_PRC,LAPLMG1_7_B2,ALL,1,-2.03072,4,44
2012-11-20T18:45:00-00:00,2012-11-20T19:00:00-00:00,2012-11-20,11,LAPLMG1_7_B2,LAPLMG1_7_B2,LAPLMG1_7_B2,HASP,MCL,LMP_LOSS_PRC,LAPLMG1_7_B2,ALL,1,-1.93486,4,44
2012-11-20T19:45:00-00:00,2012-11-20T20:00:00-00:00,2012-11-20,12,LAPLMG1_7_B2,LAPLMG1_7_B2,LAPLMG1_7_B2,HASP,MCL,LMP_LOSS_PRC,LAPLMG1_7_B2,ALL,1,-1.88568,4,44
2012-11-20T20:45:00-00:00,2012-11-20T21:00:00-00:00,2012-11-20,13,LAPLMG1_7_B2,LAPLMG1_7_B2,LAPLMG1_7_B2,HASP,MCL,LMP_LOSS_PRC,LAPLMG1_7_B2,ALL,1,-2.07724,4,44
2012-11-20T21:45:00-00:00,2012-11-20T22:00:00-00:00,2012-11-20,14,LAPLMG1_7_B2,LAPLMG1_7_B2,LAPLMG1_7_B2,HASP,MCL,LMP_LOSS_PRC,LAPLMG1_7_B2,ALL,1,-2.29606,4,44
2012-11-20T22:45:00-00:00,2012-11-20T23:00:00-00:00,2012-11-20,15,LAPLMG1_7_B2,LAPLMG1_7_B2,LAPLMG1_7_B2,HASP,MCL,LMP_LOSS_PRC,LAPLMG1_7_B2,ALL,1,-2.37497,4,44
2012-11-20T23:45:00-00:00,2012-11-21T00:00:00-00:00,2012-11-20,16,LAPLMG1_7_B2,LAPLMG1_7_B2,LAPLMG1_7_B2,HASP,MCL,LMP_LOSS_PRC,LAPLMG1_7_B2,ALL,1,-2.19613,4,44
